label,horizontal,nose_x,nose_y,nose_z,left_shoulder_x,left_shoulder_y,left_shoulder_z,right_shoulder_x,right_shoulder_y,right_shoulder_z,left_hip_x,left_hip_y,left_hip_z,right_hip_x,right_hip_y,right_hip_z,left_knee_x,left_knee_y,left_knee_z,right_knee_x,right_knee_y,right_knee_z,left_ankle_x,left_ankle_y,left_ankle_z,right_ankle_x,right_ankle_y,right_ankle_z
D,False,0.5104663968086243,0.4014035165309906,-0.3310543894767761,0.554767370223999,0.4155702888965606,-0.1141667664051055,0.4463309645652771,0.4146245419979095,-0.1314581632614135,0.5368286967277527,0.500636100769043,-0.0041428753174841,0.4620126783847809,0.4995934069156647,0.0042560021393001,0.5750009417533875,0.5095612406730652,-0.508081316947937,0.4137708842754364,0.5090553164482117,-0.4611105620861053,0.5916674733161926,0.5611842274665833,-0.2564764618873596,0.4021606147289276,0.5585336089134216,-0.2115421146154403
D,False,0.5097058415412903,0.3984056413173675,-0.2258049398660659,0.5577420592308044,0.4162440598011017,0.0080837486311793,0.4472099244594574,0.416298359632492,-0.0147504117339849,0.5350692272186279,0.5020306706428528,0.0065384428016841,0.4640123844146728,0.4993975460529327,-0.0062749446369707,0.5746031403541565,0.5003384351730347,-0.4790376424789428,0.4247018992900848,0.4933008253574371,-0.509279727935791,0.5862953066825867,0.5548326969146729,-0.3179554045200348,0.4031925499439239,0.5509986281394958,-0.3811073899269104
D,False,0.507733941078186,0.3721741735935211,-0.3101482689380646,0.5559170246124268,0.3989537358283996,-0.130892276763916,0.4469393193721771,0.3993372917175293,-0.1467253714799881,0.5395401120185852,0.5006067752838135,0.0003330168547108,0.4615405797958374,0.5005019307136536,-0.0003118872991763,0.5887138843536377,0.5256437063217163,-0.4746071696281433,0.4147512912750244,0.5253812074661255,-0.4385994374752044,0.5903698801994324,0.5745421648025513,-0.1459624916315078,0.4005148708820343,0.5721744298934937,-0.1073746308684349
D,False,0.4978135526180267,0.3904629051685333,-0.2598747014999389,0.5480145812034607,0.4075146019458771,-0.0591553002595901,0.4422842562198639,0.411197692155838,-0.0517562851309776,0.5375878810882568,0.5005081295967102,-0.0051648174412548,0.4635689556598663,0.5007949471473694,0.0053929942660033,0.5746278762817383,0.4993456304073334,-0.523115336894989,0.4207446277141571,0.4956433475017547,-0.4745346009731293,0.5891865491867065,0.5522192716598511,-0.3069521784782409,0.4000313580036163,0.5481961369514465,-0.2808985114097595
D,False,0.5046493411064148,0.3827233016490936,-0.3035116791725158,0.5535529255867004,0.406566172838211,-0.1214381605386734,0.4460813701152801,0.4050879776477813,-0.1240861490368843,0.5385115146636963,0.5016212463378906,-0.0046008471399545,0.4613699913024902,0.4995578825473785,0.0047435560263693,0.5784158706665039,0.5170339941978455,-0.4760278761386871,0.4196784496307373,0.5150092840194702,-0.4260135591030121,0.5894251465797424,0.5661042332649231,-0.1921283453702926,0.4034380912780761,0.5628743171691895,-0.142833411693573
D,False,0.5086928009986877,0.3684557378292084,-0.2536795735359192,0.5588894486427307,0.4021762013435364,-0.0846468061208725,0.4484547972679138,0.3996893167495727,-0.0802577286958694,0.5398060083389282,0.5006961822509766,-0.0003251930465921,0.4590476751327514,0.5006812214851379,0.0004856968007516,0.5878399610519409,0.5244113802909851,-0.509317934513092,0.4079950451850891,0.5189486742019653,-0.5158143639564514,0.5651635527610779,0.5840803980827332,-0.2494247704744339,0.422413557767868,0.5821642875671387,-0.2594347298145294
D,False,0.4957790076732635,0.3885945677757263,-0.2697772681713104,0.545016348361969,0.4105439484119415,-0.0797347202897071,0.4386655688285827,0.4101139605045318,-0.0771173164248466,0.5378602147102356,0.5008448958396912,-0.0071122962981462,0.462979257106781,0.5001353621482849,0.0073153087869286,0.5587071776390076,0.508445143699646,-0.5359421968460083,0.4237681925296783,0.5074874758720398,-0.4491255283355713,0.5522444248199463,0.5620152950286865,-0.2589830160140991,0.4290942847728729,0.5569736361503601,-0.1693811565637588
D,False,0.4985697865486145,0.4078671336174011,-0.2226072698831558,0.552702784538269,0.4273443222045898,-0.0262746959924697,0.4424503445625305,0.4267381429672241,-0.0013414358254522,0.5347287654876709,0.5018780827522278,-0.0204852949827909,0.4661963582038879,0.4994199275970459,0.0207357686012983,0.537839949131012,0.5101648569107056,-0.5009757876396179,0.435125857591629,0.4996801614761352,-0.4435999095439911,0.5558135509490967,0.5621983408927917,-0.4139474034309387,0.4312735795974731,0.5582515001296997,-0.3600686192512512
D,False,0.4967202842235565,0.384825199842453,-0.337228000164032,0.5478217005729675,0.4068023264408111,-0.1402270793914795,0.4388188421726227,0.4057191610336303,-0.124911792576313,0.5382555723190308,0.5013035535812378,-0.0157657302916049,0.4615296423435211,0.4999973773956299,0.0159452781081199,0.5378898978233337,0.5258415341377258,-0.4614904820919037,0.4365115463733673,0.5216578841209412,-0.3876296281814575,0.5498998165130615,0.5789825320243835,-0.1953721791505813,0.42984139919281,0.5741291642189026,-0.1173974350094795
D,False,0.5045830011367798,0.3669294118881225,-0.3237013816833496,0.5566611289978027,0.3935884535312652,-0.1309757530689239,0.4418135285377502,0.3970256447792053,-0.1497858315706253,0.5419202446937561,0.5011540055274963,0.0006527720252051,0.4593351781368255,0.4997187852859497,-0.0005998117267154,0.5823919177055359,0.5358396768569946,-0.5206320881843567,0.4137911796569824,0.5368817448616028,-0.4676173329353332,0.5704383850097656,0.5981606841087341,-0.2497245520353317,0.4292276203632355,0.5946878790855408,-0.1721902787685394
D,False,0.5200138092041016,0.3769008219242096,-0.2308265566825866,0.5644791126251221,0.4060474634170532,-0.0478249229490757,0.4589094817638397,0.4039947092533111,-0.0623394250869751,0.5390074253082275,0.501436710357666,0.000433575885836,0.4613232910633087,0.4985882937908172,-0.0002249607059638,0.5888370871543884,0.5161404013633728,-0.4511753916740417,0.4097515642642975,0.5115218162536621,-0.4746439158916473,0.5613245368003845,0.579795241355896,-0.2732035517692566,0.4187236130237579,0.574212908744812,-0.2710064649581909
D,False,0.4920153021812439,0.3654459416866302,-0.2585898637771606,0.555504560470581,0.3966497182846069,-0.0888263210654258,0.439132958650589,0.3966241776943207,-0.0868949145078659,0.5415358543395996,0.5008462071418762,-0.0012562514748424,0.4570292532444,0.4999840259552002,0.0013722975272685,0.5849073529243469,0.5326135754585266,-0.5127590894699097,0.4110512733459472,0.5314125418663025,-0.4573468565940857,0.5661706924438477,0.5928861498832703,-0.2461535036563873,0.4238478243350982,0.5894191265106201,-0.1647787988185882
D,False,0.4868545830249786,0.3679750561714172,-0.2526646554470062,0.5436529517173767,0.3932802379131317,-0.0804523974657058,0.4321574866771698,0.3994388580322265,-0.0750398635864257,0.5407348275184631,0.4997057616710663,-0.0040766675956547,0.4593265950679779,0.50086510181427,0.0042317896150052,0.5838644504547119,0.5299109220504761,-0.4566583931446075,0.41055628657341,0.5317500233650208,-0.4240319430828094,0.572396993637085,0.5895739793777466,-0.2073045969009399,0.4285519421100616,0.5894002914428711,-0.1548808366060257
D,False,0.4917752742767334,0.3674660325050354,-0.2446147799491882,0.5449150800704956,0.3932843804359436,-0.0829030945897102,0.433239996433258,0.4015586376190185,-0.0702394023537635,0.5404279232025146,0.5002120137214661,-0.0032661622390151,0.4590778946876526,0.5003834962844849,0.0034477494191378,0.5832269787788391,0.524087131023407,-0.5101894736289978,0.4020963311195373,0.5216747522354126,-0.4645620882511139,0.5676853656768799,0.5827402472496033,-0.214308962225914,0.4254390299320221,0.584121584892273,-0.1768986135721206
D,False,0.4970026016235351,0.3761486113071441,-0.2226240336894989,0.5491790771484375,0.3974420130252838,-0.029900811612606,0.4369858205318451,0.4031754434108734,-0.0289318654686212,0.5391650795936584,0.5003355741500854,-0.0040734549984335,0.4621514081954956,0.5009095668792725,0.0043422882445156,0.5855841636657715,0.506399929523468,-0.5198041200637817,0.4029748439788818,0.5076701641082764,-0.4739842712879181,0.5664984583854675,0.5722388625144958,-0.3182365596294403,0.4171323776245117,0.5733027458190918,-0.2675895392894745
D,False,0.506222665309906,0.3724238574504852,-0.3630123734474182,0.5590161681175232,0.3988799452781677,-0.1878590136766433,0.4492694437503814,0.3994681239128113,-0.1496428549289703,0.5383585095405579,0.5017203688621521,-0.0179606396704912,0.4623347520828247,0.4993754625320434,0.0180326979607343,0.5371338725090027,0.5533731579780579,-0.0554947815835475,0.4473108351230621,0.5285218954086304,-0.2539780437946319,0.55225670337677,0.5806874632835388,0.307683378458023,0.4281573295593261,0.5783437490463257,0.008775713853538
D,False,0.5079987645149231,0.3800778687000274,-0.3028666973114013,0.5586792230606079,0.4053515195846557,-0.1024505198001861,0.4502657353878021,0.4035550355911255,-0.0952430069446563,0.5385968685150146,0.5018543004989624,-0.0018808746244758,0.462716281414032,0.4995582103729248,0.0020146600436419,0.5314955115318298,0.5299622416496277,-0.1347076594829559,0.4455512166023254,0.5215191841125488,-0.3757008612155914,0.5524553656578064,0.5681114792823792,0.2537202537059784,0.4283657073974609,0.5677604675292969,-0.107515349984169
D,False,0.505039393901825,0.3725340962409973,-0.316906213760376,0.5605906248092651,0.4049878418445587,-0.1826579123735427,0.452149748802185,0.4004944860935211,-0.1128434836864471,0.5369404554367065,0.5014647841453552,-0.0257159247994422,0.4622661173343658,0.4999050498008728,0.0258612744510173,0.5254129767417908,0.5350793600082397,0.0924023911356926,0.4481503963470459,0.5288428068161011,-0.0515339784324169,0.5577100515365601,0.5705047845840454,0.4655857682228088,0.4285870492458343,0.5692519545555115,0.2455357015132904
D,False,0.5091385841369629,0.3730692863464355,-0.3854054510593414,0.5578332543373108,0.395996481180191,-0.2182424068450927,0.4492485523223877,0.3983941376209259,-0.1719506382942199,0.538536012172699,0.5007907152175903,-0.0303718503564596,0.4616510570049286,0.4995802640914917,0.0303225759416818,0.5418721437454224,0.5580519437789917,-0.0481892675161361,0.4512672126293182,0.5493086576461792,0.1265957802534103,0.5625065565109253,0.5976438522338867,0.2646127045154571,0.4293983280658722,0.5942561626434326,0.4826633334159851
D,False,0.5100082755088806,0.3805217146873474,-0.2290513962507248,0.5609678626060486,0.4043524861335754,-0.0416360460221767,0.4462825059890747,0.4022641181945801,-0.0463092066347599,0.5411183834075928,0.5009317994117737,0.0021254636812955,0.4579810500144958,0.4992601871490478,-0.001829094486311,0.5796570777893066,0.5292110443115234,-0.5059805512428284,0.3998625576496124,0.5234355330467224,-0.492677628993988,0.5428338050842285,0.5945921540260315,-0.2822724878787994,0.433415800333023,0.5927314758300781,-0.2793250679969787
D,False,0.5040333867073059,0.3697996437549591,-0.356387197971344,0.5587698817253113,0.3960647881031036,-0.1664416790008545,0.448792427778244,0.3967070579528808,-0.1038359329104423,0.5388458371162415,0.5022731423377991,-0.0222841072827577,0.4599521160125732,0.4992384016513824,0.0224434863775968,0.5381391644477844,0.5497353672981262,-0.0555157288908958,0.4429830610752105,0.5241332054138184,-0.2810196876525879,0.5492165088653564,0.5740912556648254,0.3846880793571472,0.4205069541931152,0.5720944404602051,-0.0035193876828998
D,False,0.5092111229896545,0.3750475347042084,-0.3544290363788605,0.5557589530944824,0.3974017202854156,-0.1834159344434738,0.4489502310752868,0.4010457396507263,-0.1443216502666473,0.5385435819625854,0.5018821358680725,-0.0328685231506824,0.4619387984275818,0.4992269873619079,0.0329042375087738,0.5421159267425537,0.5563012361526489,-0.0151193523779511,0.4494083225727081,0.5476523041725159,0.1968510597944259,0.5554544925689697,0.6014489531517029,0.1956602483987808,0.4314329922199249,0.6000875234603882,0.4961631894111633
D,False,0.5155445337295532,0.375032901763916,-0.3361670970916748,0.5677555799484253,0.4007895588874817,-0.1548472642898559,0.4545761942863464,0.4008805453777313,-0.1330584436655044,0.5396632552146912,0.5017135739326477,-0.0094485627487301,0.4604114592075348,0.4987865388393402,0.0096403211355209,0.5474193096160889,0.5445919036865234,0.0493185594677925,0.4420069754123688,0.5287889838218689,0.0142139066010713,0.5556233525276184,0.570107102394104,0.3760944902896881,0.4325574934482574,0.5651293992996216,0.2910058796405792
D,False,0.5109867453575134,0.377848744392395,-0.2713850438594818,0.5612160563468933,0.4025002419948578,-0.0961730703711509,0.4452454447746277,0.4029222428798675,-0.0914125517010688,0.5413755178451538,0.5014240741729736,-0.0011128652840852,0.4575826525688171,0.4994081258773803,0.0013268155744299,0.5731455087661743,0.5298234224319458,-0.5296225547790527,0.4023923873901367,0.52435302734375,-0.506817102432251,0.5460007190704346,0.5889092683792114,-0.225625142455101,0.4355986416339874,0.5882040858268738,-0.1939237266778946
D,False,0.5164919495582581,0.3617811799049377,-0.3771694898605346,0.5668788552284241,0.3952006101608276,-0.2091200798749923,0.4566361010074615,0.3906295299530029,-0.1769331693649292,0.5376864671707153,0.5020616054534912,-0.0203289147466421,0.4610683619976043,0.4987637996673584,0.0202960930764675,0.5354194045066833,0.5568512082099915,0.0115734133869409,0.4569517076015472,0.555137574672699,0.2515080869197845,0.554307758808136,0.6031186580657959,0.2479976564645767,0.4330039918422699,0.600429892539978,0.6123220324516296
D,False,0.5061994194984436,0.3593693077564239,-0.3548955619335174,0.5596814751625061,0.391215980052948,-0.1586486995220184,0.4497115314006805,0.3908965587615967,-0.1505336463451385,0.5390518307685852,0.5019059181213379,-0.0055827759206295,0.4613029062747955,0.4994891285896301,0.0056019886396825,0.5462304949760437,0.5405104160308838,-0.1158359348773956,0.4413894712924957,0.5391204357147217,-0.154683843255043,0.5348339676856995,0.5810911059379578,0.31288543343544,0.4601563513278961,0.5791707634925842,0.2626575231552124
D,False,0.5023818612098694,0.3512613177299499,-0.4031067490577698,0.5596684217453003,0.3854393362998962,-0.1968025267124176,0.4453824460506439,0.3843037188053131,-0.1800955384969711,0.540142297744751,0.5012999773025513,-0.0101240612566471,0.4584716856479645,0.4993898868560791,0.0100814094766974,0.5344234108924866,0.5535016655921936,-0.050801582634449,0.4511223137378692,0.5505582094192505,0.1410388648509979,0.5291074514389038,0.6022288799285889,0.3381608426570892,0.4618063271045685,0.599846601486206,0.5760931968688965
D,False,0.5143634080886841,0.356590062379837,-0.337027758359909,0.5586572289466858,0.3861810863018036,-0.1504328250885009,0.4474067687988281,0.3862581849098205,-0.1694128811359405,0.5384803414344788,0.5005862712860107,0.0023917141370475,0.4609520435333252,0.5006634593009949,-0.0023481112439185,0.5375747084617615,0.5463346838951111,0.0475158169865608,0.4507556855678558,0.5467945337295532,0.2150675952434539,0.5326692461967468,0.5869802832603455,0.4189495742321014,0.4646747708320617,0.5903258919715881,0.6446200609207153
D,False,0.5116984844207764,0.3589890897274017,-0.3154758214950561,0.5597029328346252,0.3880208730697632,-0.1393221616744995,0.4503448605537414,0.3861405849456787,-0.134015679359436,0.5396957397460938,0.5021999478340149,-0.0085561275482177,0.460065484046936,0.4984989464282989,0.0085114361718297,0.5384156107902527,0.5426299571990967,0.0560618303716182,0.4417174756526947,0.541289746761322,0.1449676603078842,0.5321472883224487,0.5798978805541992,0.4579372704029083,0.459225058555603,0.5787590146064758,0.5406580567359924
D,False,0.5132867097854614,0.4164116978645324,-0.3307496011257171,0.566883385181427,0.4259847998619079,-0.0837303772568702,0.451478362083435,0.4230408668518066,-0.1035382226109504,0.5330548882484436,0.501422107219696,0.0056437361054122,0.465626448392868,0.4994511604309082,-0.0055446382611989,0.5818373560905457,0.5028960704803467,-0.3419407308101654,0.4207640290260315,0.4875838756561279,-0.3584125936031341,0.5853461623191833,0.5487872958183289,-0.1440934091806411,0.3999808728694916,0.5426413416862488,-0.1696867793798446
D,False,0.5107342004776001,0.4054781496524811,-0.3333674371242523,0.5628118515014648,0.4187488257884979,-0.0741193294525146,0.4472561478614807,0.4195191562175751,-0.0910735726356506,0.5350685119628906,0.5004180669784546,0.0117760328575968,0.4653195440769195,0.5005617141723633,-0.0114889219403266,0.5828373432159424,0.4948832094669342,-0.3540707528591156,0.4243767261505127,0.4883049428462982,-0.4148008525371551,0.5824426412582397,0.5479540228843689,-0.1640483140945434,0.4055022001266479,0.5442127585411072,-0.2656016647815704
D,False,0.509813666343689,0.4050453901290893,-0.2579852044582367,0.561174750328064,0.4166595339775085,-0.0166962686926126,0.4454239010810852,0.4184563159942627,-0.0237943176180124,0.5359398722648621,0.5012111663818359,0.0031196598429232,0.4639859497547149,0.4999483227729797,-0.0027588217053562,0.5846210718154907,0.4966670274734497,-0.4120491147041321,0.4186226725578308,0.4958494901657104,-0.4411040246486664,0.5902082324028015,0.5525988340377808,-0.2392105609178543,0.4041804373264313,0.5490988492965698,-0.2949785590171814
D,False,0.5067760348320007,0.4060917496681213,-0.2204131633043289,0.5562613010406494,0.4207141995429992,0.016650466248393,0.4432536661624908,0.4222891926765442,0.0077678943052887,0.5379727482795715,0.5017694234848022,-0.0021849893964827,0.4626607000827789,0.4983783960342407,0.0025472887791693,0.5718491077423096,0.4900444149971008,-0.4770582318305969,0.4220431745052337,0.485891580581665,-0.4969357252120971,0.5933243036270142,0.5480754971504211,-0.3713642358779907,0.4024150669574737,0.5454971194267273,-0.4098775684833526
D,False,0.4840876460075378,0.396937608718872,-0.2367468774318695,0.5485241413116455,0.413042277097702,-0.05989870429039,0.4386403858661651,0.4145037829875946,-0.0365923978388309,0.5383191704750061,0.5005224347114563,-0.0036586935166269,0.4622899293899536,0.4996046721935272,0.0038538810331374,0.5772049427032471,0.510091245174408,-0.4282708168029785,0.4185775816440582,0.5020670294761658,-0.4472099840641022,0.5895819664001465,0.5561503767967224,-0.1725578606128692,0.4041142761707306,0.5579074621200562,-0.2374798655509948
D,False,0.4861569404602051,0.3967666327953338,-0.234438955783844,0.5451306104660034,0.4125202596187591,-0.011482585221529,0.436514288187027,0.4179844558238983,-0.0056350715458393,0.5357193946838379,0.5008346438407898,0.0007146149873733,0.4638328552246094,0.499582976102829,-0.0003975547733716,0.5702071785926819,0.497915118932724,-0.4509918987751007,0.4238539338111877,0.4923988282680511,-0.4949518144130707,0.5879230499267578,0.5525773763656616,-0.292918711900711,0.4021328687667846,0.5533798933029175,-0.4052915275096893
D,False,0.4898664951324463,0.3724948167800903,-0.2898523807525635,0.550140380859375,0.3988339304924011,-0.1363963335752487,0.4431594014167785,0.3969186246395111,-0.1030792817473411,0.5396487712860107,0.5018002390861511,-0.0061128158122301,0.4609738290309906,0.4987687170505523,0.0062122480012476,0.5870516896247864,0.5286504626274109,-0.4027639031410217,0.4099121987819671,0.5259754657745361,-0.4066799283027649,0.5967866778373718,0.5734959840774536,-0.0670842453837394,0.4044505059719085,0.5767378807067871,-0.0778328627347946
D,False,0.4952383637428283,0.3916241526603699,-0.2022971659898758,0.5529295206069946,0.4114039838314056,-0.0298105031251907,0.4482763111591339,0.4095675051212311,-0.0176220722496509,0.5369910597801208,0.5021436810493469,-0.0031330126803368,0.4617865085601806,0.4981789886951446,0.0032539109233766,0.5768287777900696,0.5006940960884094,-0.488616943359375,0.416999340057373,0.4963871538639068,-0.4694271385669708,0.5942336320877075,0.5519277453422546,-0.2619831264019012,0.4053322970867157,0.5548527240753174,-0.2467072159051895
D,False,0.4912072122097015,0.3839022815227508,-0.2792456746101379,0.5529850721359253,0.4058807790279388,-0.1196058019995689,0.4462012946605682,0.4030587673187256,-0.080631710588932,0.5374950766563416,0.501238226890564,-0.011261292733252,0.4620658159255981,0.4991969168186188,0.0114018218591809,0.5794774889945984,0.5175307989120483,-0.4467870593070984,0.4202176928520202,0.5167316794395447,-0.4113169610500335,0.5937853455543518,0.565321683883667,-0.1746207475662231,0.4046626687049866,0.567420482635498,-0.1446574032306671
D,False,0.4876927435398102,0.3688975274562835,-0.2877255082130432,0.547152578830719,0.3976626694202423,-0.1244765222072601,0.4372910857200622,0.3970749974250793,-0.0999509468674659,0.5402840375900269,0.5005165338516235,-0.0023357751779258,0.460406631231308,0.4998415410518646,0.0023751023691147,0.5877421498298645,0.5194879174232483,-0.5926652550697327,0.4091792106628418,0.5233984589576721,-0.5265693068504333,0.5723935961723328,0.5815736651420593,-0.3357100188732147,0.4335401356220245,0.584455132484436,-0.2405198663473129
D,False,0.4976212680339813,0.3911056816577911,-0.2403893619775772,0.5544340014457703,0.4091062247753143,-0.0701368227601051,0.4482863545417785,0.4093159437179565,-0.0614679455757141,0.5359772443771362,0.5013290047645569,3.2089341402752325e-05,0.463899165391922,0.4989790022373199,0.0001251546054845,0.567927360534668,0.5084534287452698,-0.434149295091629,0.4297311902046203,0.5091939568519592,-0.430677205324173,0.5606390237808228,0.556321382522583,-0.169974610209465,0.4401977062225342,0.5621671080589294,-0.1479745209217071
D,False,0.4947459995746612,0.4156047105789184,-0.4561456441879272,0.5498096346855164,0.4298174977302551,-0.2203054726123809,0.4442160129547119,0.4313127398490906,-0.2125651687383651,0.5351597666740417,0.5001683831214905,0.0006385595188476,0.4655970335006714,0.5006235837936401,-0.0003924246993847,0.5602666735649109,0.508310079574585,-0.4948334395885467,0.4420560002326965,0.5122882127761841,-0.4604790210723877,0.559488832950592,0.560766339302063,-0.2812762558460235,0.4434967935085296,0.5648801922798157,-0.2516047358512878
D,False,0.4959816634654999,0.3863671422004699,-0.3270667493343353,0.5522961020469666,0.4080107808113098,-0.1426761299371719,0.4437195360660553,0.406697154045105,-0.1218085512518882,0.5375833511352539,0.5015163421630859,-0.0049739880487322,0.4614427387714386,0.4996538162231445,0.0050669447518885,0.5575670003890991,0.5293774604797363,-0.3456628024578094,0.4501823782920837,0.52691650390625,-0.2997022271156311,0.5616279244422913,0.5762448310852051,-0.0237326212227344,0.438429594039917,0.580788254737854,0.0145119093358516
D,False,0.4945524632930755,0.3683317303657532,-0.317043274641037,0.5528243780136108,0.397387146949768,-0.1364844292402267,0.4388909339904785,0.3944378197193146,-0.1178477779030799,0.5422880053520203,0.5014677047729492,-0.0025603524409234,0.4589176774024963,0.499894380569458,0.0025824145413935,0.5819950103759766,0.5346364974975586,-0.5239856243133545,0.4127751886844635,0.5367298722267151,-0.4663971066474914,0.5650760531425476,0.594527006149292,-0.2405100911855697,0.4221225678920746,0.6003134250640869,-0.1691290140151977
D,False,0.4772085845470428,0.3783801198005676,-0.2368281632661819,0.5360934734344482,0.4057450294494629,-0.089621752500534,0.4324201345443725,0.4051820337772369,-0.0583954937756061,0.539675772190094,0.4999307692050934,-0.0067502949386835,0.4612941443920135,0.5017167925834656,0.0069392202422022,0.5885924696922302,0.5144466161727905,-0.4988317787647247,0.4084922671318054,0.5175760388374329,-0.4504727721214294,0.5774106979370117,0.5760115385055542,-0.2849060297012329,0.4372933804988861,0.5811505913734436,-0.2156222015619278
D,False,0.4990533590316772,0.3673750758171081,-0.2782533764839172,0.5510478615760803,0.3982377350330353,-0.1032220721244812,0.4419609904289245,0.3958618342876434,-0.1033483669161796,0.5407633781433105,0.5019190907478333,-0.0013919159537181,0.4592207074165344,0.4993703961372375,0.0014712566044181,0.5824660062789917,0.535124659538269,-0.503963053226471,0.4071968793869018,0.5337454080581665,-0.4761645495891571,0.5656052231788635,0.5916807651519775,-0.2168275564908981,0.4264929294586181,0.5931428074836731,-0.1616942733526229
D,False,0.5116433501243591,0.3662714958190918,-0.2424321621656417,0.5636992454528809,0.3977036476135254,-0.0614755004644393,0.450242131948471,0.3924981355667114,-0.0680330768227577,0.5403890609741211,0.5010693073272705,0.0006158530013635,0.4583317637443542,0.4989910125732422,-0.0005054681096225,0.5894579887390137,0.528081476688385,-0.5087115168571472,0.4116138517856598,0.5286725759506226,-0.4595630764961242,0.56541508436203,0.5886582732200623,-0.251590758562088,0.4206238985061645,0.5882240533828735,-0.179787278175354
D,False,0.5063117146492004,0.3683708906173706,-0.2646763026714325,0.5608223676681519,0.3988197147846222,-0.0830265805125236,0.4494150280952453,0.393755555152893,-0.0840507298707962,0.540279746055603,0.5015127658843994,0.0009794688085094,0.4609127342700958,0.4989942908287048,-0.0008417185163125,0.5965442061424255,0.522293746471405,-0.4887775480747223,0.4110423922538757,0.52289879322052,-0.4749435186386108,0.571147084236145,0.5837523937225342,-0.1952937096357345,0.4272345900535583,0.5827000737190247,-0.1668998152017593
D,False,0.502347469329834,0.3773334324359894,-0.2331736236810684,0.560571014881134,0.4007100760936737,-0.0457159914076328,0.4453379809856415,0.3995086848735809,-0.0350716598331928,0.5373691916465759,0.5009333491325378,0.0012969195377081,0.4613440632820129,0.4996868669986725,-0.0011414142791181,0.5975348949432373,0.5070589780807495,-0.4812662899494171,0.4120074510574341,0.5040230751037598,-0.4865913987159729,0.5771228075027466,0.5728631019592285,-0.2611467242240906,0.4298769831657409,0.5709157586097717,-0.2540527582168579
D,False,0.4911790192127228,0.3706956505775451,-0.3677517473697662,0.5480143427848816,0.3990097641944885,-0.1928940564393997,0.4385216832160949,0.397986501455307,-0.1711816787719726,0.539803147315979,0.5004405975341797,-0.0013394394190981,0.4613321721553802,0.5002695322036743,0.0013733471278101,0.5580703616142273,0.5478474497795105,0.014404023066163,0.4621898531913757,0.531562089920044,-0.1465696692466735,0.5652318596839905,0.5797852277755737,0.3516896665096283,0.4459239840507507,0.5800507664680481,0.1045652478933334
D,False,0.4877117574214935,0.3786516487598419,-0.2779318690299988,0.5462902784347534,0.4014395773410797,-0.0748285725712776,0.4376395642757416,0.4020982980728149,-0.0707203522324562,0.5386961102485657,0.5009018182754517,0.0022409758530557,0.4626777768135071,0.5006207823753357,-0.00208928482607,0.543852686882019,0.5260306596755981,-0.1534295380115509,0.4590833187103271,0.5171151757240295,-0.4244085550308227,0.5636383295059204,0.5646718144416809,0.2070250064134597,0.4356228411197662,0.5694233179092407,-0.2204229235649109
D,False,0.4877296984195709,0.3744111657142639,-0.2862558662891388,0.5386118292808533,0.4020905494689941,-0.1367842406034469,0.4334717094898224,0.4045788645744324,-0.1189452186226844,0.5384340286254883,0.4999182224273681,-0.0025501744821667,0.460519939661026,0.5007283091545105,0.0027397924568504,0.5431113839149475,0.5348101258277893,0.0627616420388221,0.4505519866943359,0.5252801179885864,-0.2311158627271652,0.5637317895889282,0.5680325031280518,0.392443299293518,0.4422468841075897,0.5693479180335999,-0.0355712994933128
D,False,0.488349050283432,0.3783529996871948,-0.386032223701477,0.545810878276825,0.4011299312114715,-0.2143722176551818,0.4392107427120209,0.4016319811344147,-0.1706255376338958,0.5384345650672913,0.5006029009819031,-0.019954489544034,0.4616406261920929,0.500035285949707,0.0200103521347045,0.543083906173706,0.5456194877624512,-0.0234824642539024,0.4644971787929535,0.5484358072280884,0.0529100783169269,0.5651918053627014,0.5964647531509399,0.2186742424964904,0.4369287192821502,0.6002053618431091,0.3145063519477844
D,False,0.4859064221382141,0.3799195289611816,-0.2360369265079498,0.5464678406715393,0.4018678665161133,-0.0449828915297985,0.4345050752162933,0.4037586450576782,-0.0461661927402019,0.5413386225700378,0.4991067051887512,0.0031439554877579,0.4588145017623901,0.501133918762207,-0.0028745846357196,0.5967622399330139,0.5241056084632874,-0.5002150535583496,0.4204415082931518,0.5307480096817017,-0.496943324804306,0.5627508759498596,0.5924517512321472,-0.3313638567924499,0.4528615772724151,0.5957100987434387,-0.3256195187568664
D,False,0.4891782402992248,0.3707546293735504,-0.3098224699497223,0.5426397919654846,0.3985191881656647,-0.1268817782402038,0.436228483915329,0.3980964124202728,-0.132921889424324,0.53814697265625,0.5000669956207275,-0.0034792097285389,0.4613378942012787,0.5004851222038269,0.0036226010415703,0.5487632155418396,0.5350630283355713,0.0470111779868602,0.4633701145648956,0.5328881144523621,-0.1173644363880157,0.57364422082901,0.5730097889900208,0.3968562483787536,0.4487535655498504,0.5730681419372559,0.1242306157946586
D,False,0.488842099905014,0.370478093624115,-0.3507685363292694,0.5469164848327637,0.3986478149890899,-0.1993745863437652,0.4377218186855316,0.3964244127273559,-0.1634033024311065,0.5377768874168396,0.5004740357398987,-0.0172801278531551,0.4616564214229584,0.5000745058059692,0.0172657538205385,0.5453692078590393,0.5464351773262024,0.0166243985295295,0.4634641706943512,0.5520240664482117,0.1830396056175232,0.5646462440490723,0.598132848739624,0.2132681459188461,0.4387064576148987,0.601935088634491,0.4652132987976074
D,False,0.4839057028293609,0.3778839707374573,-0.3392800688743591,0.5408532619476318,0.4017927646636963,-0.2009772360324859,0.4331659972667694,0.4017281234264374,-0.1341751664876938,0.5381637811660767,0.5002999901771545,-0.0296054109930992,0.4619437456130981,0.5011735558509827,0.0296594128012657,0.5412175059318542,0.5404976010322571,0.0960507169365882,0.4532233774662018,0.5324411392211914,0.014263273216784,0.5722366571426392,0.5711362361907959,0.4224157631397247,0.4413517713546753,0.5744386315345764,0.3041621148586273
D,False,0.4841079115867615,0.3802720904350281,-0.2470788806676864,0.5460807681083679,0.4025319218635559,-0.0697435215115547,0.4332431554794311,0.4015840590000152,-0.058448389172554,0.539920449256897,0.4993883967399597,0.00544053921476,0.4586209952831268,0.5008990168571472,-0.0052661970257759,0.5905983448028564,0.5241659283638,-0.4909099340438843,0.421063095331192,0.530193567276001,-0.4957150220870971,0.5596274137496948,0.5894957184791565,-0.2373616248369217,0.449070394039154,0.5918334722518921,-0.2292728275060653
D,False,0.483704924583435,0.3628510534763336,-0.350136935710907,0.5425206422805786,0.3916379809379577,-0.2095336616039276,0.434102714061737,0.3945012390613556,-0.1517407149076461,0.5395803451538086,0.4993907809257507,-0.0246261898428201,0.4618538618087768,0.5006610751152039,0.0246354416012763,0.5434356927871704,0.5540714859962463,0.1344605684280395,0.4632042348384857,0.5584907531738281,0.223754808306694,0.5653430223464966,0.6022205352783203,0.3708265721797943,0.4453483521938324,0.606327474117279,0.5439689755439758
D,False,0.4909242391586303,0.3557621538639068,-0.3262529075145721,0.545794665813446,0.3905728161334991,-0.141170859336853,0.4353660047054291,0.3870853185653686,-0.1364117115736007,0.5414884090423584,0.5008833408355713,-0.0032506755087524,0.4586424827575683,0.4995019733905792,0.0032123022247105,0.5533347725868225,0.5360584855079651,-0.2662677764892578,0.4488830864429474,0.5342587828636169,-0.4283701479434967,0.5399495363235474,0.5757490992546082,0.2248689383268356,0.4650371968746185,0.5779750347137451,0.0131532670930027
D,False,0.499012142419815,0.3554209172725677,-0.3745678067207336,0.5535566210746765,0.3901703655719757,-0.1721885800361633,0.4418398737907409,0.3872552812099457,-0.1796347349882125,0.5403033494949341,0.5013094544410706,0.0074593075551092,0.4592996835708618,0.4997276663780212,-0.0075027388520538,0.5456922054290771,0.5545444488525391,0.0010230239713564,0.4651504456996918,0.5531558394432068,0.0589266903698444,0.5362896919250488,0.607232391834259,0.3538167178630829,0.4663342237472534,0.6071520447731018,0.4289364516735077
D,False,0.4917668998241424,0.3579786717891693,-0.297151505947113,0.5457121729850769,0.3907836973667145,-0.1280719637870788,0.4379260540008545,0.3889228403568268,-0.1361330300569534,0.5387564301490784,0.50081866979599,0.0035248096100986,0.4600348174571991,0.5001969337463379,-0.0035656632389873,0.5462852716445923,0.5493602156639099,0.0509436018764972,0.4554163515567779,0.547548234462738,-0.0083745224401354,0.5378403067588806,0.5885000228881836,0.425540417432785,0.466949999332428,0.59071284532547,0.3238467872142792
D,False,0.4877987205982208,0.3616162538528442,-0.3222768902778625,0.5457319617271423,0.3911965489387512,-0.1398501098155975,0.4373015463352203,0.3891845047473907,-0.1322256326675415,0.538759708404541,0.5004596710205078,-0.001516175805591,0.4598746299743652,0.4998190701007843,0.0015338313532993,0.5557882785797119,0.5406886339187622,-0.0370359383523464,0.4477666616439819,0.5379376411437988,-0.1441548764705658,0.5415416359901428,0.5811083316802979,0.3746973574161529,0.4670142233371734,0.5833518505096436,0.2173463106155395
D,False,0.487701416015625,0.420728325843811,-0.6349397301673889,0.5490328073501587,0.4258796572685241,-0.327574610710144,0.4325903058052063,0.4312961101531982,-0.3202760815620422,0.5333899259567261,0.5004252791404724,0.0025189882144331,0.4675487577915191,0.5004308819770813,-0.002212468534708,0.576326310634613,0.4942729473114013,-0.4808121621608734,0.4218017160892486,0.4965364933013916,-0.4448155760765075,0.5975178480148315,0.5451328158378601,-0.1804502755403518,0.4146117269992828,0.5541700720787048,-0.1620638966560363
D,False,0.4836952686309814,0.4061310589313507,-0.2830504775047302,0.5448846817016602,0.4170725047588348,-0.0206475220620632,0.428705096244812,0.4216762483119964,-0.0226153507828712,0.5336585640907288,0.5004305839538574,0.0096352668479084,0.4667162597179413,0.5010272860527039,-0.0093112830072641,0.5674711465835571,0.4873603284358978,-0.4627785384654999,0.4145430028438568,0.4886328279972076,-0.4430895149707794,0.5927098393440247,0.546963095664978,-0.3151026368141174,0.4078399837017059,0.5479556918144226,-0.30585977435112
D,False,0.4903803169727325,0.4039475917816162,-0.2194737643003463,0.5503298044204712,0.4149665832519531,0.0096208024770021,0.4372974336147308,0.416836678981781,0.0068706758320331,0.5345439910888672,0.5017184019088745,0.0023203548043966,0.4666377902030945,0.4998694658279419,-0.0019230510806664,0.5790061354637146,0.4949283599853515,-0.4321551322937011,0.4190548360347748,0.4872609376907348,-0.450923353433609,0.5913463234901428,0.5492671132087708,-0.2781783044338226,0.4079180061817169,0.5491109490394592,-0.3450158238410949
D,False,0.4966208934783935,0.4107702374458313,-0.1739250272512436,0.5534485578536987,0.4214878678321838,0.0569982975721359,0.4454440474510193,0.4238788485527038,0.0394355654716491,0.5349608063697815,0.5018910765647888,0.0069662886671721,0.4662559032440185,0.4989336133003235,-0.0066192103549838,0.5833725929260254,0.4935125708580017,-0.4037647843360901,0.4274199604988098,0.4861466288566589,-0.4533730149269104,0.5977632999420166,0.5531827211380005,-0.3417186439037323,0.409274160861969,0.5496314764022827,-0.395126461982727
D,False,0.509322464466095,0.3543064594268799,-0.6329403519630432,0.5870306491851807,0.3661907911300659,-0.3319251537322998,0.425443172454834,0.3680295646190643,-0.3377027213573456,0.5520662069320679,0.500554621219635,-0.0016380345914512,0.4494112730026245,0.4999347627162933,0.0016171389725059,0.5898826122283936,0.5675109028816223,-0.0619461573660373,0.4192479252815246,0.5682694315910339,-0.071750096976757,0.6038780808448792,0.6193550229072571,0.491450160741806,0.4118456542491913,0.6190071702003479,0.4852635264396667
D,False,0.5017156600952148,0.3319812417030334,-0.3526825606822967,0.5838290452957153,0.351945698261261,-0.1293402016162872,0.4209102690219879,0.3492400646209717,-0.1069268807768821,0.5548691153526306,0.5017445683479309,-0.00798877235502,0.4451801478862762,0.4998577237129211,0.0080037573352456,0.6006130576133728,0.594366192817688,-0.0318488217890262,0.4000623822212219,0.5892798900604248,0.0718724727630615,0.5957798957824707,0.6259676218032837,0.5259137749671936,0.4043906927108764,0.629175066947937,0.6348052024841309
D,False,0.4945698976516723,0.3428965210914612,-0.4381679892539978,0.5794054269790649,0.3592872321605682,-0.1857801377773285,0.4177077114582062,0.3611832857131958,-0.1676675975322723,0.5528807640075684,0.4993392825126648,-0.0072047458961606,0.4462010860443115,0.5016079545021057,0.0071202949620783,0.6016802191734314,0.582928478717804,-0.0873068273067474,0.3856778442859649,0.5984447598457336,-0.1110427603125572,0.6130963563919067,0.6154407262802124,0.5281406044960022,0.4143401086330414,0.6066120862960815,0.603314995765686
D,False,0.4931287467479706,0.3410923182964325,-0.3722159564495086,0.568211555480957,0.3665359020233154,-0.1718690991401672,0.4286766350269317,0.3619334399700165,-0.1494626551866531,0.55370032787323,0.4995645880699157,-0.0016823265468701,0.4477007091045379,0.5010212063789368,0.0014956262893974,0.607240617275238,0.5825155377388,-0.0629817321896553,0.3999350965023041,0.5933802127838135,-0.0920153185725212,0.6107061505317688,0.6000882983207703,0.5145717859268188,0.4008476436138153,0.6016490459442139,0.5399786829948425
D,False,0.5011174082756042,0.3120128214359283,-0.4127486050128937,0.580411434173584,0.355728805065155,-0.2040974199771881,0.437475174665451,0.3495111465454101,-0.1728957295417785,0.554012656211853,0.5015825629234314,-0.0015311503084376,0.4471267759799957,0.4999133944511413,0.0013517461484298,0.6278582811355591,0.5915901064872742,-0.0596254430711269,0.3873574435710907,0.5959380269050598,-0.0612918213009834,0.6205194592475891,0.6032492518424988,0.5771628022193909,0.4201130867004394,0.5964429378509521,0.6506189703941345
D,False,0.4847647249698639,0.3763936758041382,-0.6192141175270081,0.573749840259552,0.389648288488388,-0.3163005411624908,0.4212329387664795,0.3854870200157165,-0.2513650059700012,0.5501710176467896,0.4996485412120819,-0.007498949766159,0.4512137770652771,0.5010096430778503,0.0074767004698514,0.6415808796882629,0.5489159822463989,-0.5763120055198669,0.3691515028476715,0.546205461025238,-0.5456188321113586,0.585726797580719,0.6201195120811462,-0.2041782885789871,0.4135200381278991,0.6210208535194397,-0.1755893230438232
D,False,0.5050087571144104,0.3460681140422821,-0.5267879962921143,0.5781480669975281,0.3643047511577606,-0.2711857557296753,0.4267670810222626,0.3638097643852234,-0.2654685378074646,0.5522681474685669,0.5013439655303955,0.0041878186166286,0.4476777017116546,0.4999977052211761,-0.004386908840388,0.6205412149429321,0.585372269153595,-0.0262794755399227,0.4017413556575775,0.5929162502288818,-0.1354193538427353,0.6146928668022156,0.6029243469238281,0.5719730854034424,0.3999712169170379,0.5948804020881653,0.4430617392063141
D,False,0.4946838915348053,0.4081343114376068,-0.903074026107788,0.5787987112998962,0.4062841534614563,-0.4896233975887298,0.4239561557769775,0.4039420187473297,-0.4733769595623016,0.5482854843139648,0.5004743337631226,-0.0004438410396687,0.4515876471996307,0.5002440810203552,0.0003927293873857,0.6323512196540833,0.5491153597831726,-0.5329481363296509,0.3815803229808807,0.5498607158660889,-0.6094751358032227,0.5976454019546509,0.6287213563919067,-0.2743093967437744,0.416005402803421,0.6312457323074341,-0.3413128852844238
D,False,0.519896924495697,0.3689746260643005,-0.6623703837394714,0.587864100933075,0.3746457695960998,-0.4196119606494903,0.4426833689212799,0.3713616132736206,-0.400193452835083,0.5521669983863831,0.502346396446228,-0.0056511741131544,0.4479079842567444,0.4981468021869659,0.0053940340876579,0.6192258596420288,0.5687046051025391,-0.1315465569496154,0.3702243566513061,0.5678911805152893,-0.2823742628097534,0.6099061965942383,0.5827815532684326,0.4542089700698852,0.4054157137870788,0.5800709128379822,0.3101673424243927
D,False,0.497365266084671,0.3475997745990753,-0.3575722575187683,0.5677807927131653,0.3606274425983429,-0.164416030049324,0.4284735321998596,0.3644492030143738,-0.1455890983343124,0.5496456027030945,0.5002104640007019,-0.0004549688310362,0.4490104615688324,0.5012462735176086,0.0003636245382949,0.6132311820983887,0.5810034871101379,-0.071369744837284,0.4000905752182007,0.5841197967529297,-0.1239472702145576,0.5912188291549683,0.6068932414054871,0.4612457156181335,0.4019117057323456,0.6124274730682373,0.3991513252258301
D,False,0.4987789690494537,0.3381261825561523,-0.396813690662384,0.5733405947685242,0.3592618703842163,-0.1887212693691253,0.4200204908847809,0.3597399890422821,-0.1756648570299148,0.5526790618896484,0.500666081905365,-0.0055502224713563,0.4473426938056946,0.4996273815631866,0.0055462522432208,0.627970278263092,0.5714380145072937,-0.0230063013732433,0.3838052749633789,0.573738157749176,-0.2296175509691238,0.6020941138267517,0.5852905511856079,0.5858680605888367,0.4127835035324096,0.5831101536750793,0.3386485576629638
D,False,0.5180805325508118,0.3419414758682251,-0.3858100473880768,0.5761507153511047,0.3587132394313812,-0.1847878992557525,0.430007666349411,0.3575017750263214,-0.1824162900447845,0.552172064781189,0.5015810132026672,0.0009897908894345,0.4483010768890381,0.4988622963428497,-0.0010787966893985,0.6388142108917236,0.5764238238334656,-0.0439436696469783,0.4031295478343963,0.5740673542022705,-0.2260614484548568,0.6210607290267944,0.5842183828353882,0.5762985348701477,0.4165773689746856,0.5839753746986389,0.3066860437393188
D,False,0.5031955242156982,0.4266510307788849,-0.9756069779396056,0.5757479667663574,0.4109625220298767,-0.5322597026824951,0.4144736528396606,0.4116891920566559,-0.5559824705123901,0.5451334118843079,0.4997706115245819,0.0025828827638179,0.4539996087551117,0.500624418258667,-0.002511034021154,0.6138880848884583,0.5255614519119263,-0.5585748553276062,0.3826916217803955,0.5344347357749939,-0.5785056352615356,0.5775425434112549,0.6041924357414246,-0.2564852833747864,0.419025182723999,0.6088413596153259,-0.2737061977386474
D,False,0.5066177248954773,0.4042440354824066,-1.1844122409820557,0.5745548009872437,0.4016962647438049,-0.7180443406105042,0.4198989272117615,0.3951840698719024,-0.7270961403846741,0.5463329553604126,0.5012503266334534,0.0063587646000087,0.4530138075351715,0.5002219080924988,-0.0066785630770027,0.6315813064575195,0.547156572341919,-0.5994393825531006,0.3819152414798736,0.5508994460105896,-0.5966708660125732,0.5870168805122375,0.6149559617042542,-0.1249627992510795,0.4250214397907257,0.6208871006965637,-0.1586643308401107
D,False,0.4861572980880737,0.3537618517875671,-0.6307575702667236,0.5713918209075928,0.3661109209060669,-0.3521059453487396,0.4113491475582123,0.367255687713623,-0.3190600872039795,0.5534344911575317,0.500482439994812,-0.00816669780761,0.4472387433052063,0.5001799464225769,0.0080524496734142,0.5802784562110901,0.5673075914382935,-0.1006041020154953,0.412750244140625,0.5784471035003662,-0.0824828371405601,0.5872937440872192,0.615021824836731,0.4543730020523071,0.3929232954978943,0.6227582097053528,0.4558971226215362
D,False,0.4956021606922149,0.3358513116836548,-0.3418249189853668,0.5784858465194702,0.3545936346054077,-0.105583481490612,0.4129213392734527,0.3574748933315277,-0.094137854874134,0.5556889772415161,0.5013734102249146,-0.008089480921626,0.4448884129524231,0.4999918937683105,0.008124565705657,0.5984203815460205,0.5923604369163513,-0.0655867904424667,0.3953667879104614,0.593805730342865,-0.0320355258882045,0.5949105620384216,0.6320479512214661,0.5107920169830322,0.3967845439910888,0.631421685218811,0.5982877612113953
D,False,0.4996128678321838,0.3338088393211365,-0.3447041511535644,0.581523060798645,0.3573404848575592,-0.1417287290096283,0.4213649928569793,0.3560774028301239,-0.1282223910093307,0.5537752509117126,0.5007721781730652,-0.0006816845852881,0.4468023478984833,0.4993685781955719,0.0005964482552371,0.6137169003486633,0.5925769805908203,-0.0642994493246078,0.3844077885150909,0.5957133769989014,-0.0401804782450199,0.5917147397994995,0.6034306883811951,0.5440467000007629,0.3921292722225189,0.6053887605667114,0.5938082337379456
D,False,0.506007730960846,0.3366201817989349,-0.3273703455924988,0.5803951025009155,0.3607063889503479,-0.1410773694515228,0.4395909309387207,0.3547759354114532,-0.1246211305260658,0.5533773303031921,0.5018966197967529,-0.0013281488791108,0.4469411671161651,0.4994688034057617,0.0012252917513251,0.5967180728912354,0.5858286023139954,-0.0554122924804687,0.3859862387180328,0.5898810029029846,-0.0830141827464103,0.597658634185791,0.5862452387809753,0.5458898544311523,0.4029687941074371,0.5767146348953247,0.5741528272628784
D,False,0.4962502121925354,0.3100045621395111,-0.3930878043174743,0.5676573514938354,0.3553609251976013,-0.1882680803537368,0.4263185262680053,0.3515244126319885,-0.1872698664665222,0.5547041893005371,0.4998752474784851,0.0042452435009181,0.4452846348285675,0.5003458261489868,-0.0043377340771257,0.6182541847229004,0.5899785757064819,-0.1487621217966079,0.3696094155311584,0.5962679386138916,-0.1445500254631042,0.5871374607086182,0.5896990299224854,0.4315654933452606,0.4056599736213684,0.5795103907585144,0.5040522813796997
D,False,0.5109928250312805,0.3758939504623413,-0.3577150404453277,0.5821616053581238,0.3906181454658508,-0.0823773667216301,0.4312963187694549,0.3888721764087677,-0.1017772853374481,0.5505906939506531,0.5017746090888977,0.0026284921914339,0.4503587484359741,0.4994999468326568,-0.002362793078646,0.6348506212234497,0.5481305122375488,-0.5544491410255432,0.3615240454673767,0.5453680753707886,-0.5856979489326477,0.5881463289260864,0.6219961047172546,-0.2297368645668029,0.4157713651657104,0.6213765144348145,-0.2337318956851959
D,False,0.488501638174057,0.3338420391082763,-0.2993403673171997,0.5744849443435669,0.3537256121635437,-0.1219052374362945,0.4268866777420044,0.3511459231376648,-0.0736413821578025,0.5536909699440002,0.5017677545547485,-0.009404799900949,0.4457599520683288,0.4985913038253784,0.0093249231576919,0.6006441116333008,0.5936975479125977,-0.105720430612564,0.3713701665401459,0.5886998772621155,-0.1695484668016433,0.5988010764122009,0.5811797976493835,0.4881764650344848,0.3899765908718109,0.5757719278335571,0.4457626640796661
D,False,0.5014837980270386,0.4100553095340729,-0.6786476969718933,0.5814206600189209,0.4080773591995239,-0.2992544174194336,0.4268209636211395,0.4050488770008087,-0.3083673417568207,0.5458143949508667,0.5012232065200806,-0.0011745990486815,0.4527285695075989,0.5003616809844971,0.0013684798032045,0.6206842660903931,0.5512816309928894,-0.5492039322853088,0.3757854402065277,0.5426878929138184,-0.6240711808204651,0.5877997875213623,0.6314471960067749,-0.3082360625267029,0.4073402285575866,0.6259932518005371,-0.3620576560497284
D,False,0.4763372838497162,0.3647334575653076,-0.6056879162788391,0.5630624890327454,0.3715574145317077,-0.3810247480869293,0.4211504459381103,0.3682474195957184,-0.3210565447807312,0.550670325756073,0.5005170106887817,-0.0104374568909406,0.4482910633087158,0.5009139776229858,0.0101361628621816,0.6327915191650391,0.5678219795227051,-0.1120854392647743,0.3737480640411377,0.5732709169387817,-0.2215334326028823,0.5970861911773682,0.582987904548645,0.4934499859809875,0.399930328130722,0.5726249814033508,0.408354640007019
D,False,0.4951581060886383,0.3467956483364105,-0.3394689559936523,0.5682060718536377,0.3681702613830566,-0.1554974168539047,0.4311703443527221,0.3645960986614227,-0.1055182144045829,0.5508347749710083,0.5018393397331238,-0.0131232822313904,0.4479546546936035,0.4993972182273865,0.013024621643126,0.595234215259552,0.5821878910064697,-0.0806489735841751,0.3858471810817718,0.5800817608833313,-0.1294846683740615,0.5916168093681335,0.6121172308921814,0.4337200820446014,0.4057774245738983,0.6060540676116943,0.4401105940341949
D,False,0.4926561713218689,0.3388797044754028,-0.3227876126766205,0.577269434928894,0.3595704734325409,-0.133524090051651,0.4315849840641022,0.3602052927017212,-0.0924469828605651,0.5530511736869812,0.5015010237693787,-0.0114005524665117,0.4471741318702698,0.4987348020076751,0.0112845785915851,0.6115127801895142,0.57479327917099,-0.0625579953193664,0.3615838289260864,0.5748534798622131,-0.2381221503019333,0.5924543142318726,0.5896470546722412,0.5029666423797607,0.3985235095024109,0.5772221684455872,0.316934734582901
D,False,0.4817824363708496,0.3404983580112457,-0.291361927986145,0.5786047577857971,0.360197365283966,-0.1320709139108657,0.4321790337562561,0.3579280078411102,-0.0616851858794689,0.5535830855369568,0.5021665692329407,-0.0131464777514338,0.4472046792507171,0.4991922676563263,0.0130947632715106,0.5999202132225037,0.5924631953239441,-0.173238605260849,0.3574431836605072,0.5797578692436218,-0.2449702769517898,0.5963431000709534,0.5770811438560486,0.3973272442817688,0.4016594290733337,0.5624481439590454,0.3384147882461548
D,False,0.4975383579730987,0.4256599843502044,-0.8452962040901184,0.5866125226020813,0.4091214537620544,-0.4536649584770202,0.4247022271156311,0.4067441821098327,-0.4573533236980438,0.5460402369499207,0.4999396502971649,0.0046187108382582,0.455043226480484,0.5004345774650574,-0.0044967085123062,0.6148959398269653,0.5331079363822937,-0.5769086480140686,0.3783542215824127,0.5283404588699341,-0.591590166091919,0.5835938453674316,0.6108694076538086,-0.3502096533775329,0.4248037040233612,0.6050835847854614,-0.3537359237670898
D,False,0.4886775314807892,0.4075634777545929,-1.0656306743621826,0.5785702466964722,0.398671418428421,-0.6288517117500305,0.424129456281662,0.4028897285461426,-0.6019312143325806,0.5452741384506226,0.5000019073486328,-0.0011635775445029,0.4542101621627807,0.5005905628204346,0.0010764702456071,0.6153103709220886,0.548237144947052,-0.557742178440094,0.3720557987689972,0.546050488948822,-0.5586954355239868,0.57152259349823,0.6233540177345276,-0.2140271514654159,0.411148339509964,0.6180271506309509,-0.2162698209285736
D,False,0.4814563691616058,0.3657743334770202,-0.7441752552986145,0.5584123134613037,0.3893196284770965,-0.4483373165130615,0.4201937317848205,0.3947790563106537,-0.4048195481300354,0.5428679585456848,0.4993370473384857,-0.0092353401705622,0.4576008319854736,0.5012603998184204,0.0091237919405102,0.5393339395523071,0.5665008425712585,-0.0022981839720159,0.4635858535766601,0.5630874633789062,-0.0120501881465315,0.531152069568634,0.6066967248916626,0.5550581812858582,0.4800506830215454,0.6091746687889099,0.4965798258781433
D,False,0.4982405304908752,0.3726570606231689,-0.7675263285636902,0.5664840936660767,0.388696014881134,-0.4654858708381653,0.4362308979034424,0.3886895179748535,-0.4486737847328186,0.546636700630188,0.5015043616294861,-0.0091755427420139,0.4531686902046203,0.4992662072181701,0.0089756781235337,0.5806024670600891,0.5542504787445068,-0.1171562671661377,0.4316064715385437,0.5513671040534973,-0.2429477423429489,0.6230476498603821,0.5889503359794617,0.3912872672080993,0.4018730223178863,0.5812844634056091,0.2456855326890945
D,False,0.4991620481014251,0.3709296584129333,-0.742531955242157,0.5739952921867371,0.3923773169517517,-0.3914875388145447,0.4346679449081421,0.3937808871269226,-0.4095332026481628,0.543586790561676,0.4993224143981933,0.0123439040035009,0.4576582610607147,0.5009164810180664,-0.0124188978224992,0.5927033424377441,0.5586864948272705,-0.1081478297710418,0.4636269509792328,0.5674784183502197,-0.2417934089899063,0.6293625831604004,0.6061937212944031,0.3661375045776367,0.4014725387096405,0.6084884405136108,0.2172004729509353
D,False,0.50473952293396,0.3650034070014953,-0.427825391292572,0.5661495923995972,0.3818951845169067,-0.2183616310358047,0.4384623765945434,0.3832419514656067,-0.190804585814476,0.5446929931640625,0.5022156238555908,-0.0202855970710515,0.4548878669738769,0.4980445206165313,0.0202622395008802,0.552858829498291,0.575073778629303,-0.016981802880764,0.4112615585327148,0.5673932433128357,0.1198461204767227,0.6099838018417358,0.6096352338790894,0.3938849866390228,0.3746443092823028,0.6038780212402344,0.5811343193054199
D,False,0.4964621663093567,0.3626209199428558,-0.5993647575378418,0.5555086731910706,0.3781729936599731,-0.3598730564117431,0.4314213693141937,0.3835057020187378,-0.3025415241718292,0.5438406467437744,0.5005247592926025,-0.0107765104621648,0.4558822214603424,0.4998412132263183,0.0106213139370083,0.5397486090660095,0.5640258193016052,-0.1201054006814956,0.450710266828537,0.5538714528083801,-0.1624379605054855,0.5248391032218933,0.6126914620399475,0.3780385851860046,0.4765088558197021,0.6154531240463257,0.2980483174324035
D,False,0.5066245198249817,0.4033012092113495,-0.9855761528015136,0.5692246556282043,0.4116528928279876,-0.5862273573875427,0.4358132779598236,0.4111495912075043,-0.5930234789848328,0.540898859500885,0.5010532736778259,0.0026608721818774,0.4587907493114471,0.4993952214717865,-0.0026260865852236,0.5542463660240173,0.5510669946670532,-0.5842671990394592,0.4376274049282074,0.5440139174461365,-0.6206636428833008,0.5183994770050049,0.5957980751991272,-0.0859347805380821,0.4640918374061584,0.5939515829086304,-0.1108893081545829
D,False,0.491713285446167,0.3411594033241272,-0.0509892217814922,0.5609415173530579,0.3626163601875305,0.1495961844921112,0.4318383336067199,0.3636207580566406,0.2224595844745636,0.549712598323822,0.501591145992279,-0.0143360430374741,0.4514666199684143,0.4999509751796722,0.014563076198101,0.6611505746841431,0.5681440234184265,-0.1999837756156921,0.3357032537460327,0.5662158131599426,-0.2102470397949218,0.5371702909469604,0.6001867651939392,0.3139695525169372,0.4550292193889618,0.6004046201705933,0.2187463194131851
D,False,0.4930059611797333,0.3525561094284057,-0.0578207671642303,0.560463547706604,0.3728580772876739,0.1504850536584854,0.4214451313018799,0.3757704794406891,0.1507625579833984,0.5491601824760437,0.5010821223258972,-0.0050237718969583,0.4519610702991485,0.499821126461029,0.0051587559282779,0.6668090224266052,0.5469677448272705,-0.2971409857273102,0.3289005756378174,0.5453618168830872,-0.2347018718719482,0.5407394170761108,0.5737289786338806,0.1180764511227607,0.4516993463039398,0.5708149671554565,0.1091386452317237
D,False,0.5078898072242737,0.3381556272506714,-0.0896289572119712,0.5703729391098022,0.3635304570198059,0.146578848361969,0.4310995638370514,0.3669872581958771,0.1566603481769561,0.5508401989936829,0.5010454058647156,-0.003412124235183,0.448826402425766,0.4998913407325744,0.0034853147808462,0.6855244040489197,0.5601902604103088,-0.2140340209007263,0.3103516101837158,0.5664966702461243,-0.2369230985641479,0.5423071384429932,0.5849093198776245,0.2699708044528961,0.4601964652538299,0.5835741758346558,0.1223249286413192
D,False,0.4853273630142212,0.3868370354175567,-0.8827665448188782,0.5569268465042114,0.3988818228244781,-0.5431766510009766,0.4215915203094482,0.4015048444271087,-0.5139225125312805,0.5409969091415405,0.4999915659427643,-0.006484389770776,0.4581027626991272,0.501176118850708,0.0063009466975927,0.5391829609870911,0.5550740957260132,-0.1772013902664184,0.4430485367774963,0.553896963596344,-0.2209944725036621,0.5258582234382629,0.5934286713600159,0.421319842338562,0.4710021615028381,0.5932528972625732,0.3364878892898559
D,False,0.5109137296676636,0.3693746030330658,-0.6631555557250977,0.5756084322929382,0.3979911804199219,-0.3568289279937744,0.431712806224823,0.3922342360019684,-0.350603848695755,0.5434978008270264,0.501313328742981,-0.002681003184989,0.4551301002502441,0.4998089373111725,0.0027452274225652,0.5405596494674683,0.563819408416748,-0.0799696817994117,0.4563458859920501,0.5649287104606628,0.0556441992521286,0.5149267911911011,0.6137583255767822,0.4239228963851928,0.4655257165431976,0.6120080351829529,0.5359014272689819
D,False,0.4903708100318908,0.3768249154090881,-0.8528585433959961,0.5631123185157776,0.3943045139312744,-0.5554878115653992,0.4313439130783081,0.390969455242157,-0.5103906989097595,0.5452587604522705,0.5029926896095276,-0.0313636995851993,0.4551559686660766,0.4980549812316894,0.031287133693695,0.5601103901863098,0.5536122918128967,-0.1973347812891006,0.4019068479537964,0.5375567078590393,-0.2844095230102539,0.5963971614837646,0.5880246162414551,0.2779808640480041,0.3749404847621918,0.5946369767189026,0.0945032685995101
D,False,0.4936754703521728,0.3675675094127655,-0.6996573209762573,0.5629521608352661,0.3933748602867126,-0.4008687436580658,0.4205264449119568,0.390864610671997,-0.3786309957504272,0.5440149307250977,0.5024484992027283,-0.0210958123207092,0.4572846889495849,0.498420238494873,0.021060761064291,0.5321966409683228,0.5761823654174805,-0.1598596274852752,0.4012021720409393,0.5606420040130615,-0.2162187993526458,0.5944240093231201,0.6072929501533508,0.3249920308589935,0.3667687773704529,0.6054384708404541,0.2669928967952728
D,False,0.4845564365386963,0.3640822470188141,-0.4186480045318603,0.5558133721351624,0.383921205997467,-0.1996103674173355,0.4280266165733337,0.3857159912586212,-0.2005475759506225,0.546045184135437,0.5000961422920227,-0.0043070265091955,0.4542773067951202,0.5003489255905151,0.0043572438880801,0.5777851939201355,0.5690031051635742,-0.0669384971261024,0.4363202154636383,0.5692697167396545,0.1319266408681869,0.6184598207473755,0.6016502380371094,0.3019992411136627,0.3883253633975982,0.6051491498947144,0.6075350046157837
D,False,0.4955984055995941,0.3656846582889557,-0.6147521138191223,0.5669375061988831,0.3844998478889465,-0.3709388673305511,0.4389988481998443,0.383879005908966,-0.3324992656707763,0.5433873534202576,0.5011121034622192,-0.0072930231690406,0.4556938111782074,0.5005091428756714,0.0071469503454864,0.5318551659584045,0.5690367817878723,0.0077190231531858,0.4514302015304565,0.564675509929657,0.1088415533304214,0.5139713883399963,0.6184396743774414,0.4856940507888794,0.4687370657920837,0.6199836730957031,0.5624621510505676
D,False,0.4859844148159027,0.4059458076953888,-0.9281343817710876,0.5568103194236755,0.4165767729282379,-0.5727991461753845,0.4257496297359466,0.4164651930332184,-0.5558160543441772,0.5413137674331665,0.500048816204071,-0.0059185242280364,0.4590305387973785,0.5008398294448853,0.005882307421416,0.5494502186775208,0.5518273711204529,-0.4504546523094177,0.4387884140014648,0.553115963935852,-0.4960225522518158,0.5294034481048584,0.5988118052482605,0.0400758869946002,0.4732972383499145,0.5984286069869995,0.0288477446883916
D,False,0.5078791975975037,0.3421739041805267,-0.0623648166656494,0.5713233947753906,0.367950439453125,0.1686279326677322,0.4438683092594147,0.3620683252811432,0.1869461089372635,0.5482261776924133,0.5020148754119873,-0.003720368957147,0.4516453742980957,0.499337762594223,0.0039157168939709,0.6618022322654724,0.5678111910820007,-0.2108835130929947,0.3371483087539673,0.5665635466575623,-0.2462791204452514,0.5414980053901672,0.6020166873931885,0.2286411374807357,0.4619530439376831,0.6020231246948242,0.1832741796970367
D,False,0.4992512166500091,0.3537411391735077,-0.0463205985724926,0.5750568509101868,0.3781287670135498,0.1443794965744018,0.4379175901412964,0.3721026182174682,0.1718155294656753,0.5471279621124268,0.5026891827583313,-0.0085657378658652,0.4542978405952453,0.4985727667808532,0.0086149228736758,0.6674767732620239,0.5496293902397156,-0.2710557579994201,0.3262996077537536,0.5471398234367371,-0.2536070346832275,0.5413367748260498,0.5739645957946777,0.1413398385047912,0.4585208892822265,0.570302426815033,0.0515211261808872
D,False,0.4903497993946075,0.3394371569156647,-0.1207194030284881,0.569239616394043,0.3684881627559662,0.1487974673509597,0.4277525842189789,0.3650238513946533,0.1612818092107772,0.5496253967285156,0.5019136071205139,-0.006982616148889,0.4516545832157135,0.4987106323242187,0.007097341120243,0.6813248991966248,0.5663155913352966,-0.1933839321136474,0.3104074597358703,0.5581517219543457,-0.2228958755731582,0.5449729561805725,0.5847359299659729,0.2671467065811157,0.4500460624694824,0.5824863314628601,0.1522331237792968
D,False,0.5038528442382812,0.3910762965679168,-0.8495790958404541,0.5694798827171326,0.4065692722797394,-0.5235288143157959,0.4365787804126739,0.4035088121891022,-0.5116392970085144,0.5413525104522705,0.501332700252533,0.0013971581356599,0.4589153826236725,0.500245213508606,-0.0015562401385977,0.5427473783493042,0.5620461702346802,-0.1345008462667465,0.4527702033519745,0.5552379488945007,-0.159601405262947,0.5210407972335815,0.5969813466072083,0.4502885341644287,0.4656438529491424,0.5982154607772827,0.385182648897171
D,False,0.4963859319686889,0.3521105945110321,-0.1907919496297836,0.5664246678352356,0.3727375864982605,0.0007212359341792,0.4323440194129944,0.3780995309352875,0.0180394425988197,0.5493358969688416,0.5004592537879944,-0.0030170779209583,0.4519248008728027,0.5004149675369263,0.0029869228601455,0.6454928517341614,0.556408166885376,-0.3059543073177337,0.3441168665885925,0.5586685538291931,-0.3167391419410705,0.5874530076980591,0.6088584065437317,0.1386607885360717,0.4176878333091736,0.6068215370178223,0.0945356339216232
D,False,0.4893957376480102,0.3670287132263183,-0.1800562739372253,0.5610101819038391,0.3840903639793396,0.0205624047666788,0.424885094165802,0.3897026777267456,0.0312370527535676,0.5451526045799255,0.4995931386947632,-0.0020046168938279,0.453468918800354,0.5015897154808044,0.0020679831504821,0.63560551404953,0.5456331968307495,-0.323223739862442,0.3463695049285888,0.5464438796043396,-0.3100237250328064,0.5853861570358276,0.5927989482879639,0.1105247810482978,0.4206831753253937,0.594484269618988,0.0681395754218101
D,False,0.4917086064815521,0.3871411383152008,-0.7454339265823364,0.561378002166748,0.3989656269550323,-0.4058964848518371,0.4275468289852142,0.4036818444728851,-0.4051552414894104,0.5412936210632324,0.5002222061157227,0.0036182471085339,0.4592351615428924,0.5006399750709534,-0.0036456948146224,0.604259729385376,0.5250076055526733,-0.562265932559967,0.3929290175437927,0.5293297171592712,-0.575980544090271,0.5838803648948669,0.570521354675293,-0.0768941268324852,0.4298464655876159,0.5673206448554993,-0.0295900162309408
D,False,0.4806265532970428,0.3946069777011871,-1.011911392211914,0.5623869895935059,0.4045643508434295,-0.6030353903770447,0.4221042990684509,0.4041771590709686,-0.5582532286643982,0.542585015296936,0.4995684325695038,-0.0096125826239585,0.4576382935047149,0.5016137957572937,0.0095633175224065,0.5830286145210266,0.5390740633010864,-0.4596584439277649,0.4277536273002624,0.5448369383811951,-0.503599226474762,0.5877063274383545,0.5721161365509033,0.0529711619019508,0.4286263883113861,0.5758979320526123,0.0682524368166923
D,False,0.4978477656841278,0.351031094789505,-0.1981681734323501,0.5682469606399536,0.379437506198883,-0.0096491361036896,0.4299936890602112,0.3741994798183441,0.0002227014047093,0.5481783151626587,0.5011599659919739,0.0028727545868605,0.4510044753551483,0.5000928044319153,-0.0029238557908684,0.6583958268165588,0.5573596358299255,-0.2954673767089844,0.3561419546604156,0.5591612458229065,-0.3344828486442566,0.5822014212608337,0.6072773933410645,0.1615184992551803,0.4106787443161011,0.6100265383720398,0.1261610686779022
D,False,0.5022746920585632,0.3676056861877441,-0.112026460468769,0.5701264142990112,0.3885380029678345,0.0772577226161956,0.4351786673069,0.3869061470031738,0.0905703082680702,0.546379804611206,0.5018733143806458,0.0015974105335772,0.4545454382896423,0.4984296560287475,-0.0015759111847728,0.6464231014251709,0.5468031167984009,-0.2874969244003296,0.362437903881073,0.5454843044281006,-0.3112237453460693,0.5764696002006531,0.5935506224632263,0.1122409030795097,0.4110774099826813,0.5913088917732239,0.1120787635445594
D,False,0.5004915595054626,0.3868211209774017,-0.5225139260292053,0.5697972774505615,0.4020880758762359,-0.279706209897995,0.4329484105110168,0.3987604677677154,-0.2734853625297546,0.540698230266571,0.5018486380577087,-0.0018998521845787,0.4601172208786011,0.4982589781284332,0.0018433198565617,0.6014246940612793,0.5271908044815063,-0.4505259096622467,0.3929080069065094,0.5294052958488464,-0.4118078649044037,0.5754565596580505,0.5683343410491943,-0.0240360591560602,0.4168188869953155,0.5676286220550537,0.0888789743185043
D,False,0.5048224329948425,0.3963178098201751,-0.9516757726669312,0.5704783201217651,0.4065154492855072,-0.5696334838867188,0.432134598493576,0.403835266828537,-0.5609312057495117,0.5427172183990479,0.5014028549194336,-0.0058253132738173,0.4575051367282867,0.4992056787014007,0.0059597403742372,0.556704580783844,0.5432457327842712,-0.2487100958824157,0.409769594669342,0.5347564816474915,-0.3696752488613128,0.5605261921882629,0.5744945406913757,0.2181375622749328,0.4014546871185303,0.5766921043395996,0.0154600217938423
D,False,0.3110196590423584,0.4160223305225372,-0.4549444913864136,0.4165336191654205,0.4364633858203888,-0.5541661977767944,0.3536382615566253,0.4225158393383026,-0.1618110239505767,0.537516176700592,0.5046458840370178,-0.1088903844356536,0.4632259309291839,0.4964050948619842,0.1085678413510322,0.4320229589939117,0.5016674995422363,-0.6477595567703247,0.3205311298370361,0.4824530184268951,-0.1206134706735611,0.4784902036190033,0.591133713722229,-0.3549806177616119,0.3833743631839752,0.5653085112571716,0.0680370777845382
D,False,0.3816361725330353,0.3495659232139587,-0.3886554539203644,0.5003470182418823,0.3754757642745971,-0.5723457932472229,0.4018954336643219,0.3738054931163788,-0.0441164299845695,0.537871778011322,0.5061143040657043,-0.1676781773567199,0.4629911780357361,0.4944430291652679,0.1675421595573425,0.3941304683685303,0.5572938323020935,-0.4747681021690368,0.3178478181362152,0.5419666767120361,0.1285558938980102,0.5469008088111877,0.5903463959693909,-0.0365049429237842,0.4509734511375427,0.5599949955940247,0.5508587956428528
D,False,0.3854095041751861,0.3470433056354522,-0.4027777314186096,0.4989393353462219,0.3689045310020447,-0.6093020439147949,0.4061637818813324,0.3664641678333282,-0.0456442348659038,0.5360198020935059,0.5062838196754456,-0.1802194714546203,0.4645413756370544,0.4939964711666107,0.180123969912529,0.3847226500511169,0.554472029209137,-0.4819166362285614,0.3175719082355499,0.5375465154647827,0.1400245130062103,0.5408622622489929,0.5895496606826782,0.0008243315969593,0.4527152180671692,0.5572895407676697,0.6109622120857239
D,False,0.2766312658786773,0.3898555338382721,-0.4308745563030243,0.3785765171051025,0.4100832045078277,-0.6437837481498718,0.3229138255119324,0.403285413980484,-0.0862599164247512,0.5338249206542969,0.5061811804771423,-0.1740510165691375,0.4667969942092895,0.4952306151390075,0.1739474833011627,0.4192020297050476,0.5459848046302795,-0.6736668348312378,0.3132941126823425,0.5137078166007996,0.0590832307934761,0.4617506861686706,0.6248568296432495,-0.2710322439670563,0.3696602582931518,0.5999906063079834,0.360264390707016
D,False,0.2982387542724609,0.3998836576938629,-0.478372573852539,0.3997748494148254,0.4090635180473327,-0.6324196457862854,0.3335654437541961,0.405287504196167,-0.1600160002708435,0.5367233157157898,0.5054540634155273,-0.1402517706155777,0.4643250703811645,0.4953363239765167,0.1398954391479492,0.4055905342102051,0.5000947117805481,-0.7342063188552856,0.3061961233615875,0.4873754680156708,0.0031593216117471,0.4536574482917785,0.5980439782142639,-0.4204844236373901,0.3783953785896301,0.5662114024162292,0.275124043226242
D,False,0.2928273677825928,0.4034309983253479,-0.538869321346283,0.3953152298927307,0.4178518652915954,-0.6856595277786255,0.3221519589424133,0.4062685072422027,-0.2012769430875778,0.5353229641914368,0.5061360597610474,-0.1448049396276474,0.4633218646049499,0.4943777322769165,0.1445326656103134,0.4011393785476684,0.5141113996505737,-0.7831600904464722,0.2989702224731445,0.4932979941368103,-0.0177451465278863,0.4593157172203064,0.5979506969451904,-0.4417582750320434,0.3729108572006225,0.576350212097168,0.2721017003059387
D,False,0.2968041896820068,0.3831740617752075,-0.453264981508255,0.3951469659805298,0.3964664340019226,-0.6646636128425598,0.3361310362815857,0.3972398340702057,-0.1018834114074707,0.5370368957519531,0.5056695342063904,-0.1807158440351486,0.4637832045555115,0.4944891035556793,0.1806195676326751,0.4327806234359741,0.5553349256515503,-0.7180497050285339,0.3114069700241089,0.5240848660469055,0.0128672085702419,0.4869569540023803,0.6266094446182251,-0.3419189453125,0.3913540244102478,0.6003760099411011,0.2971318662166595
D,False,0.2865910232067108,0.3918425440788269,-0.4414056241512298,0.3931379914283752,0.3982554376125335,-0.6271717548370361,0.3250467479228973,0.4044021368026733,-0.1432539224624633,0.5377616286277771,0.5048100352287292,-0.1532633751630783,0.4607728123664856,0.4962043762207031,0.1531693637371063,0.4376222491264343,0.5666671991348267,-0.5689035654067993,0.31159508228302,0.5325517654418945,-0.0301213096827268,0.4669148325920105,0.6476789116859436,-0.2638387978076935,0.3707236647605896,0.6165918707847595,0.22853384912014
D,False,0.3067688047885895,0.4221176207065582,-0.4613900184631347,0.4166127145290375,0.4136407375335693,-0.5927747488021851,0.3290480375289917,0.4156076908111572,-0.1845444738864898,0.5391507148742676,0.5040033459663391,-0.1188742667436599,0.4610041081905365,0.496622085571289,0.118536852300167,0.4178237617015838,0.5097529292106628,-0.7835903763771057,0.308117002248764,0.4948458075523376,-0.0716788992285728,0.4634680449962616,0.5979331731796265,-0.456884890794754,0.3707618415355682,0.5780026912689209,0.197434514760971
D,False,0.3113343715667724,0.3712688684463501,-0.486445277929306,0.4173765480518341,0.3821742832660675,-0.6929924488067627,0.3473148643970489,0.3910049498081207,-0.1199726685881614,0.5377511382102966,0.5039044618606567,-0.1711589694023132,0.461875706911087,0.4976223409175873,0.1711404025554657,0.4674977362155914,0.5745494961738586,-0.6411037445068359,0.3233006298542022,0.5366621613502502,-0.0818012580275535,0.5014544129371643,0.6484657526016235,-0.3029232919216156,0.3901209533214569,0.6226760149002075,0.2106667906045913
D,False,0.2975652515888214,0.3913140892982483,-0.4678859114646911,0.4068151116371155,0.4022636115550995,-0.6345813274383545,0.3288143277168274,0.3990309238433838,-0.1374216079711914,0.5374375581741333,0.5058034062385559,-0.1472892612218856,0.4626649618148803,0.4958003163337707,0.146941065788269,0.4109213352203369,0.5024352669715881,-0.7366439700126648,0.3061472475528717,0.4917626976966858,0.0100999306887388,0.4675008654594421,0.5918001532554626,-0.4238808751106262,0.3839942216873169,0.567195475101471,0.2858741581439972
D,False,0.3368509113788605,0.356384128332138,-0.4894651174545288,0.454393059015274,0.3786536753177643,-0.6833346486091614,0.3639712929725647,0.372347742319107,-0.144252672791481,0.5377007722854614,0.5079599618911743,-0.1749004125595092,0.4620753228664398,0.4934139549732208,0.1748441904783249,0.4212995767593384,0.5808725953102112,-0.288068562746048,0.3202868700027466,0.5494341850280762,0.2113880813121795,0.5286340713500977,0.6273468732833862,0.2241179049015045,0.4371959269046783,0.5935733318328857,0.656322181224823
D,False,0.3231717944145202,0.3829339444637298,-0.431258350610733,0.4452351331710815,0.402075707912445,-0.6330567598342896,0.3561980128288269,0.3901104629039764,-0.1143640950322151,0.533614456653595,0.5109027028083801,-0.1701888889074325,0.4651652574539184,0.4905546009540558,0.170040026307106,0.3733323812484741,0.5333672761917114,-0.5016639828681946,0.2889959812164306,0.4984056055545807,0.2072025835514068,0.5146136283874512,0.5813591480255127,-0.1119808480143547,0.4185373783111572,0.543755292892456,0.5502206087112427
D,False,0.3536931276321411,0.3628951013088226,-0.5251583456993103,0.4698331654071808,0.3868560791015625,-0.6919997334480286,0.37610724568367,0.3773887455463409,-0.1587199568748474,0.5402743220329285,0.5070576667785645,-0.1719793826341629,0.4587998688220978,0.4933972060680389,0.1718585938215255,0.40450319647789,0.5501206517219543,-0.5772939920425415,0.3066596686840057,0.5285298228263855,0.1030223220586776,0.530909538269043,0.5960696339607239,-0.1325822919607162,0.4386438429355621,0.5632318258285522,0.5186169147491455
D,False,0.3565146327018738,0.3463509678840637,-0.4055429399013519,0.4774515628814697,0.3738378882408142,-0.5874379873275757,0.3985316157341003,0.3777889907360077,-0.0296222977340221,0.5374398827552795,0.5048317909240723,-0.1740537881851196,0.4615890383720398,0.4958977103233337,0.1741352081298828,0.4261197447776794,0.5682151913642883,-0.4552431404590606,0.3215073049068451,0.5388532280921936,0.0983691737055778,0.5380902886390686,0.6171265244483948,0.0200205631554126,0.4462408423423767,0.588529109954834,0.4547337591648102
D,False,0.3731317520141601,0.3526663184165954,-0.3908436894416809,0.4916056394577026,0.3724850416183471,-0.5261824131011963,0.3850072920322418,0.3834714293479919,-0.0245141424238681,0.5403405427932739,0.5031893253326416,-0.1541617661714553,0.4600604772567749,0.4983271062374115,0.1540073156356811,0.4204771518707275,0.5477302670478821,-0.5553805232048035,0.3110531270503998,0.5287943482398987,0.0683418288826942,0.5400621294975281,0.5913474559783936,-0.1283950209617614,0.4497655034065246,0.5584929585456848,0.4317325055599212
D,False,0.3984543979167938,0.3366289734840393,-0.424768328666687,0.5127248764038086,0.3680868446826935,-0.5821716785430908,0.4004561007022857,0.370776891708374,-0.0402083173394203,0.5406232476234436,0.5059624314308167,-0.1703515499830246,0.4598532319068908,0.4954037964344024,0.1702468693256378,0.4318390488624573,0.558057963848114,-0.5194686055183411,0.3090502023696899,0.526675820350647,0.1069467738270759,0.5478227734565735,0.5962165594100952,-0.0310646314173936,0.4490851461887359,0.561510443687439,0.5050998330116272
D,False,0.3440229296684265,0.3704409897327423,-0.4745959341526031,0.458120048046112,0.3957678377628326,-0.6384295225143433,0.3706493675708771,0.3891526758670807,-0.1324585378170013,0.5338866710662842,0.5076412558555603,-0.1581397056579589,0.4664055705070495,0.4926792085170746,0.1579834818840026,0.3759285807609558,0.5541179776191711,-0.5007899403572083,0.3240349292755127,0.5360288619995117,0.1329535543918609,0.5297818183898926,0.597991406917572,-0.0788307562470436,0.4414904713630676,0.5697339773178101,0.503199577331543
D,False,0.3287007212638855,0.3597275614738464,-0.4381535351276397,0.449228823184967,0.3798132240772247,-0.6306573152542114,0.3651315867900848,0.3849824368953705,-0.0671595260500907,0.5348833203315735,0.5051364302635193,-0.1731774061918258,0.4649021625518799,0.4953705072402954,0.1731207072734832,0.3977490067481994,0.5700756311416626,-0.3714382350444793,0.332298994064331,0.5534936785697937,0.1953804939985275,0.5339484810829163,0.6207542419433594,0.0681014582514762,0.4530488848686218,0.5959485173225403,0.576066255569458
D,False,0.3511594235897064,0.3492870628833771,-0.3880148530006408,0.4617686867713928,0.3639104068279266,-0.5963704586029053,0.3767546713352203,0.3703975975513458,-0.0199293419718742,0.5345267057418823,0.5067049264907837,-0.1908951997756958,0.4666938185691833,0.4934820234775543,0.190773919224739,0.3690804839134216,0.5455716252326965,-0.4171040952205658,0.31116783618927,0.528691828250885,0.2384834587574005,0.5206312537193298,0.5848395228385925,0.0382000282406806,0.4304207563400268,0.5516432523727417,0.6222392320632935
D,False,0.2881036102771759,0.3951940536499023,-0.5020133852958679,0.3876049816608429,0.4148559272289276,-0.6764538288116455,0.3255363404750824,0.4073443114757538,-0.1489633917808532,0.5380849838256836,0.5076389312744141,-0.1607918441295623,0.4631120860576629,0.4940213561058044,0.1605441719293594,0.4256706535816192,0.5300008654594421,-0.7688166499137878,0.3076386153697967,0.5026535391807556,-0.0108425114303827,0.4650302827358246,0.616595983505249,-0.4663537740707397,0.3692855536937713,0.5858063101768494,0.287117600440979
D,False,0.3550511300563812,0.3567563593387604,-0.3994994759559631,0.4684909284114837,0.3719220161437988,-0.6090407371520996,0.3765376210212707,0.3729388415813446,-0.0375434048473835,0.5362932682037354,0.5070837736129761,-0.188720554113388,0.4627247154712677,0.4938642382621765,0.188657134771347,0.3824630081653595,0.5624676942825317,-0.5305876135826111,0.327901691198349,0.5491801500320435,0.1802125722169876,0.5387293100357056,0.6071066856384277,-0.1210616156458854,0.4472419917583465,0.5748298168182373,0.6671188473701477
D,False,0.3648149967193603,0.3643387854099273,-0.4140023589134216,0.4741276502609253,0.3853315711021423,-0.5908136963844299,0.3861577212810516,0.3822782039642334,-0.0754237622022628,0.5345213413238525,0.506745457649231,-0.1651943176984787,0.4644502401351928,0.4948845207691192,0.1650408953428268,0.38009774684906,0.5455243587493896,-0.5155795812606812,0.3171026408672333,0.528365433216095,0.1183542907238006,0.5369316339492798,0.5862637758255005,-0.1064666286110878,0.4456998109817505,0.5586904883384705,0.4870090186595917
D,False,0.3689274489879608,0.346403568983078,-0.3948779702186584,0.4870800971984863,0.3673036694526672,-0.5975150465965271,0.3873140811920166,0.368472546339035,-0.042210180312395,0.5363686680793762,0.5045651197433472,-0.1810765266418457,0.4621609449386596,0.4957627654075622,0.1809325814247131,0.3875421285629272,0.5627538561820984,-0.4983682036399841,0.3169313371181488,0.5517482161521912,0.1559808999300003,0.542608380317688,0.6019663214683533,-0.0624228566884994,0.4458461999893188,0.5692831873893738,0.6288295984268188
D,False,0.6962026357650757,0.4129978716373443,-0.3496769070625305,0.6562030911445618,0.4224854409694671,-0.0770032033324241,0.5894991159439087,0.4249736964702606,-0.4786349236965179,0.5326318740844727,0.4993304312229156,0.1215931326150894,0.4667350053787231,0.5012596845626831,-0.1215115115046501,0.6929386854171753,0.4871455132961273,-0.0680171623826026,0.57759690284729,0.5024798512458801,-0.5325342416763306,0.6193932890892029,0.5616114139556885,0.1316946893930435,0.5245112776756287,0.5914718508720398,-0.3590649366378784
D,False,0.6250946521759033,0.349517822265625,-0.2931551039218902,0.5924085974693298,0.3771846890449524,0.0621168576180934,0.5069656372070312,0.3758375346660614,-0.4226522147655487,0.5349511504173279,0.4958907663822174,0.1484569907188415,0.4654625356197357,0.5053811073303223,-0.1484648734331131,0.6855894923210144,0.5393390655517578,0.0533973090350627,0.6005470752716064,0.5555239915847778,-0.3875588178634643,0.5567362308502197,0.5585799217224121,0.4116072058677673,0.4546754360198974,0.585069477558136,0.0489346534013748
D,False,0.6212847232818604,0.3442293405532837,-0.2870137989521026,0.5912392139434814,0.3731952011585235,0.0718990489840507,0.5024588704109192,0.364984393119812,-0.423580139875412,0.535950779914856,0.4958898723125458,0.15067058801651,0.4639967978000641,0.5044434666633606,-0.1507016122341156,0.6861592531204224,0.5318471193313599,-0.0305659659206867,0.6021682620048523,0.553036093711853,-0.491769939661026,0.5681730508804321,0.5551996231079102,0.330151617527008,0.4577041864395141,0.5824440717697144,-0.0033064824528992
D,False,0.7194988131523132,0.3870904445648193,-0.429993212223053,0.6763163208961487,0.4024388492107391,-0.0949823930859565,0.6139891147613525,0.4024083912372589,-0.6060360670089722,0.5364165902137756,0.4970669746398926,0.1535634249448776,0.4633248746395111,0.5031794309616089,-0.15328249335289,0.6863172650337219,0.514441728591919,-0.0180294122546911,0.5722815990447998,0.5408022403717041,-0.6231023669242859,0.6185745596885681,0.5954647064208984,0.288745105266571,0.5220253467559814,0.6219302415847778,-0.2775262296199798
D,False,0.6996099948883057,0.3946464955806732,-0.3853433430194855,0.6677206754684448,0.4003221094608307,-0.0761849284172058,0.5984075665473938,0.4096418023109436,-0.5529946088790894,0.5375598073005676,0.494923323392868,0.1419842392206192,0.4621976613998413,0.5054764747619629,-0.1417730897665023,0.6934863328933716,0.4866730272769928,-0.0195100847631692,0.597973644733429,0.4990265667438507,-0.528927206993103,0.607779324054718,0.5705193281173706,0.1976701915264129,0.5219253301620483,0.5909389853477478,-0.2917089760303497
D,False,0.6883215308189392,0.4060605466365814,-0.4816183447837829,0.6573225855827332,0.4121724367141723,-0.1365697681903839,0.5899332761764526,0.4219322204589844,-0.5291063189506531,0.5383861064910889,0.4959980845451355,0.1174580305814743,0.4609688222408294,0.5048688650131226,-0.1172703802585601,0.6890868544578552,0.5019217133522034,-0.1363469958305359,0.5781620740890503,0.523469090461731,-0.551964282989502,0.6110098361968994,0.5808377861976624,0.1270504295825958,0.5147605538368225,0.6088641285896301,-0.306262195110321
D,False,0.6963319182395935,0.3797537386417389,-0.4381628334522247,0.6638359427452087,0.3903230428695678,-0.1152119934558868,0.5873987674713135,0.3942115902900696,-0.5952945351600647,0.5397319793701172,0.4963420331478119,0.1435859948396682,0.4600661695003509,0.5045474767684937,-0.143454909324646,0.688437283039093,0.5247983932495117,-0.0740087032318115,0.5502476096153259,0.5528613328933716,-0.6111964583396912,0.5986760258674622,0.599275529384613,0.2716928124427795,0.5008866786956787,0.6226845979690552,-0.1689377129077911
D,False,0.7055929899215698,0.3879099786281585,-0.4966904819011688,0.6749534606933594,0.3952583372592926,-0.1314165592193603,0.592494547367096,0.3899080455303192,-0.6117996573448181,0.5405687689781189,0.4969075620174408,0.1407366842031479,0.4592157006263733,0.504088819026947,-0.1406004726886749,0.69501793384552,0.5301004648208618,-0.1805646419525146,0.5552232265472412,0.5527122616767883,-0.6715745329856873,0.6268393993377686,0.6174679398536682,0.145490676164627,0.5237323641777039,0.6359100937843323,-0.2678888142108917
D,False,0.7002594470977783,0.4194751381874084,-0.3094960451126098,0.6777161359786987,0.4200291037559509,-0.0496234409511089,0.5936036705970764,0.4086775183677673,-0.4351654350757599,0.5353566408157349,0.4981058239936828,0.1143716871738433,0.4642944931983948,0.5024167895317078,-0.1141624376177787,0.6975014805793762,0.4975135326385498,-0.0695165321230888,0.6042843461036682,0.5019014477729797,-0.5086056590080261,0.6263450980186462,0.5733064413070679,0.0983373373746872,0.5366398096084595,0.598567008972168,-0.3561677932739258
D,False,0.6930873394012451,0.3714610636234283,-0.4171105623245239,0.6600887179374695,0.3893804252147674,-0.0794454962015152,0.5796903967857361,0.3836401104927063,-0.550993025302887,0.5399897694587708,0.4977029263973236,0.1380605697631836,0.4605392515659332,0.5028594732284546,-0.1379664093255996,0.6808657646179199,0.5357623100280762,-0.1221406757831573,0.5406063795089722,0.5651904940605164,-0.5794297456741333,0.6097341775894165,0.6208375096321106,0.1915697604417801,0.5092264413833618,0.6430513262748718,-0.2281138747930526
D,False,0.700737714767456,0.3855527937412262,-0.3984300494194031,0.6667087078094482,0.3996763229370117,-0.0742612183094024,0.5924240946769714,0.3992963135242462,-0.5432091951370239,0.5378056168556213,0.496500551700592,0.1331607550382614,0.4612950384616852,0.5043193697929382,-0.1330106407403946,0.6960998177528381,0.4902803301811218,-0.0654051378369331,0.5804044008255005,0.4934219717979431,-0.5887979865074158,0.6088951230049133,0.5716689825057983,0.1853966116905212,0.517898678779602,0.5910732746124268,-0.3049778342247009
D,False,0.6638263463973999,0.353345513343811,-0.3389250040054321,0.6272159218788147,0.3796535134315491,0.0240169130265712,0.5463398098945618,0.3748237490653991,-0.5045052766799927,0.5358465909957886,0.4963166713714599,0.1669555455446243,0.4651174545288086,0.5038496851921082,-0.1669930815696716,0.6781643629074097,0.5486939549446106,0.1142612695693969,0.5759887099266052,0.5792266726493835,-0.2320271581411361,0.5604481101036072,0.5947490334510803,0.5063928961753845,0.4681949615478515,0.6234267950057983,0.2925900518894195
D,False,0.6676951050758362,0.3806594908237457,-0.3919118344783783,0.6266837120056152,0.3932473659515381,-0.0910082161426544,0.5451492667198181,0.4093933999538421,-0.5220184922218323,0.5325167179107666,0.490531176328659,0.1335251480340957,0.4683931767940521,0.5106651186943054,-0.1334781348705291,0.6975193023681641,0.5143696665763855,0.0023862547241151,0.6030083894729614,0.5427350997924805,-0.4464049041271209,0.5671074986457825,0.5602430701255798,0.2774891257286072,0.4697272181510925,0.5837988257408142,-0.0891563445329666
D,False,0.6426799893379211,0.3628283143043518,-0.354995846748352,0.6025500297546387,0.3882219195365906,-0.0062041827477514,0.5266018509864807,0.3857616186141968,-0.4454440176486969,0.5355439782142639,0.4951955378055572,0.1389891356229782,0.462976723909378,0.5052669048309326,-0.1390227079391479,0.6915110349655151,0.5312178134918213,-0.0124748684465885,0.5798983573913574,0.5534408688545227,-0.447490781545639,0.5593888163566589,0.566131055355072,0.319433182477951,0.4612616598606109,0.5942773818969727,-0.0507680810987949
D,False,0.6430172920227051,0.3479560613632202,-0.303376168012619,0.607809841632843,0.3818112015724182,0.1001769825816154,0.5271835327148438,0.3734903335571289,-0.4445497989654541,0.5358331203460693,0.4983621835708618,0.1649987697601318,0.4645901322364807,0.5018088221549988,-0.1649637073278427,0.6803574562072754,0.5433570742607117,0.0938413739204406,0.570673406124115,0.5700919032096863,-0.3655522763729095,0.554419219493866,0.5858111381530762,0.4771509766578674,0.4580654501914978,0.618567705154419,0.0374791771173477
D,False,0.6330788135528564,0.3541618287563324,-0.3215714395046234,0.6080131530761719,0.3830836415290832,0.0467341169714927,0.5136682987213135,0.3741994798183441,-0.4102181792259216,0.5380735397338867,0.4981195628643036,0.1379989832639694,0.4624101221561432,0.5033441185951233,-0.1379885226488113,0.6965701580047607,0.5287232995033264,-0.0302629377692937,0.5796257853507996,0.5486456155776978,-0.5150410532951355,0.5629052519798279,0.5525157451629639,0.3280058205127716,0.4628749787807464,0.5863150358200073,-0.0806651711463928
D,False,0.6038551330566406,0.337377667427063,-0.3108065724372864,0.591718852519989,0.3774468600749969,0.0590780600905418,0.4922410845756531,0.3718582689762115,-0.3688315451145172,0.5395537614822388,0.4984385669231415,0.1274618208408355,0.4616033136844635,0.5017328262329102,-0.1275356560945511,0.6851036548614502,0.5272948145866394,-0.1449720859527588,0.5613481998443604,0.5569928288459778,-0.5252351760864258,0.5575812458992004,0.5643846392631531,0.295158177614212,0.4525140225887298,0.5962207913398743,-0.0399658754467964
D,False,0.6596142053604126,0.3689475655555725,-0.3783622980117798,0.6243030428886414,0.3868403136730194,-0.0307764522731304,0.5461575984954834,0.3901434242725372,-0.5283053517341614,0.5307469367980957,0.4934462010860443,0.1584608405828476,0.4679526686668396,0.5067620873451233,-0.1585453748703003,0.6830695271492004,0.5371307134628296,0.1175532564520835,0.6213317513465881,0.5562272667884827,-0.3648314774036407,0.558531641960144,0.5636460185050964,0.4525066316127777,0.4720569849014282,0.5936694741249084,0.0550535172224044
D,False,0.6720607280731201,0.3645984232425689,-0.3036629557609558,0.6292036175727844,0.3867280483245849,0.0547180101275444,0.5573844313621521,0.3831547498703003,-0.4927154183387756,0.5329147577285767,0.4966630339622497,0.1768666952848434,0.4683174788951874,0.5036035180091858,-0.1769532114267349,0.6695722937583923,0.5564663410186768,0.1483181565999984,0.5970490574836731,0.5754179954528809,-0.3541513979434967,0.5522822141647339,0.5967064499855042,0.4965073764324188,0.4570496678352356,0.6238176226615906,0.0301726497709751
D,False,0.6475759744644165,0.3537574112415313,-0.3914544582366943,0.6185130476951599,0.3700732886791229,0.0424065254628658,0.5328166484832764,0.3644988536834717,-0.5000918507575989,0.5371851921081543,0.4937869012355804,0.1675824075937271,0.4615450501441955,0.5070808529853821,-0.1676473766565323,0.6903743743896484,0.5260344743728638,0.0883988589048385,0.6127566695213318,0.5497349500656128,-0.3515445291996002,0.5631635189056396,0.5499719977378845,0.4272412657737732,0.4667294025421142,0.5822374224662781,0.1698270291090011
D,False,0.7116132378578186,0.3936055898666382,-0.5530986785888672,0.6780815720558167,0.4064414203166961,-0.164846733212471,0.6048385500907898,0.4110618829727173,-0.6387748122215271,0.5398561358451843,0.4951896369457245,0.1414667963981628,0.4615992903709411,0.5060153603553772,-0.1412554681301117,0.6985747218132019,0.4984525144100189,-0.0463855862617492,0.5809054970741272,0.5237299799919128,-0.5916657447814941,0.6284670233726501,0.5844183564186096,0.2587204873561859,0.5302179455757141,0.6100742220878601,-0.2589980065822601
D,False,0.6465854644775391,0.3568727672100067,-0.2852681279182434,0.6097684502601624,0.3782857954502105,0.0675705149769783,0.5352171659469604,0.375417947769165,-0.4457912743091583,0.533521294593811,0.4960238337516784,0.1676249504089355,0.4663504362106323,0.5054723620414734,-0.1676674783229828,0.6712196469306946,0.5515522956848145,0.1018911153078079,0.6005925536155701,0.5645619630813599,-0.3303786218166351,0.5588812232017517,0.5786702036857605,0.4526038467884063,0.4567760527133941,0.6051806807518005,0.0975350812077522
D,False,0.6414528489112854,0.3629084229469299,-0.3328148424625397,0.6041175723075867,0.3860603868961334,0.0174671784043312,0.5297976732254028,0.382869690656662,-0.4602136313915252,0.5321272611618042,0.4935782849788666,0.1525451987981796,0.4679973721504211,0.5069353580474854,-0.1526595205068588,0.6914048790931702,0.5289293527603149,0.0435505881905555,0.6139268279075623,0.5434732437133789,-0.4342814683914184,0.5754135251045227,0.5574116110801697,0.3453288972377777,0.4654573798179626,0.5819743275642395,-0.049927607178688
D,False,0.6328506469726562,0.3489576578140259,-0.2694927453994751,0.6049028635025024,0.3771274387836456,0.0889389663934707,0.5125464797019958,0.3722081482410431,-0.4104175567626953,0.5352780818939209,0.4973893761634826,0.1563005894422531,0.4641419351100921,0.503300130367279,-0.156330868601799,0.6779103875160217,0.5550800561904907,0.0661059245467186,0.5930798649787903,0.5639501810073853,-0.3635544776916504,0.5615630745887756,0.5702366232872009,0.4386116862297058,0.4546675086021423,0.599982500076294,0.0582132115960121
D,False,0.2956887483596802,0.3801272511482239,-0.3826759159564972,0.3936104476451874,0.399443119764328,-0.5936151742935181,0.3430934250354767,0.3962902426719665,-0.0592352226376533,0.533075213432312,0.5051808953285217,-0.166453331708908,0.4676091969013214,0.4952560067176819,0.1664352416992187,0.4160204827785492,0.543956995010376,-0.6668476462364197,0.3134767711162567,0.5182595252990723,0.0858011096715927,0.4763417541980743,0.6234084367752075,-0.3098805248737335,0.3774634897708893,0.5982398390769958,0.3751460611820221
D,False,0.312933474779129,0.3751943707466125,-0.3765628337860107,0.4108370840549469,0.3956719040870666,-0.583118736743927,0.3607702553272247,0.3883787095546722,-0.0503241419792175,0.533204197883606,0.5060254335403442,-0.1639218479394912,0.4681113660335541,0.4945301413536072,0.1638137996196746,0.4125100076198578,0.525224506855011,-0.7003393173217773,0.3101911842823028,0.5066710114479065,0.0250414367765188,0.4771603047847748,0.6127453446388245,-0.3858759999275207,0.3796575963497162,0.5875013470649719,0.3013912439346313
D,False,0.3246724009513855,0.3876529335975647,-0.4201757907867431,0.4206059575080871,0.3931544423103332,-0.5974697470664978,0.3536849617958069,0.3931446671485901,-0.1155171915888786,0.5383133888244629,0.5037816762924194,-0.1468476355075836,0.4602786302566528,0.4967355728149414,0.1467745155096054,0.4548370242118835,0.5558302998542786,-0.6941312551498413,0.3107635974884033,0.5237197875976562,-0.1775367707014084,0.4880033731460571,0.6328957080841064,-0.4073233008384704,0.3816466331481933,0.6095665693283081,0.0843540728092193
D,False,0.3121761381626129,0.4103647768497467,-0.4179328382015228,0.4111550152301788,0.4021184146404266,-0.5922547578811646,0.3452994525432586,0.4008770883083343,-0.1195752173662185,0.5335306525230408,0.5058218836784363,-0.1414885520935058,0.4660665690898895,0.4949266910552978,0.1412815600633621,0.4324782192707062,0.5363233089447021,-0.747283935546875,0.2999986708164215,0.510576605796814,-0.0416120737791061,0.4707430303096771,0.6160027384757996,-0.4281392395496368,0.3654640018939972,0.5947205424308777,0.2314623743295669
D,False,0.2538928687572479,0.4207057654857635,-0.4043232202529907,0.356044739484787,0.430774837732315,-0.6108521223068237,0.3018431365489959,0.4230958819389343,-0.0901942178606987,0.53289794921875,0.5040487051010132,-0.1716584861278534,0.466467946767807,0.496602863073349,0.1716894507408142,0.4312123954296112,0.5648418068885803,-0.4936241209506988,0.3179206550121307,0.5327925682067871,0.1402335911989212,0.4571223556995392,0.6473407745361328,-0.1978586316108703,0.360793799161911,0.6215425729751587,0.4027014076709747
D,False,0.2654409110546112,0.4215845465660095,-0.31262868642807,0.3599006235599518,0.425055593252182,-0.5257585048675537,0.31147101521492,0.4177253246307373,-0.0274008158594369,0.5344834327697754,0.5050625801086426,-0.1618668586015701,0.4668059051036834,0.4956394135951996,0.1617819517850875,0.4058149755001068,0.5326555967330933,-0.5771499872207642,0.3066401779651642,0.5043513774871826,0.1862409710884094,0.4589520394802093,0.6231282949447632,-0.3415619730949402,0.3560350239276886,0.5942519903182983,0.4068355858325958
D,False,0.2758572399616241,0.425681471824646,-0.3562898635864258,0.3655172884464264,0.4296218454837799,-0.566884458065033,0.3167832195758819,0.4169321358203888,-0.0752663016319274,0.5331096053123474,0.5064546465873718,-0.1582740098237991,0.4681470096111297,0.49406698346138,0.1582935154438018,0.4108758270740509,0.5410571694374084,-0.5710921287536621,0.299187034368515,0.5060960054397583,0.1620997339487075,0.4548668563365936,0.6200123429298401,-0.2590123414993286,0.3477350175380707,0.5951372981071472,0.4030477702617645
D,False,0.2704009115695953,0.4001467525959015,-0.2676250338554382,0.3624962568283081,0.4131316840648651,-0.4924815893173218,0.3234713673591614,0.4078201055526733,0.0289819817990064,0.5313870310783386,0.5060240626335144,-0.1754553914070129,0.4680637717247009,0.4951810538768768,0.1753634512424469,0.4142218828201294,0.539304256439209,-0.568527102470398,0.3123069703578949,0.5070424675941467,0.2168476432561874,0.4703118205070495,0.6183786392211914,-0.280457079410553,0.3641657829284668,0.5903918147087097,0.4277332127094269
D,False,0.3200746178627014,0.3711861670017242,-0.4995318353176117,0.4211867153644562,0.3921045362949371,-0.6902725696563721,0.3589422404766083,0.3866840600967407,-0.1417820453643798,0.5382106900215149,0.5049960017204285,-0.1653329133987426,0.4610200822353363,0.4961231350898742,0.1652824133634567,0.4325558841228485,0.5346723794937134,-0.7519863247871399,0.3143418133258819,0.514519453048706,-0.0948672592639923,0.4908227622509002,0.6184782981872559,-0.3498707115650177,0.3851184546947479,0.5981402397155762,0.2320284396409988
D,False,0.2893538177013397,0.4020508229732513,-0.4224368333816528,0.391624391078949,0.4182580113410949,-0.589052140712738,0.3356055617332458,0.412069708108902,-0.1111074611544609,0.5355122089385986,0.5031669735908508,-0.1433025300502777,0.4649708271026611,0.4976634681224823,0.1432849764823913,0.4569630622863769,0.5630279779434204,-0.5418537855148315,0.3163072168827057,0.5302382111549377,-0.0642527490854263,0.4817534685134887,0.6426080465316772,-0.264500617980957,0.3727791905403137,0.6167906522750854,0.1935727447271347
D,False,0.3050319850444793,0.3802495896816253,-0.4935131967067718,0.4134434461593628,0.3982156813144684,-0.6804848909378052,0.3379466533660888,0.3946607410907745,-0.1344748735427856,0.5391724705696106,0.5049482583999634,-0.1617838144302368,0.4615353941917419,0.4965135455131531,0.1616040170192718,0.4378249049186706,0.5317168235778809,-0.7734652757644653,0.3131922781467438,0.5114588737487793,-0.0758613497018814,0.4812148213386535,0.6157954931259155,-0.4100237488746643,0.3753630518913269,0.5921698212623596,0.2280178666114807
D,False,0.3160206079483032,0.3693567812442779,-0.5430822968482971,0.4225556850433349,0.393730103969574,-0.7056224346160889,0.3384768962860107,0.3912347853183746,-0.1699346899986267,0.5423583388328552,0.5041176676750183,-0.1662334650754928,0.4584586024284363,0.4960308074951172,0.1660334765911102,0.4459473490715027,0.5386924147605896,-0.7523155808448792,0.322201132774353,0.5148226022720337,-0.0633338689804077,0.4937142729759216,0.6166967153549194,-0.3420007526874542,0.3890408873558044,0.5923027396202087,0.2840441763401031
D,False,0.7029380202293396,0.3824080526828766,-0.3011884093284607,0.6546480059623718,0.4039663076400757,-0.004429810680449,0.598067581653595,0.3931906223297119,-0.4624819755554199,0.5361353158950806,0.4988908171653747,0.136004090309143,0.4652872383594513,0.5026751756668091,-0.1359097063541412,0.6902459263801575,0.5210052728652954,-0.010928176343441,0.5687685608863831,0.5447984933853149,-0.52625572681427,0.6199084520339966,0.599699854850769,0.1901797652244568,0.5179548859596252,0.6241148710250854,-0.2681320607662201
D,False,0.6837567687034607,0.374903917312622,-0.3172175288200378,0.6414233446121216,0.3931950628757477,-0.0267437919974327,0.5830317139625549,0.3887007534503937,-0.4731934368610382,0.5381324291229248,0.4976085126399994,0.1295120418071746,0.4614022076129913,0.5033707022666931,-0.1292811334133148,0.6898337006568909,0.5063216090202332,-0.0574667602777481,0.5704467296600342,0.5239158272743225,-0.5480437874794006,0.6127680540084839,0.5834494233131409,0.1679460704326629,0.5117357969284058,0.6104495525360107,-0.2391297221183776
D,False,0.684134840965271,0.3871097266674042,-0.3074178397655487,0.6499404907226562,0.3948022425174713,-0.043816864490509,0.5871273875236511,0.397093802690506,-0.4484007358551025,0.5374683737754822,0.4968327283859253,0.1198615431785583,0.4629910290241241,0.5034806132316589,-0.1196851804852485,0.6952714323997498,0.5283249616622925,-0.0682610943913459,0.5593558549880981,0.5511719584465027,-0.5531718730926514,0.6217207312583923,0.6087206602096558,0.1599256992340088,0.5179610252380371,0.6349782943725586,-0.2982673645019531
D,False,0.6801125407218933,0.4094913601875305,-0.2748060524463653,0.6304734945297241,0.4071013927459717,-0.0548830665647983,0.5937708020210266,0.4068429470062256,-0.4261173903942108,0.5345678329467773,0.4979972243309021,0.1237430945038795,0.46455118060112,0.503166675567627,-0.1237818822264671,0.6865905523300171,0.5151001811027527,-0.0426926128566265,0.5626599788665771,0.5447563529014587,-0.437998354434967,0.624322235584259,0.5963712334632874,0.12262824177742,0.520135760307312,0.6227430701255798,-0.2048348635435104
D,False,0.7366341352462769,0.4182012379169464,-0.4310033321380615,0.6922560334205627,0.4161863029003143,-0.1764817386865615,0.6280762553215027,0.4313238859176636,-0.6018126606941223,0.5407794117927551,0.4971363246440887,0.1403377652168274,0.4603607058525085,0.5043787360191345,-0.1401317715644836,0.6800295114517212,0.5325435996055603,0.1015358567237854,0.5468748807907104,0.566545844078064,-0.4457136690616607,0.6284626722335815,0.6265047788619995,0.3485324382781982,0.5269354581832886,0.6542388200759888,-0.2736827433109283
D,False,0.7311016917228699,0.4221208393573761,-0.3417563438415527,0.6988091468811035,0.4143418073654175,-0.0242703594267368,0.6337859034538269,0.4166188240051269,-0.5318796038627625,0.5378708243370056,0.4974364936351776,0.1558591425418853,0.4621009528636932,0.5036379098892212,-0.1555929034948349,0.7010543346405029,0.5053080320358276,0.0776439309120178,0.6148125529289246,0.5097450017929077,-0.5031663179397583,0.6347711682319641,0.5964420437812805,0.2020343542098999,0.5400021076202393,0.6137693524360657,-0.4002519249916076
D,False,0.7195708751678467,0.4247379302978515,-0.4078155159950256,0.6942747235298157,0.4129397571086883,-0.1180348172783851,0.6243454217910767,0.4212531745433807,-0.5741114616394043,0.5393428206443787,0.4961570203304291,0.1460038721561432,0.461126297712326,0.5038864612579346,-0.1457469761371612,0.7031124234199524,0.5090672373771667,0.0491375885903835,0.5853731632232666,0.528252899646759,-0.579775333404541,0.6374945640563965,0.5950958132743835,0.25413379073143,0.5378003716468811,0.6156699657440186,-0.4411532580852508
D,False,0.7187528610229492,0.3989037275314331,-0.3742732107639313,0.6777245402336121,0.4117962121963501,-0.0498872771859169,0.615595817565918,0.4033951461315155,-0.5319021940231323,0.5377323031425476,0.4983188211917877,0.140359953045845,0.4610244631767273,0.502387523651123,-0.1401961594820022,0.6936411261558533,0.5175455808639526,-0.0804703310132026,0.5651265978813171,0.5390203595161438,-0.6220235228538513,0.627338707447052,0.6003310680389404,0.1597108393907547,0.5178803205490112,0.616768479347229,-0.3227151930332184
D,False,0.6755192279815674,0.376442402601242,-0.2205827683210373,0.6190336346626282,0.3973031044006347,0.0562988109886646,0.5769818425178528,0.395091712474823,-0.4001864492893219,0.5333986282348633,0.4983845353126526,0.1420050263404846,0.4670621752738952,0.5024699568748474,-0.1419315934181213,0.6806539297103882,0.5221959352493286,-0.0275701396167278,0.5656133890151978,0.5471755862236023,-0.4802919626235962,0.6185452342033386,0.5990426540374756,0.1701214164495468,0.5100122094154358,0.6252584457397461,-0.2816377878189087
D,False,0.7140185236930847,0.397613376379013,-0.3703311681747436,0.6725761294364929,0.403115838766098,-0.0980819389224052,0.615240752696991,0.4157362282276153,-0.5335382223129272,0.5384755730628967,0.4956173002719879,0.1338517218828201,0.4613794684410095,0.5047265291213989,-0.1337137222290039,0.6802935004234314,0.5297356843948364,-0.0382018722593784,0.5520662665367126,0.5538232326507568,-0.551587700843811,0.6215291023254395,0.6123819947242737,0.2019288688898086,0.5149077773094177,0.6382461786270142,-0.3104888498783111
D,False,0.6937433481216431,0.3813396096229553,-0.4273949861526489,0.6610593795776367,0.3911774754524231,-0.1041424348950386,0.5839373469352722,0.3937190175056457,-0.5430185198783875,0.5394390821456909,0.4977810978889465,0.123293787240982,0.4603765606880188,0.5038232207298279,-0.1230589598417282,0.6827417612075806,0.5106382369995117,-0.168839082121849,0.5572915077209473,0.5307027697563171,-0.6322718858718872,0.6154139041900635,0.5892923474311829,0.1478433459997177,0.513032078742981,0.6114515662193298,-0.2449487149715423
D,False,0.6832533478736877,0.3725399374961853,-0.3813041746616363,0.6574259996414185,0.3869633674621582,-0.0641799196600914,0.577947735786438,0.3901724219322204,-0.5215637683868408,0.5374424457550049,0.4974938035011291,0.1328792721033096,0.4623018205165863,0.5026622414588928,-0.1325771063566208,0.6849539875984192,0.5129538178443909,-0.0938914790749549,0.5598551034927368,0.5372570157051086,-0.6301257610321045,0.607291579246521,0.5901761651039124,0.2168978303670883,0.5081211924552917,0.614863395690918,-0.2442715615034103
D,False,0.4067516028881073,0.3391884267330169,-0.2668222188949585,0.4998337626457214,0.3695304095745086,-0.474329799413681,0.4275872111320495,0.3733561635017395,0.0635188370943069,0.5277726650238037,0.5081974267959595,-0.1688418537378311,0.471902072429657,0.4924835562705993,0.1687770932912826,0.3823191523551941,0.5493433475494385,-0.257291704416275,0.3176101148128509,0.4984828233718872,0.2249392867088318,0.5236525535583496,0.5810267329216003,0.0917491167783737,0.4744964241981506,0.5482016205787659,0.4611845910549164
D,False,0.3954436182975769,0.3380025327205658,-0.3229605257511139,0.4916740357875824,0.3722874522209167,-0.494891345500946,0.4259539544582367,0.374153733253479,0.0663553178310394,0.5268833041191101,0.5057687163352966,-0.1756699681282043,0.4735822975635528,0.4949260652065277,0.1756884753704071,0.3682901859283447,0.55722576379776,-0.258622944355011,0.3162299990653991,0.515617311000824,0.2375786155462265,0.5140691995620728,0.5909635424613953,0.0580706857144832,0.4605922400951385,0.5613855123519897,0.476174533367157
D,False,0.462801992893219,0.3328220248222351,-0.3497709333896637,0.5437383651733398,0.372188538312912,-0.5048015713691711,0.4704380631446838,0.3695974946022033,0.0483244955539703,0.5240240693092346,0.5087059140205383,-0.1860547065734863,0.4765233397483825,0.4928289949893951,0.1859328299760818,0.3538284301757812,0.5574250817298889,-0.2648526430130005,0.3103652894496918,0.5188894271850586,0.2375993281602859,0.5243786573410034,0.5859775543212891,-0.0125901214778423,0.4834300279617309,0.5590360164642334,0.535059928894043
D,False,0.3196627795696258,0.3961951732635498,-0.33012455701828,0.4146400392055511,0.4221841096878052,-0.4809620082378387,0.3733774125576019,0.4036212563514709,-0.073000431060791,0.5187442898750305,0.5090965032577515,-0.1331429034471511,0.4814912378787994,0.4921877384185791,0.1328070759773254,0.3765496909618377,0.4798492789268493,-0.4131180346012115,0.3372670710086822,0.4576541185379028,0.1959594786167144,0.4374394118785858,0.5679817795753479,-0.1676715016365051,0.4044803082942962,0.5349711179733276,0.3938100934028625
D,False,0.3390983045101166,0.3853075504302978,-0.275394469499588,0.4266733229160309,0.4150077104568481,-0.4355472326278686,0.3959343731403351,0.3958937525749206,-0.0411295257508754,0.5161862373352051,0.5125025510787964,-0.1276528537273407,0.4846944510936737,0.489136278629303,0.1273494958877563,0.3721871674060821,0.4691721796989441,-0.3542922735214233,0.345235139131546,0.4484937191009521,0.1622481346130371,0.4357887804508209,0.5570412278175354,-0.0723744854331016,0.385968416929245,0.5276021361351013,0.357734203338623
D,False,0.3700186908245086,0.3591324985027313,-0.3369475305080414,0.4511869847774505,0.3934401571750641,-0.5473507642745972,0.4130825102329254,0.3872225880622864,-0.0173572711646556,0.5225690603256226,0.5078518986701965,-0.1711960732936859,0.4778347313404083,0.4936648905277252,0.171131283044815,0.3860059678554535,0.5325419902801514,-0.2852219939231872,0.3325750231742859,0.5026425719261169,0.2224626541137695,0.4599901735782623,0.6122021079063416,0.0187487881630659,0.3985151350498199,0.577495813369751,0.4778337478637695
D,False,0.3610735833644867,0.3709820508956909,-0.3616599142551422,0.4456668794155121,0.4082270264625549,-0.5275963544845581,0.3936682641506195,0.3896995782852173,-0.0878301933407783,0.5217881202697754,0.5126749873161316,-0.1486589163541793,0.4781471788883209,0.4888396859169006,0.1483539938926696,0.3946443498134613,0.4872975349426269,-0.4598561823368072,0.3431196510791778,0.4545844197273254,0.1802272945642471,0.4503622949123382,0.5640458464622498,-0.1374730914831161,0.387214332818985,0.5304637551307678,0.4025446772575378
D,False,0.3575383126735687,0.3744901418685913,-0.3247485160827636,0.4420246183872223,0.4102381467819214,-0.4949764907360077,0.4025396406650543,0.3899431228637695,-0.0619455985724926,0.519045352935791,0.5121694803237915,-0.1464608907699585,0.482371836900711,0.4880812764167785,0.1461326330900192,0.3891784250736236,0.4839243292808532,-0.4350764155387878,0.3415398895740509,0.4543172121047973,0.1682893186807632,0.4484495222568512,0.5608651638031006,-0.1425438821315765,0.385678082704544,0.5282698273658752,0.3750834465026855
D,False,0.3326711356639862,0.3649967610836029,-0.3404387831687927,0.4239782691001892,0.3993450403213501,-0.5367991924285889,0.3865451216697693,0.385809987783432,-0.0314307287335395,0.5225777626037598,0.5071501731872559,-0.1686961054801941,0.4783914089202881,0.4938549399375915,0.1686167865991592,0.3640822470188141,0.5479984283447266,-0.2470545172691345,0.3270814716815948,0.5218254327774048,0.2434325069189071,0.45247483253479,0.6279119253158569,0.0891422256827354,0.3972577452659607,0.5931760668754578,0.5810720324516296
D,False,0.355755478143692,0.3473984897136688,-0.3393231034278869,0.4390487968921661,0.3839433193206787,-0.5444670915603638,0.3863256871700287,0.383192777633667,-0.025773536413908,0.5265593528747559,0.5062676668167114,-0.1687743216753006,0.4738587439060211,0.4941267967224121,0.1687256693840026,0.3843041360378265,0.5547779202461243,-0.2144200354814529,0.3286475837230682,0.5223603248596191,0.2340749353170395,0.4616262018680572,0.6316108107566833,0.098781831562519,0.3998352587223053,0.5952118635177612,0.5500444769859314
D,False,0.3796059489250183,0.371624618768692,-0.4056839644908905,0.4634201228618622,0.4084734618663788,-0.5365232825279236,0.4043743312358856,0.3884783685207367,-0.142747476696968,0.5277621746063232,0.5116981863975525,-0.1256930977106094,0.4710696041584015,0.4886926114559173,0.1255331039428711,0.4043842852115631,0.4955795109272003,-0.492906391620636,0.3448534309864044,0.4636159241199493,0.006446954794228,0.4741263091564178,0.5692817568778992,-0.1568129211664199,0.3952979743480682,0.537273645401001,0.2186680138111114
D,False,0.432363361120224,0.342275857925415,-0.4377376735210418,0.518022358417511,0.3847109675407409,-0.5830603837966919,0.4490511119365692,0.3748177886009216,-0.0518104061484336,0.527412474155426,0.5090832710266113,-0.1687371730804443,0.4740514755249023,0.4909558892250061,0.1686647087335586,0.3607606887817383,0.5480517148971558,-0.2556707262992859,0.3077907860279083,0.5054527521133423,0.213493138551712,0.5127478837966919,0.5821528434753418,0.0812633782625198,0.4780929088592529,0.5563352108001709,0.4778501689434051
D,False,0.4408645331859588,0.3391911387443542,-0.5368906259536743,0.5211961269378662,0.3811063170433044,-0.5599613785743713,0.4497503638267517,0.3765027523040771,-0.057253960520029,0.5255382657051086,0.5091429948806763,-0.164375439286232,0.4743325710296631,0.4915230274200439,0.1641117334365844,0.3632237613201141,0.5434179902076721,-0.2851242125034332,0.3078209459781647,0.5045589804649353,0.1892046630382537,0.5206360220909119,0.5778433680534363,0.057311188429594,0.4796602427959442,0.5515970587730408,0.4591427445411682
D,False,0.4211036264896393,0.3324265480041504,-0.358817309141159,0.507135808467865,0.3742712438106537,-0.5613210797309875,0.4356283247470855,0.3704369068145752,0.0129279950633645,0.5245937705039978,0.5090285539627075,-0.1844606697559356,0.4744500517845154,0.4923025369644165,0.1843477338552475,0.3647016882896423,0.553961455821991,-0.26248499751091,0.3120017945766449,0.5112354755401611,0.2281780838966369,0.516118049621582,0.5917067527770996,0.0779922679066658,0.4571115374565124,0.5582378506660461,0.5255736708641052
D,False,0.3626344799995422,0.3669383525848388,-0.3598048388957977,0.4475176930427551,0.4039483070373535,-0.548984706401825,0.4017897844314575,0.3876047134399414,-0.0650544166564941,0.5234227180480957,0.5117790699005127,-0.1594325751066208,0.4752088785171509,0.4895919561386108,0.1591310948133468,0.3912968039512634,0.4804220795631408,-0.5004351735115051,0.3415811955928802,0.4565628170967102,0.2003491371870041,0.4569169282913208,0.5616461038589478,-0.1516558676958084,0.3949992656707763,0.5286600589752197,0.4256631433963775
D,False,0.4337904751300812,0.3306139707565307,-0.4390049576759338,0.5164402723312378,0.3699972033500671,-0.5800276398658752,0.4434442520141601,0.3687559962272644,-0.011642332188785,0.5275404453277588,0.5084815621376038,-0.1882861852645874,0.4735411703586578,0.4919168949127197,0.1881358623504638,0.3676780462265014,0.5506003499031067,-0.2868849039077759,0.3155950605869293,0.5125808715820312,0.2146658897399902,0.5189334750175476,0.586130678653717,0.0965959355235099,0.4875425100326538,0.5582687258720398,0.5539727210998535
D,False,0.4279278814792633,0.3395254611968994,-0.4744538068771362,0.5198697447776794,0.3779755234718323,-0.55068439245224,0.4361636936664581,0.3743440508842468,-0.0330353491008281,0.5262292623519897,0.5081310868263245,-0.1687101274728775,0.4744317233562469,0.4920769929885864,0.1685605347156524,0.3597859740257263,0.5479907989501953,-0.2627853155136108,0.3124144971370697,0.5033490657806396,0.2029848843812942,0.51465904712677,0.5766881108283997,0.0763691514730453,0.4683986604213714,0.5518383383750916,0.4794356822967529
D,False,0.4441696107387543,0.3364645540714264,-0.3879736363887787,0.5287190675735474,0.3737274408340454,-0.5621336102485657,0.4496923387050628,0.3686553239822387,-0.0013187794247642,0.5252119302749634,0.5097641348838806,-0.18832328915596,0.4736034274101257,0.4913172721862793,0.1881886273622512,0.364951491355896,0.5438145399093628,-0.2628938257694244,0.3095828294754028,0.5043686032295227,0.2613584399223327,0.5218141674995422,0.5787155628204346,0.089896872639656,0.4892299473285675,0.5465363264083862,0.5785214304924011
D,False,0.4283874034881592,0.3278586268424988,-0.4219258725643158,0.5195884704589844,0.3690664172172546,-0.4952236711978912,0.4435307681560516,0.36993607878685,0.0377736799418926,0.5263863801956177,0.5057975053787231,-0.1729465425014495,0.4738466143608093,0.4955455362796783,0.1727312803268432,0.3757523596286773,0.5620108842849731,-0.2895731627941131,0.3169209063053131,0.524670422077179,0.1825288832187652,0.5203030109405518,0.6010732054710388,0.0152379851788282,0.4622784256935119,0.5724497437477112,0.4355320930480957
D,False,0.4428853094577789,0.3292277455329895,-0.3377900719642639,0.526652455329895,0.3689927160739898,-0.5295623540878296,0.4431996047496795,0.3668284118175506,0.0347843021154403,0.5289746522903442,0.5090928077697754,-0.1911389231681823,0.4719037711620331,0.4922499656677246,0.1910082101821899,0.369659274816513,0.550872802734375,-0.2677085697650909,0.3115005791187286,0.5122855305671692,0.2787973284721374,0.5247431993484497,0.5832187533378601,0.0520885102450847,0.4871518909931183,0.5453281402587891,0.5828242301940918
D,False,0.3539502024650574,0.3601224720478058,-0.3395983576774597,0.4328389763832092,0.3962691128253937,-0.5512813329696655,0.3870120048522949,0.3821813464164734,-0.022480709478259,0.5224733352661133,0.511117160320282,-0.1769897788763046,0.4773627519607544,0.4903251826763153,0.1769075840711593,0.3615826964378357,0.5122748017311096,-0.3514565527439117,0.3280278444290161,0.4885383546352386,0.329334944486618,0.4566472768783569,0.5943402647972107,-0.0403197593986988,0.4181013703346252,0.5587502121925354,0.6068614721298218
D,False,0.4492838084697723,0.3312113285064697,-0.3743440508842468,0.5327679514884949,0.3685687780380249,-0.5418346524238586,0.4524901807308197,0.3680023550987243,0.0191377326846122,0.5284965634346008,0.5084041357040405,-0.1886551678180694,0.4727688431739807,0.4925861358642578,0.1885124295949936,0.3673212230205536,0.5494358539581299,-0.2744442224502563,0.3128900229930877,0.5115035772323608,0.2568032145500183,0.5232397317886353,0.5816689729690552,0.0829442217946052,0.4857926368713379,0.5484873652458191,0.5777961015701294
D,False,0.450573980808258,0.3289483785629272,-0.3701106607913971,0.5366103053092957,0.3684674501419067,-0.5429794788360596,0.454243004322052,0.3662428855895996,0.0138259977102279,0.5263944268226624,0.5080190896987915,-0.1847350597381591,0.4724032282829284,0.4923084378242492,0.1845889538526535,0.3577677607536316,0.5483253002166748,-0.2637868821620941,0.3086775839328766,0.5091639161109924,0.2377945780754089,0.5193026065826416,0.5752303004264832,0.0864345133304596,0.4818581342697143,0.5547651052474976,0.5268776416778564
D,False,0.4445034265518188,0.3258998990058899,-0.3513880670070648,0.5301557183265686,0.367570012807846,-0.5044817328453064,0.4537729620933532,0.3663552701473236,0.0508289635181427,0.5253204703330994,0.508841872215271,-0.1791978627443313,0.4749203324317932,0.4926719069480896,0.1790863275527954,0.35430908203125,0.5503338575363159,-0.2536652386188507,0.3093106150627136,0.517083466053009,0.2319514006376266,0.5180307030677795,0.5862836837768555,0.0503367856144905,0.4795052707195282,0.5615763664245605,0.4850435853004455
D,False,0.3520111441612243,0.3542960584163666,-0.373142272233963,0.4435296356678009,0.3955129384994507,-0.5901238322257996,0.3957781195640564,0.382096529006958,-0.0453174337744712,0.5212257504463196,0.5096374750137329,-0.1700173169374466,0.4797240793704986,0.4906834959983825,0.170063778758049,0.3421550691127777,0.5281978249549866,-0.2180300951004028,0.3201384246349334,0.5063735246658325,0.2638086080551147,0.4876802861690521,0.5902441740036011,0.1384049952030182,0.450131356716156,0.5598162412643433,0.5560370683670044
D,False,0.3476433753967285,0.36066535115242,-0.3704513013362884,0.4392348229885101,0.4017082452774048,-0.5605188012123108,0.3870024085044861,0.3859896063804626,-0.0424181781709194,0.520206093788147,0.5112228393554688,-0.1673048436641693,0.4806857109069824,0.4890925288200378,0.1673511862754821,0.3361829221248626,0.5130582451820374,-0.2200640887022018,0.3165221512317657,0.488028347492218,0.2589433193206787,0.4775347709655761,0.5797154307365417,0.1143569573760032,0.439334511756897,0.5477199554443359,0.5211344957351685
D,False,0.3509001135826111,0.3513551950454712,-0.3425266146659851,0.4319069683551788,0.3918501734733581,-0.5732073187828064,0.3963874280452728,0.375099778175354,-0.0169674437493085,0.5181261301040649,0.5122096538543701,-0.1803596019744873,0.4825850129127502,0.4892400503158569,0.1803557872772216,0.3285882174968719,0.5124090313911438,-0.2775753736495971,0.3169902861118316,0.4943896532058716,0.2904016673564911,0.4607283473014831,0.5881820917129517,0.0792743861675262,0.4167134463787079,0.5546706318855286,0.5611883997917175
D,False,0.3867391347885132,0.3468711972236633,-0.3411159217357635,0.4722415208816528,0.3849952220916748,-0.5595520734786987,0.419565737247467,0.3773776888847351,-0.0038239879067987,0.5203745365142822,0.5100463032722473,-0.1734509915113449,0.480407178401947,0.4908860623836517,0.1734793037176132,0.3384192883968353,0.5202032923698425,-0.2420480847358703,0.3210411369800567,0.4974481165409088,0.2598416209220886,0.4798540472984314,0.5798907279968262,0.1245089843869209,0.4458451867103576,0.5549032688140869,0.5345350503921509
D,False,0.383632093667984,0.3489553332328796,-0.3314288258552551,0.4700039029121399,0.3877377808094024,-0.5437265634536743,0.4231017231941223,0.3786939680576324,-0.0063428273424506,0.5180144906044006,0.5088290572166443,-0.1634888499975204,0.4828247427940368,0.4912381470203399,0.1635536700487136,0.3397380113601684,0.5091038346290588,-0.2454491704702377,0.3280176222324371,0.4882433116436004,0.2315319627523422,0.4781839847564697,0.5786270499229431,0.0919408500194549,0.4259407520294189,0.5492328405380249,0.4654114544391632
D,False,0.386827677488327,0.3300045728683471,-0.2583672106266022,0.4620928466320038,0.3649891018867492,-0.5042893290519714,0.4580917060375213,0.3577227294445038,0.0763903781771659,0.5188843011856079,0.508679986000061,-0.1738898456096649,0.4811830222606659,0.492229163646698,0.1739861518144607,0.3369542956352234,0.5346024632453918,-0.1820812374353408,0.319931298494339,0.5116797685623169,0.2709013223648071,0.480881780385971,0.5964102745056152,0.1669003367424011,0.4197932183742523,0.5644263029098511,0.5472848415374756
D,False,0.3706810176372528,0.3437201976776123,-0.2729904651641845,0.4460811913013458,0.3792343735694885,-0.5186317563056946,0.4272424876689911,0.3654248118400574,0.0559001229703426,0.516692578792572,0.5117223858833313,-0.184009313583374,0.4821347892284393,0.4892207384109497,0.1840004026889801,0.3303689658641815,0.5119518637657166,-0.2921246886253357,0.3189264237880707,0.4963478446006775,0.3167388439178467,0.465772420167923,0.5808255672454834,0.037019595503807,0.4279598295688629,0.5484748482704163,0.5497896075248718
D,False,0.3748674094676971,0.3409755527973175,-0.2425112873315811,0.449476033449173,0.3743282556533813,-0.4900970160961151,0.4205013811588287,0.365400493144989,0.0738730877637863,0.5167890191078186,0.5104256868362427,-0.1777452677488327,0.4843665659427643,0.4897353649139404,0.1777675151824951,0.3289833068847656,0.5083945393562317,-0.2041854113340377,0.3205715715885162,0.4920859932899475,0.3111607730388641,0.4619589745998382,0.5846502780914307,0.0827914923429489,0.4226684868335724,0.554980993270874,0.5386321544647217
D,False,0.3523508906364441,0.3461642563343048,-0.2596862614154815,0.4385011792182922,0.3751410841941833,-0.5224724411964417,0.4182841777801513,0.3681917786598205,0.0827972069382667,0.5180507302284241,0.509168803691864,-0.1904606074094772,0.4826314449310303,0.4920588135719299,0.1904864013195037,0.3260253369808197,0.5167288184165955,-0.2202140092849731,0.3129603564739227,0.5025266408920288,0.3023238778114319,0.4814928770065307,0.5788396000862122,0.0864418745040893,0.4524844884872436,0.552696168422699,0.5480920076370239
D,False,0.3570312857627868,0.3466495275497436,-0.257631778717041,0.4442740082740783,0.3774271011352539,-0.5038760304450989,0.4157166481018066,0.3709220886230469,0.0682957544922828,0.5199061036109924,0.5088580250740051,-0.1820774674415588,0.4796324968338012,0.4919667840003967,0.1820276826620102,0.3328707218170166,0.514482855796814,-0.2509173154830932,0.3141889572143554,0.49885094165802,0.2828576266765594,0.4752898812294006,0.579364538192749,0.0749532058835029,0.4411393404006958,0.550096869468689,0.5287503004074097
D,False,0.3663842976093292,0.3305798768997192,-0.2597752213478088,0.4482724666595459,0.3660658895969391,-0.5031309723854065,0.4182354211807251,0.3675755858421325,0.0730844065546989,0.5204267501831055,0.506371259689331,-0.1788089275360107,0.4798482060432434,0.4948759078979492,0.1788156032562255,0.3472462892532348,0.5507811903953552,-0.1656144857406616,0.3273143768310547,0.5283634066581726,0.2751871943473816,0.4834583401679992,0.6104683876037598,0.1608119457960128,0.4319428205490112,0.5859708189964294,0.5877944231033325
D,False,0.4114997386932373,0.3380458354949951,-0.2581096589565277,0.4995996356010437,0.3702135980129242,-0.5050023198127747,0.4394347667694092,0.369382381439209,0.0792460218071937,0.5240849852561951,0.509297788143158,-0.1826764345169067,0.4751234054565429,0.4920207560062408,0.1826242953538894,0.3642866611480713,0.5503296852111816,-0.2351201921701431,0.3154450953006744,0.5060209035873413,0.2720384299755096,0.5202807188034058,0.580800473690033,0.0811513215303421,0.4788873791694641,0.554705798625946,0.5082880854606628
D,False,0.5907785892486572,0.34592005610466,-0.2677936255931854,0.5735896229743958,0.3809505403041839,0.1197775527834892,0.495356947183609,0.3762319684028625,-0.3335184752941131,0.5274451375007629,0.495225578546524,0.1378678679466247,0.4733760952949524,0.5052083134651184,-0.1379026025533676,0.6796534657478333,0.508518397808075,0.0398351289331913,0.6022058129310608,0.5567233562469482,-0.2780956327915191,0.5480338931083679,0.5533705353736877,0.2978415489196777,0.4631408751010895,0.5832547545433044,0.0643378049135208
D,False,0.6046119332313538,0.3441804945468902,-0.2231886386871338,0.5765421986579895,0.3812668919563293,0.1046059504151344,0.510525643825531,0.3769861161708832,-0.3522820472717285,0.5243642330169678,0.4952756464481354,0.143469825387001,0.4765381515026092,0.5057191848754883,-0.1435647457838058,0.6792357563972473,0.5216352939605713,0.0866767242550849,0.6171035766601562,0.5690259337425232,-0.2507898807525635,0.5653299689292908,0.558599591255188,0.333922803401947,0.481538861989975,0.5997335314750671,0.0742177069187164
D,False,0.5343984365463257,0.338903933763504,-0.2383092641830444,0.5280532836914062,0.3751280903816223,0.1749169528484344,0.4534496665000915,0.3771485090255737,-0.3404715657234192,0.5269177556037903,0.4943977892398834,0.1670089811086654,0.4733783006668091,0.5058835744857788,-0.1672123968601226,0.686996579170227,0.5311810970306396,0.077718935906887,0.6236730813980103,0.5676316022872925,-0.2681000828742981,0.5058854222297668,0.5704541206359863,0.3326632976531982,0.4736917018890381,0.5923050045967102,0.0315421931445598
D,False,0.6870875954627991,0.4032925367355346,-0.2361320853233337,0.6373430490493774,0.4126091599464416,0.0302468426525592,0.5883327722549438,0.4237242937088012,-0.4037836492061615,0.5215335488319397,0.4943258166313171,0.1303200274705886,0.4772288799285888,0.5064901113510132,-0.1302744895219802,0.662180483341217,0.4768379330635071,0.1478576213121414,0.6234090924263,0.4825296998023987,-0.3668075799942016,0.6226628422737122,0.5484011173248291,0.2667474746704101,0.5675392150878906,0.5742654800415039,-0.2979900240898132
D,False,0.6736624836921692,0.3874012231826782,-0.1590166687965393,0.6239675283432007,0.4015586376190185,0.0976869165897369,0.5833804607391357,0.4126250147819519,-0.3640572130680084,0.519073486328125,0.4922550916671753,0.1454144120216369,0.4813829362392425,0.5087553858757019,-0.1453911960124969,0.6607764363288879,0.46277916431427,0.1447791308164596,0.6318080425262451,0.4734418988227844,-0.3721866309642792,0.6104943156242371,0.5324265360832214,0.2575635015964508,0.5692935585975647,0.5646839737892151,-0.2219942659139633
D,False,0.6381029486656189,0.3630002737045288,-0.1773422956466674,0.5880089402198792,0.3900966346263885,0.0569773204624652,0.5580239295959473,0.3962763547897339,-0.3637493848800659,0.5216147303581238,0.4952366054058075,0.133080780506134,0.4793121516704559,0.5064064860343933,-0.1330597698688507,0.6700810790061951,0.510734498500824,0.1015783324837684,0.6213147640228271,0.5398282408714294,-0.2033065408468246,0.5998333692550659,0.583761990070343,0.2420335710048675,0.545687198638916,0.6168385148048401,-0.0288888216018676
D,False,0.6470040678977966,0.3738887310028076,-0.1015520915389061,0.6099598407745361,0.3944461941719055,0.1442818641662597,0.5623411536216736,0.4026027917861938,-0.2953600287437439,0.5251749157905579,0.4921960234642029,0.1303732097148895,0.4759431481361389,0.5088149309158325,-0.1302709877490997,0.6665154099464417,0.4607719182968139,0.0645654127001762,0.6200093030929565,0.4775995016098022,-0.4031452536582947,0.6034512519836426,0.5353670120239258,0.160650223493576,0.5497775077819824,0.5673606395721436,-0.2827995717525482
D,False,0.6533670425415039,0.3796999454498291,-0.1189090088009834,0.6140232682228088,0.3997208476066589,0.1004260629415512,0.5653871297836304,0.4042637944221496,-0.2888471484184265,0.5221868753433228,0.4944769740104675,0.1155569776892662,0.4776636064052582,0.5069987773895264,-0.1155152916908264,0.6671578288078308,0.4659745097160339,0.0604977458715438,0.6099640130996704,0.4834257960319519,-0.3845669627189636,0.6105778813362122,0.5319113731384277,0.1552131325006485,0.5520309805870056,0.5685592293739319,-0.2673188149929046
D,False,0.6732189059257507,0.3729064464569092,-0.2187943309545517,0.6124535202980042,0.3944861888885498,0.05572509765625,0.5835010409355164,0.4039803743362427,-0.4326875805854797,0.5207158923149109,0.4943931698799133,0.1646010875701904,0.4798531830310821,0.5071932077407837,-0.1644889712333679,0.67613285779953,0.5244863629341125,0.1559548676013946,0.6316794753074646,0.556291401386261,-0.2324071079492569,0.5907726883888245,0.6015488505363464,0.3223006427288055,0.5490197539329529,0.6319008469581604,-0.0581788979470729
D,False,0.6485379338264465,0.352307379245758,-0.1417446583509445,0.6015648245811462,0.3872571587562561,0.1231081783771514,0.5602333545684814,0.3828697204589844,-0.346530944108963,0.5261012315750122,0.4958248138427734,0.150120124220848,0.4737307727336883,0.5045428276062012,-0.1499717384576797,0.6754116415977478,0.5246895551681519,0.0732469037175178,0.6012752056121826,0.5482968688011169,-0.266009509563446,0.6028377413749695,0.6004067063331604,0.2503223419189453,0.5417191982269287,0.6353178024291992,-0.0906026735901832
D,False,0.619226336479187,0.3755317628383636,-0.3112857341766357,0.5881903171539307,0.394280344247818,-0.0358454696834087,0.5357053875923157,0.4075636565685272,-0.4171327352523803,0.527847409248352,0.4933569729328155,0.1103898584842681,0.4712241590023041,0.506872296333313,-0.1102349385619163,0.6486943960189819,0.471829742193222,-0.0495714545249938,0.5853126645088196,0.4999366104602813,-0.4528856575489044,0.5867992639541626,0.5439651608467102,0.1387488543987274,0.521236777305603,0.572242021560669,-0.2248914986848831
D,False,0.5673628449440002,0.3449932932853699,-0.3998782932758331,0.5569899082183838,0.3785412311553955,0.0069499593228101,0.4844109117984772,0.3845036029815674,-0.4437001347541809,0.524224579334259,0.4935253858566284,0.1465449184179306,0.4753727614879608,0.5076468586921692,-0.1465860903263092,0.685806155204773,0.5105620622634888,0.0970465689897537,0.6308707594871521,0.5520743727684021,-0.2463412135839462,0.5196623802185059,0.5579228401184082,0.3343871831893921,0.4785779416561126,0.5838794112205505,0.0297602117061615
D,False,0.5577888488769531,0.3423222005367279,-0.3215406835079193,0.5520102977752686,0.3802819848060608,0.0572386011481285,0.4784832000732422,0.3814870715141296,-0.3860393464565277,0.5262702107429504,0.4947397112846374,0.1396663337945938,0.4726386070251465,0.5065755844116211,-0.1396302282810211,0.6860912442207336,0.5122048854827881,0.0477521643042564,0.6197364926338196,0.549445629119873,-0.2719077169895172,0.524419367313385,0.5626262426376343,0.2680802047252655,0.4754643738269806,0.5796471834182739,0.0242158249020576
D,False,0.57768315076828,0.3360386192798614,-0.3572778701782226,0.5647938847541809,0.3742820024490356,0.0570183433592319,0.497617244720459,0.3767875134944916,-0.4263996183872223,0.5250711441040039,0.4937142133712768,0.1552044451236724,0.4744506478309631,0.5067452788352966,-0.1553133875131607,0.6890633702278137,0.5152660608291626,0.1078615337610244,0.6297125220298767,0.560570478439331,-0.2462822347879409,0.5282672047615051,0.5581569075584412,0.3436121344566345,0.4832373261451721,0.5931614637374878,0.0673519000411033
D,False,0.639093279838562,0.3790152966976166,-0.178601935505867,0.6066601276397705,0.4019034206867218,0.0508648268878459,0.5575453042984009,0.4068027436733246,-0.3343181312084198,0.5244801640510559,0.492243081331253,0.1109903082251548,0.4754108488559723,0.5084797739982605,-0.110804982483387,0.6568244099617004,0.4732057154178619,0.0184581074863672,0.5954834818840027,0.4931472241878509,-0.4728497564792633,0.6154139041900635,0.5374698638916016,0.2030473202466964,0.5337744951248169,0.5737502574920654,-0.3046306669712066
D,False,0.5658746361732483,0.3338415622711181,-0.3141674697399139,0.5591217279434204,0.3735791444778442,0.1182176247239112,0.4832174181938171,0.3729091286659241,-0.3710888028144836,0.5281403064727783,0.4950215816497803,0.1572194248437881,0.4712171852588653,0.5063053369522095,-0.157298132777214,0.6901814937591553,0.5202147960662842,0.0591157488524913,0.6184617280960083,0.5584436655044556,-0.2742177248001098,0.5176751613616943,0.5583686828613281,0.3145580589771271,0.4746432304382324,0.587427020072937,0.0474173463881015
D,False,0.5728843212127686,0.3444162607192993,-0.3227195739746094,0.5614097118377686,0.3807653784751892,0.0786661058664321,0.4827178716659546,0.3801727890968323,-0.3804368376731872,0.5254088640213013,0.4945367574691772,0.1465762108564376,0.4736919105052948,0.5068156719207764,-0.1466256380081176,0.6839843392372131,0.5125280618667603,0.0732593312859535,0.6206358075141907,0.5534085035324097,-0.2555738389492035,0.5211840271949768,0.5636550188064575,0.3016148209571838,0.4783172905445099,0.5836592316627502,0.0275492779910564
D,False,0.5549565553665161,0.339411973953247,-0.1970104575157165,0.5509237051010132,0.3768308758735657,0.1698207110166549,0.4648821949958801,0.3765683770179748,-0.2975248098373413,0.5266834497451782,0.4949551820755005,0.1507387608289718,0.4728389382362366,0.506653368473053,-0.1507337540388107,0.6898236870765686,0.5092310309410095,0.057284764945507,0.6235024929046631,0.5480690002441406,-0.2719244062900543,0.5313130021095276,0.5560814738273621,0.2908479571342468,0.4746467173099518,0.5787025094032288,0.0300756264477968
D,False,0.5727256536483765,0.3314780294895172,-0.2638677358627319,0.5652386546134949,0.375445008277893,0.157174214720726,0.4880386888980865,0.372339129447937,-0.3345872759819031,0.5274637937545776,0.4955796897411346,0.1594433486461639,0.4724735021591186,0.5046572089195251,-0.1595433950424194,0.6853327751159668,0.5317605137825012,0.0855084732174873,0.6187304854393005,0.5699700713157654,-0.2711016237735748,0.5273419618606567,0.5796361565589905,0.3666487634181976,0.4809596240520477,0.6113033294677734,0.0161468163132667
D,False,0.5566297173500061,0.3315985202789306,-0.2889035940170288,0.5535319447517395,0.370884507894516,0.1564355492591858,0.4712527990341186,0.371454507112503,-0.3587692677974701,0.5264540910720825,0.4950428605079651,0.164667010307312,0.4732654988765716,0.5053887367248535,-0.1647599786520004,0.6926119327545166,0.515575647354126,0.0832783803343772,0.6229898929595947,0.5551894903182983,-0.276930421590805,0.5235766768455505,0.5600953698158264,0.3110141158103943,0.474784791469574,0.5802333354949951,0.0773257836699485
D,False,0.6473541259765625,0.3700923919677734,-0.1614708602428436,0.5972062349319458,0.3951201736927032,0.091586098074913,0.5657007098197937,0.4001820087432861,-0.3622834980487823,0.5202698111534119,0.4941171109676361,0.1438115984201431,0.478263109922409,0.5074034929275513,-0.1437185704708099,0.6668205857276917,0.4966334998607635,0.0570594444870948,0.6095690727233887,0.5203796625137329,-0.3686923682689667,0.5936446189880371,0.5703966021537781,0.1901173293590545,0.5354587435722351,0.5992783308029175,-0.1864485293626785
D,False,0.5487815141677856,0.3339473009109497,-0.2882200479507446,0.5456281304359436,0.3713998794555664,0.1841630935668945,0.4681532382965088,0.3729594945907593,-0.349835604429245,0.5253585577011108,0.4945250749588012,0.1685646474361419,0.4738891422748565,0.5062522888183594,-0.1687667816877365,0.692223072052002,0.5160821080207825,0.1074922382831573,0.6312864422798157,0.5548979043960571,-0.2794471383094787,0.5215213298797607,0.5587199926376343,0.3383539319038391,0.4759681522846222,0.5798052549362183,0.0736406445503234
D,False,0.5420992970466614,0.3346491456031799,-0.2134488970041275,0.5384927988052368,0.3731348216533661,0.1925482898950576,0.4570865333080292,0.3728407621383667,-0.3309911489486694,0.5280779004096985,0.4951174259185791,0.1624622642993927,0.4708789885044098,0.5050387382507324,-0.1625937521457672,0.6882549524307251,0.5168265104293823,0.0835595056414604,0.6195477247238159,0.5565241575241089,-0.3198087811470032,0.5347675681114197,0.5657537579536438,0.3096939623355865,0.4702081382274627,0.5792732834815979,0.0281809847801923
D,False,0.5529725551605225,0.3307305872440338,-0.247399628162384,0.5429470539093018,0.370656818151474,0.1874749064445495,0.4709396958351135,0.3691844642162323,-0.3777088820934295,0.5268689393997192,0.49490487575531,0.1811151355504989,0.4738619923591614,0.5053346753120422,-0.1812520027160644,0.6919485330581665,0.5251694321632385,0.1127806156873703,0.6321958303451538,0.5537006258964539,-0.2848719954490661,0.5090556740760803,0.5654744505882263,0.3518210649490356,0.4754857420921325,0.5886867642402649,0.0499797128140926
D,False,0.6489908695220947,0.3563173413276672,-0.1619931906461715,0.6021944880485535,0.38921719789505,0.0619576163589954,0.5676547288894653,0.3959149122238159,-0.3358378112316131,0.5164587497711182,0.4921630620956421,0.1260627210140228,0.4822804629802704,0.5078601837158203,-0.1259193420410156,0.6774011850357056,0.5118197202682495,0.1494386792182922,0.6607609391212463,0.533900797367096,-0.1770439743995666,0.5780223608016968,0.5715652108192444,0.2418448030948639,0.5137738585472107,0.5891818404197693,0.0422345362603664
D,False,0.6527840495109558,0.3661487996578216,-0.1663518548011779,0.6045411229133606,0.3946593403816223,0.050267107784748,0.5627418756484985,0.4035072922706604,-0.3390461504459381,0.5160984992980957,0.491016149520874,0.1245847716927528,0.4825133979320526,0.510317325592041,-0.1243639141321182,0.6752103567123413,0.498441219329834,0.165296658873558,0.6561961770057678,0.5244138836860657,-0.1720774918794632,0.5654754042625427,0.5611613988876343,0.270220011472702,0.5200409293174744,0.5820928812026978,0.049090277403593
D,False,0.6525089740753174,0.3507548868656158,-0.1689547449350357,0.6022617816925049,0.3788586854934692,0.1001214608550071,0.5745713114738464,0.38946133852005,-0.3710924983024597,0.5164151191711426,0.4889553785324096,0.1507379114627838,0.4841010272502899,0.5110881328582764,-0.1507201790809631,0.6725513935089111,0.4954181909561157,0.2089454978704452,0.6720637083053589,0.5168078541755676,-0.1984959095716476,0.5690454244613647,0.5598137378692627,0.3118298649787903,0.5378671884536743,0.5879230499267578,0.015708765015006
D,False,0.6059588193893433,0.3501629531383514,-0.3546537756919861,0.576977550983429,0.3839934170246124,0.0172191392630338,0.5257139801979065,0.3856977224349975,-0.3984981179237366,0.5197320580482483,0.4924875199794769,0.1258582770824432,0.4800441265106201,0.5079253911972046,-0.1258642226457595,0.673269510269165,0.5042252540588379,0.1057614013552665,0.6308408975601196,0.5336796045303345,-0.211011990904808,0.5638245344161987,0.5648226141929626,0.2651693224906921,0.5122383236885071,0.5799189805984497,0.0799504444003105
D,False,0.6063989996910095,0.3540080785751343,-0.2995557188987732,0.579939603805542,0.3865355849266052,0.0254362151026725,0.5249486565589905,0.389802873134613,-0.36613729596138,0.5207966566085815,0.4919256865978241,0.1221734881401062,0.478302001953125,0.5082504153251648,-0.1221487298607826,0.6682647466659546,0.5009913444519043,0.103757344186306,0.6354138851165771,0.5267612934112549,-0.1891702711582183,0.5719805359840393,0.5597212314605713,0.2485131174325943,0.5156183242797852,0.5820045471191406,0.0511255152523517
D,False,0.6064163446426392,0.3394528329372406,-0.1543226242065429,0.5676839351654053,0.376274824142456,0.1430823057889938,0.5250219106674194,0.3733678162097931,-0.3316302597522735,0.5143375396728516,0.4942810237407684,0.1532425731420517,0.4841824173927307,0.5073195099830627,-0.1532569527626037,0.6713085174560547,0.5188807249069214,0.2065957337617874,0.6364347338676453,0.552861213684082,-0.1819736212491989,0.6003045439720154,0.5774458050727844,0.3635474145412445,0.5199217200279236,0.6032014489173889,0.116219937801361
D,False,0.6255357265472412,0.3468131422996521,-0.1812192499637603,0.5831417441368103,0.3759573698043823,0.1025376841425895,0.538413405418396,0.3769668340682983,-0.3841568231582641,0.5199822187423706,0.4924484491348266,0.1523660868406295,0.4810062348842621,0.5082722306251526,-0.1524060815572738,0.6805694103240967,0.4988131523132324,0.1581548750400543,0.6606015563011169,0.5185436010360718,-0.2453469932079315,0.5707278251647949,0.5594137907028198,0.2820731997489929,0.5217934846878052,0.5782198905944824,0.0366176851093769
D,False,0.6259059309959412,0.3417146205902099,-0.1499544382095337,0.582551896572113,0.3770992755889892,0.1360554099082946,0.5409418344497681,0.3767621517181396,-0.3693149387836456,0.5205405354499817,0.4922084808349609,0.1580465883016586,0.4809262454509735,0.5082676410675049,-0.1580688506364822,0.681408166885376,0.4983079433441162,0.1916836947202682,0.6457397937774658,0.5284640192985535,-0.2194880992174148,0.5781376957893372,0.5596797466278076,0.3018056452274322,0.5286980867385864,0.5870727896690369,0.0612829811871051
D,False,0.6454228758811951,0.3447315096855163,-0.1186800375580787,0.5997629165649414,0.3707005381584167,0.1684161573648452,0.5642548203468323,0.3727744817733764,-0.3327794373035431,0.5209507942199707,0.4916333556175232,0.1588576883077621,0.4798982739448547,0.5095845460891724,-0.1588824093341827,0.6818490624427795,0.4999584555625915,0.205922469496727,0.6675077676773071,0.5216202139854431,-0.2378233224153518,0.5442212224006653,0.5502986907958984,0.2937136888504028,0.5182302594184875,0.574816107749939,0.0271378476172685
D,False,0.6402409672737122,0.3465366661548614,-0.1009490638971328,0.5901951789855957,0.3739891350269317,0.1586181223392486,0.5613731741905212,0.3741829991340637,-0.3261389434337616,0.5146021246910095,0.4929956793785095,0.1529215276241302,0.4839421212673187,0.5078483819961548,-0.1528984457254409,0.6764847040176392,0.4967817068099975,0.2015746682882309,0.6672810912132263,0.5153781771659851,-0.2119067907333374,0.5493963956832886,0.5512685775756836,0.2918204665184021,0.5199089050292969,0.5745659470558167,0.0295229796320199
D,False,0.6319204568862915,0.3363643288612366,-0.2021966725587844,0.5957855582237244,0.3720424771308899,0.1411747485399246,0.5500276684761047,0.3663963377475738,-0.3743487298488617,0.5252649784088135,0.4939053058624267,0.1580297499895095,0.4753822088241577,0.507144033908844,-0.1580209881067276,0.6773298382759094,0.5327278971672058,0.1410475373268127,0.6215329170227051,0.568253219127655,-0.2441448122262954,0.5869511365890503,0.5890524387359619,0.3336110711097717,0.5115911960601807,0.6135445237159729,0.1180177330970764
D,False,0.5872206091880798,0.3445952832698822,-0.3324828743934631,0.5642179846763611,0.3804655075073242,0.0624847598373889,0.4994192123413086,0.3776532709598541,-0.417959988117218,0.524331271648407,0.4951996505260467,0.1511531323194503,0.4755778610706329,0.5064454674720764,-0.1512281447649002,0.6810751557350159,0.5191609859466553,0.1208396181464195,0.6104121804237366,0.5609757304191589,-0.2234509438276291,0.5165641903877258,0.557299017906189,0.3631058037281036,0.4760400652885437,0.5851864218711853,0.1026747450232505
D,False,0.3235097825527191,0.3647226393222809,-0.418829083442688,0.4101360142230987,0.407806247472763,-0.6112880110740662,0.3606301248073578,0.3914562463760376,-0.0911842510104179,0.5304617285728455,0.5091168284416199,-0.1701133549213409,0.4705060422420501,0.4918712973594665,0.1700393259525299,0.3878708779811859,0.5389726161956787,-0.4158233106136322,0.3297638595104217,0.507002592086792,0.2271968424320221,0.4537883102893829,0.6241269707679749,-0.0784303545951843,0.3953463733196258,0.5892899632453918,0.5432055592536926
D,False,0.3286352157592773,0.3798402845859527,-0.4123516082763672,0.4257086515426636,0.4181525409221649,-0.5589066743850708,0.3709992170333862,0.40342578291893,-0.1222108975052833,0.5322467088699341,0.5082412362098694,-0.141501173377037,0.4673595428466797,0.4928167760372162,0.1413465142250061,0.4042084813117981,0.5093696713447571,-0.488384872674942,0.3376234769821167,0.490163654088974,0.0476950593292713,0.4561253786087036,0.6070160269737244,-0.2257647663354873,0.3932819366455078,0.5740734934806824,0.2890461087226867
D,False,0.2920373082160949,0.3713171184062958,-0.3734423220157623,0.3694216609001159,0.4116770327091217,-0.5743951797485352,0.3275675177574157,0.3925081789493561,-0.0561054423451423,0.5283070206642151,0.5116696357727051,-0.1799899786710739,0.47239750623703,0.4892325699329376,0.179936945438385,0.3623682856559753,0.5356531739234924,-0.3765469193458557,0.3207683563232422,0.5024212002754211,0.3297159969806671,0.432158887386322,0.6287314891815186,-0.178614005446434,0.3897003531455993,0.5865784287452698,0.6180970072746277
D,False,0.31223264336586,0.3796773254871368,-0.3995790779590606,0.4040184319019317,0.4181642830371856,-0.5827518701553345,0.3656568229198456,0.3993508815765381,-0.1013976335525512,0.5311005115509033,0.5088539719581604,-0.1575235575437545,0.469952255487442,0.4913735687732696,0.1573277562856674,0.4056091606616974,0.5158451199531555,-0.4529829025268554,0.3364937007427215,0.4952771961688995,0.1410664469003677,0.4456833899021148,0.6181237101554871,-0.2209665775299072,0.3927665054798126,0.5814279317855835,0.3877279460430145
D,False,0.332312524318695,0.3586292564868927,-0.35432168841362,0.4062578082084656,0.4024588465690613,-0.5495759844779968,0.3719024062156677,0.3893254399299621,-0.028166189789772,0.5278308987617493,0.5076256394386292,-0.1682031005620956,0.4713941216468811,0.492619901895523,0.1683073788881302,0.3867208361625671,0.5420203804969788,-0.4355786144733429,0.3353649973869324,0.51422119140625,0.2080442011356353,0.4482662081718445,0.6256316304206848,-0.1055193394422531,0.3896480202674866,0.5940477252006531,0.5380112528800964
D,False,0.3321277797222137,0.3674946129322052,-0.3702764511108398,0.4125194251537323,0.4117021858692169,-0.5573383569717407,0.3766395151615143,0.3945360779762268,-0.0640790313482284,0.5251367688179016,0.5092721581459045,-0.1634197235107422,0.4739542305469513,0.4912972748279571,0.1633342057466507,0.3809778988361358,0.5289455056190491,-0.3686686158180237,0.3413829505443573,0.5027688145637512,0.2148712128400802,0.4494635164737701,0.6132537722587585,-0.0738225057721138,0.3989838659763336,0.581317126750946,0.4940465092658996
D,False,0.3349488377571106,0.3537240028381347,-0.3716703653335571,0.4084994792938232,0.3955567479133606,-0.5469602942466736,0.3632541298866272,0.3837455511093139,-0.0725011751055717,0.5299549698829651,0.5076775550842285,-0.1575046181678772,0.4698423743247986,0.4930780231952667,0.157447263598442,0.4092673659324646,0.5566003322601318,-0.3742038309574127,0.3253490030765533,0.5245504379272461,0.1719739884138107,0.4531615376472473,0.6411578059196472,-0.135015606880188,0.3858525156974792,0.6086214780807495,0.4705753028392792
D,False,0.3239362239837646,0.364134818315506,-0.3953601419925689,0.4091805219650268,0.4075093567371368,-0.5586541891098022,0.3556036949157715,0.3913578391075134,-0.0746082887053489,0.529309093952179,0.5087440609931946,-0.1594740152359008,0.4703459143638611,0.4925042688846588,0.1594136506319046,0.3875361680984497,0.5397943258285522,-0.4384413957595825,0.3270639181137085,0.519296407699585,0.2032143324613571,0.44519704580307,0.6349623799324036,-0.204735517501831,0.3830330967903137,0.6004916429519653,0.5075092911720276
D,False,0.3144491016864776,0.3818634748458862,-0.3468754887580871,0.3992048799991607,0.4226638972759247,-0.5187278389930725,0.3583593666553497,0.4020220637321472,-0.0581126064062118,0.524700403213501,0.5103965401649475,-0.1525592654943466,0.4739575088024139,0.4902355968952179,0.1523882895708084,0.3724804222583771,0.4952861964702606,-0.4708289504051208,0.333115667104721,0.4832842051982879,0.2383717000484466,0.4439433515071869,0.60163414478302,-0.2701392769813537,0.3861086666584015,0.5678179860115051,0.5030935406684875
D,False,0.3240845501422882,0.3577763438224792,-0.3377520740032196,0.401345819234848,0.4038939774036407,-0.5263456702232361,0.3706602752208709,0.3912593722343445,-0.0281959865242242,0.5259551405906677,0.5076965689659119,-0.1653211116790771,0.4734441339969635,0.493135929107666,0.1654284298419952,0.3821249902248382,0.548949122428894,-0.3185037672519684,0.3364370763301849,0.5184662938117981,0.2092092782258987,0.4476407468318939,0.6328632235527039,-0.0382576324045658,0.3828178942203522,0.5954920649528503,0.5348682403564453
D,False,0.3345279693603515,0.3548018634319305,-0.3646065890789032,0.4050019979476928,0.4015752971172333,-0.5417670011520386,0.3627360463142395,0.3823714256286621,-0.0842407792806625,0.5290362238883972,0.5095097422599792,-0.1559414267539978,0.4704329371452331,0.4905945956707001,0.1558721214532852,0.3861639499664306,0.5456855893135071,-0.3363420665264129,0.320833146572113,0.5111618041992188,0.2301537692546844,0.4481318593025207,0.6279367804527283,-0.0491241551935672,0.3927800059318542,0.5901864171028137,0.5183976888656616
D,False,0.3401080071926117,0.376551479101181,-0.450731098651886,0.4355059564113617,0.4180155098438263,-0.5704688429832458,0.3712823688983917,0.4026730358600616,-0.1455706804990768,0.5319451689720154,0.508359432220459,-0.1392073482275009,0.469202309846878,0.4929518103599548,0.139040395617485,0.3945581018924713,0.5229256749153137,-0.3949963450431824,0.3371157348155975,0.4971500635147095,0.0851900652050972,0.4648846089839935,0.6068739891052246,-0.0885912477970123,0.4016776978969574,0.5778647065162659,0.3604560196399688
D,False,0.3077641427516937,0.3818022906780243,-0.355618804693222,0.3899509012699127,0.4194125533103943,-0.5363830924034119,0.3406645357608795,0.4029550850391388,-0.0546774081885814,0.5280401706695557,0.5096186995506287,-0.1566971242427826,0.470996230840683,0.4915063679218292,0.1565428972244262,0.3704894483089447,0.5018749237060547,-0.4966772496700287,0.3248359858989715,0.4889537990093231,0.2179827839136123,0.4368700087070465,0.6074910163879395,-0.2897622585296631,0.3867008984088897,0.5709165930747986,0.4531790614128113
D,False,0.3199410736560821,0.3653248846530914,-0.3746757209300995,0.3932463824748993,0.4091506004333496,-0.5534959435462952,0.3557765781879425,0.3894118964672088,-0.0704167261719703,0.5291629433631897,0.5079188346862793,-0.1605538874864578,0.4703253209590912,0.4923175275325775,0.1605572700500488,0.3853813707828522,0.5431362390518188,-0.3591568768024444,0.3282687366008758,0.5207998156547546,0.2695496082305908,0.4432149827480316,0.637934148311615,-0.158947467803955,0.3906700313091278,0.6035000681877136,0.5757323503494263
D,False,0.313981682062149,0.3787527978420257,-0.3863458335399627,0.395468920469284,0.4205278754234314,-0.5618062019348145,0.3389998972415924,0.4010631442070007,-0.0649827793240547,0.5299243927001953,0.509177565574646,-0.1613140702247619,0.4710196554660797,0.4915073215961456,0.1613205075263977,0.3743861019611358,0.5084533095359802,-0.4880648255348205,0.3254202902317047,0.4924460351467132,0.247476652264595,0.4377622902393341,0.6112563014030457,-0.2419437021017074,0.3940035402774811,0.5751537680625916,0.536736786365509
D,False,0.3248351216316223,0.378781795501709,-0.398999959230423,0.408124715089798,0.4195824861526489,-0.5586665868759155,0.3505759537220001,0.4031705260276794,-0.1091797649860382,0.5303028225898743,0.5081487894058228,-0.1546300053596496,0.4707933366298675,0.4928059875965118,0.1544773131608963,0.3783912360668182,0.5155768990516663,-0.4411701560020447,0.3307835459709167,0.499419242143631,0.1822991222143173,0.4485039412975311,0.614697277545929,-0.1910437196493148,0.4025221168994903,0.5833595991134644,0.450930505990982
D,False,0.3336270749568939,0.3804939687252044,-0.3876016736030578,0.4144462049007416,0.4153841137886047,-0.5472527742385864,0.365429013967514,0.3962140679359436,-0.1174713224172592,0.5293000340461731,0.5095130801200867,-0.1463987231254577,0.4712330400943756,0.4918573200702667,0.1461814045906067,0.39372119307518,0.5022623538970947,-0.5359837412834167,0.3307345807552337,0.4931552708148956,0.1549025923013687,0.4470680058002472,0.6077168583869934,-0.2964116036891937,0.3923545181751251,0.5742559432983398,0.4328685998916626
D,False,0.3408454060554504,0.376774251461029,-0.4030431807041168,0.4272286891937256,0.4145121276378631,-0.5590038299560547,0.3764940500259399,0.3989211022853851,-0.1255592703819275,0.5310758948326111,0.5078389644622803,-0.1450419425964355,0.4691605269908905,0.4928230047225952,0.1448426842689514,0.4062905311584472,0.5088333487510681,-0.5307791233062744,0.3382130265235901,0.4945843815803528,0.0282124895602464,0.4605925381183624,0.6073194146156311,-0.2598631680011749,0.4013084173202514,0.5776112079620361,0.2824026048183441
D,False,0.3439523875713348,0.3749445676803589,-0.4383029639720917,0.4238210916519165,0.4125212728977203,-0.597611129283905,0.3802510797977447,0.396691620349884,-0.124711237847805,0.5280377268791199,0.5088577270507812,-0.1571681946516037,0.4713668823242187,0.4918717741966247,0.1570527106523513,0.4104235768318176,0.5374478697776794,-0.4632758200168609,0.3440165519714355,0.5126784443855286,0.1145277768373489,0.4526118040084839,0.6193428039550781,-0.2066469937562942,0.393429696559906,0.5896258354187012,0.3965745270252228
D,False,0.3509666323661804,0.3852119445800781,-0.4414258301258087,0.4427841603755951,0.4211098849773407,-0.5329203009605408,0.3741537034511566,0.4062643647193908,-0.1321149617433548,0.5314587950706482,0.5043076872825623,-0.124288409948349,0.467796117067337,0.4963721930980682,0.1240152344107627,0.4265518486499786,0.5061683654785156,-0.5838863849639893,0.3429024815559387,0.4856955707073211,-0.1048172712326049,0.4615527093410492,0.5932999849319458,-0.3175528347492218,0.3924288749694824,0.5669857263565063,0.1159179881215095
D,False,0.3416458070278168,0.3694664537906647,-0.4094424247741699,0.4192379117012024,0.4048908650875091,-0.5533150434494019,0.3896700143814087,0.3989485800266266,-0.0813667699694633,0.5257536768913269,0.5061208605766296,-0.1565832197666168,0.4729154706001282,0.4944035112857818,0.1565086841583252,0.4082295298576355,0.5511016249656677,-0.4120543003082275,0.3382838070392608,0.5252090692520142,0.0759122148156166,0.4503735303878784,0.6331865787506104,-0.1256384253501892,0.3797207772731781,0.6044623255729675,0.3803201019763946
D,False,0.3473138213157654,0.3714192509651184,-0.3858171105384826,0.4245079159736633,0.4069439470767975,-0.539560854434967,0.3867105841636657,0.3965591788291931,-0.0612670741975307,0.5268194079399109,0.5065908432006836,-0.1569263190031051,0.4724512696266174,0.4949278831481933,0.156900018453598,0.4006614685058594,0.5444279909133911,-0.3673548698425293,0.343201607465744,0.5196576714515686,0.0774481892585754,0.4649393558502197,0.6217449903488159,-0.0860070437192916,0.400540292263031,0.5940496921539307,0.3106811940670013
D,False,0.3506097197532654,0.3946724832057953,-0.476126879453659,0.4364352226257324,0.4279805123806,-0.5532299280166626,0.3756339251995086,0.4112685322761535,-0.1633514612913131,0.532507061958313,0.5074666738510132,-0.1269652843475341,0.4668751358985901,0.49325031042099,0.1266741454601287,0.425591230392456,0.5194296836853027,-0.54982990026474,0.3517748713493347,0.4977304339408874,-0.0686026662588119,0.4716444015502929,0.6029559969902039,-0.3170041739940643,0.4017183184623718,0.5771570801734924,0.1610261052846908
D,False,0.3337158560752868,0.3832759857177734,-0.4067255854606628,0.4126122593879699,0.4204166829586029,-0.5574003458023071,0.3646853566169739,0.404997706413269,-0.113532118499279,0.5305932760238647,0.5075798034667969,-0.1486310809850692,0.4691798686981201,0.4936009347438812,0.1485453844070434,0.4084232449531555,0.5289300084114075,-0.5082846283912659,0.3450084626674652,0.5123634934425354,0.0577782876789569,0.4652807712554931,0.6174213290214539,-0.2261098027229309,0.3990048766136169,0.5869805216789246,0.3354375064373016
D,False,0.327912300825119,0.3642392754554748,-0.3445851802825928,0.392433613538742,0.4044085443019867,-0.5287114381790161,0.3600580394268036,0.3893862664699554,-0.0429790876805782,0.527357280254364,0.508239209651947,-0.1576197892427444,0.4724735915660858,0.4930649697780609,0.1576470732688903,0.4079236686229706,0.546826183795929,-0.366094559431076,0.3335267007350921,0.5239831209182739,0.2392653822898864,0.4489885866641998,0.6373736262321472,-0.1669697612524032,0.3926354944705963,0.6064595580101013,0.5235833525657654
D,False,0.3402793705463409,0.3913504183292389,-0.4926069378852844,0.4269775152206421,0.4263553619384765,-0.579852283000946,0.3705345392227173,0.4099659025669098,-0.1907233744859695,0.5305547118186951,0.5032867789268494,-0.124226726591587,0.4682856798171997,0.4971186816692352,0.1240120008587837,0.4374370574951172,0.5239785313606262,-0.5587920546531677,0.3484083712100982,0.4982958137989044,-0.1087904050946235,0.4616881608963012,0.6053784489631653,-0.2600370645523071,0.3914328217506408,0.5766130089759827,0.1191719993948936
D,False,0.3324982523918152,0.3898285627365112,-0.433070033788681,0.4167301654815674,0.4245787560939789,-0.5554500222206116,0.3611904084682464,0.4104967713356018,-0.1361697167158126,0.5313619375228882,0.5069069266319275,-0.1375916004180908,0.4685474038124084,0.493336945772171,0.1373269110918045,0.4066529273986816,0.5239671468734741,-0.4785345792770386,0.3408911228179931,0.501471757888794,0.0081568527966737,0.4618998169898987,0.6096267104148865,-0.1856178641319275,0.3919297456741333,0.5812429785728455,0.25255087018013
D,False,0.6767648458480835,0.371352881193161,-0.3276959955692291,0.629565417766571,0.3994820713996887,-0.0437276326119899,0.5845457315444946,0.4071445763111114,-0.4898248612880707,0.523678183555603,0.4947611689567566,0.1389588266611099,0.4751878678798675,0.506551206111908,-0.1388733685016632,0.664470911026001,0.5158969759941101,0.0779352188110351,0.5985307097434998,0.5477200746536255,-0.3215105533599853,0.600050151348114,0.5951810479164124,0.2786824703216553,0.5444740056991577,0.6275845170021057,-0.1020192727446556
D,False,0.6836356520652771,0.3774427771568298,-0.3030762076377868,0.6343061923980713,0.4011929333209991,0.0130278747528791,0.588241457939148,0.4124452471733093,-0.4263966977596283,0.5259252786636353,0.4937135875225067,0.1329800337553024,0.4737232327461242,0.5066539645195007,-0.1329056322574615,0.6620388031005859,0.4973049461841583,0.0596878826618194,0.6030834913253784,0.5233124494552612,-0.4142228066921234,0.5977041125297546,0.5741698145866394,0.2501260936260223,0.5494906306266785,0.6067568063735962,-0.2362635135650634
D,False,0.7109013199806213,0.3735714256763458,-0.2630664408206939,0.6607146263122559,0.3975459337234497,0.0106798708438873,0.6147627234458923,0.4105775952339172,-0.4775271713733673,0.5280390381813049,0.4935557544231415,0.1459161341190338,0.4707977771759033,0.5068606734275818,-0.1456842124462127,0.6750873327255249,0.5045538544654846,0.1117162033915519,0.6138770580291748,0.5256316661834717,-0.4623336791992187,0.6203272938728333,0.5887771248817444,0.2851298153400421,0.5659448504447937,0.6275667548179626,-0.3183193504810333
D,False,0.7038693428039551,0.3784573972225189,-0.2828843593597412,0.6539741158485413,0.4014681577682495,0.0057805753313004,0.607066810131073,0.4172005951404571,-0.4578579068183899,0.5305607318878174,0.4941258728504181,0.1467181295156479,0.4700533151626587,0.5062087178230286,-0.1464734375476837,0.6606619358062744,0.5003136992454529,0.0656878948211669,0.6034601330757141,0.524673581123352,-0.4815259575843811,0.614139199256897,0.5854966044425964,0.29091277718544,0.5607170462608337,0.6233651638031006,-0.363164484500885
D,False,0.6780973672866821,0.3642794191837311,-0.2058696448802948,0.620914876461029,0.3987445533275604,0.0519341491162776,0.5992090106010437,0.3996712267398834,-0.4207839965820312,0.5237215161323547,0.4939553439617157,0.1481724381446838,0.4756487607955932,0.5065233707427979,-0.1480099856853485,0.6637646555900574,0.5155672430992126,0.108156107366085,0.6035295128822327,0.546238124370575,-0.2703478038311004,0.6042205095291138,0.5964493751525879,0.2905292510986328,0.5513362884521484,0.6277321577072144,-0.0951848998665809
D,False,0.6802595257759094,0.3710918426513672,-0.2202734351158142,0.6282776594161987,0.395791083574295,0.0286240875720977,0.5983318090438843,0.4034652709960937,-0.4176540672779083,0.5220775604248047,0.4941298067569732,0.1411990374326706,0.4789856076240539,0.506024956703186,-0.141043558716774,0.6584339141845703,0.5033889412879944,0.1031846478581428,0.6177101135253906,0.5292982459068298,-0.3029267489910126,0.6024746298789978,0.5853766798973083,0.2641839981079101,0.5558581352233887,0.6119285225868225,-0.1463516652584076
D,False,0.672546923160553,0.3613276183605194,-0.2770887613296509,0.6136770844459534,0.3961902856826782,0.0308689568191766,0.5760313272476196,0.3939343392848968,-0.4448693990707397,0.5274314880371094,0.4980535805225372,0.1472405642271042,0.4730912148952484,0.5031936168670654,-0.1472259014844894,0.6589305996894836,0.5323852300643921,0.0735469162464141,0.5868877172470093,0.5664170980453491,-0.2537187039852142,0.6054664850234985,0.6154561042785645,0.283522367477417,0.5438684225082397,0.6465253829956055,-0.0631401762366294
D,False,0.6864890456199646,0.3656038641929626,-0.2064485400915146,0.6360749006271362,0.3934301733970642,0.0627651661634445,0.6044467091560364,0.4032175242900848,-0.4081113338470459,0.5251931548118591,0.4958434402942657,0.1456935852766037,0.4740946590900421,0.5057294368743896,-0.145513042807579,0.6733664274215698,0.5205787420272827,0.0732854977250099,0.6094380021095276,0.5497221350669861,-0.3208784162998199,0.6159764528274536,0.6030917167663574,0.2447341978549957,0.5563510060310364,0.6362217664718628,-0.1763751059770584
D,False,0.6939793229103088,0.3795334696769714,-0.2244126796722412,0.6507688760757446,0.4015606939792633,0.0447424314916133,0.607119619846344,0.4142478406429291,-0.4057370722293854,0.5267098546028137,0.4936811923980713,0.1377789676189422,0.4733003973960876,0.5072689056396484,-0.1375752985477447,0.6711741089820862,0.4799026846885681,0.099472552537918,0.6128531098365784,0.4987654089927673,-0.4783233106136322,0.6238052248954773,0.5611264109611511,0.2791621088981628,0.558422327041626,0.5991150140762329,-0.3594264984130859
D,False,0.6896125674247742,0.3635310530662536,-0.2275556623935699,0.628239095211029,0.3964571356773376,0.0555428676307201,0.6154249310493469,0.3998178243637085,-0.4542974233627319,0.5216565728187561,0.4953205585479736,0.1667164862155914,0.4781264960765838,0.5063121318817139,-0.1665801852941513,0.6706777215003967,0.5227031707763672,0.2238827347755432,0.61798095703125,0.5529702305793762,-0.2381120026111602,0.6078888773918152,0.605586588382721,0.4321344792842865,0.5559249520301819,0.6367945075035095,-0.0946915969252586
D,False,0.6699843406677246,0.3578681349754333,-0.2431744635105133,0.6184881925582886,0.3859245479106903,0.0241337269544601,0.5869100689888,0.3976308405399322,-0.4575023651123047,0.5274602174758911,0.4951468408107757,0.1476445943117141,0.4735374450683594,0.5063382983207703,-0.1474732905626297,0.6706362962722778,0.5145980715751648,0.047897532582283,0.5970813035964966,0.5457949638366699,-0.4232540726661682,0.6068665981292725,0.5939620137214661,0.2697780430316925,0.5515850186347961,0.6283774375915527,-0.2209568917751312
D,False,0.6688870191574097,0.3747030794620514,-0.3325968086719513,0.6262586116790771,0.401611179113388,-0.0084799658507108,0.5744108557701111,0.4088903963565826,-0.4383969306945801,0.5266773700714111,0.4962086677551269,0.1327473074197769,0.4744804799556732,0.5045745968818665,-0.1326472610235214,0.6537808775901794,0.5014126300811768,0.0342413075268268,0.6032326221466064,0.5244064927101135,-0.3811515271663666,0.5880641341209412,0.5731945037841797,0.2088492214679718,0.540230929851532,0.605743944644928,-0.2158214598894119
D,False,0.708439826965332,0.3803061246871948,-0.2224514037370681,0.6599209308624268,0.4040252566337585,0.0608529038727283,0.6174766421318054,0.4117221534252167,-0.4209264814853668,0.524566650390625,0.4945074915885925,0.1459356099367141,0.4744837284088135,0.5066338777542114,-0.1456994861364364,0.6814365386962891,0.4876044392585754,0.1510196030139923,0.6175328493118286,0.5024793744087219,-0.5233055353164673,0.6226909160614014,0.5696768760681152,0.3137152194976806,0.5680050253868103,0.6051874160766602,-0.4508475661277771
D,False,0.6925976872444153,0.3645082116127014,-0.2716812491416931,0.6468038558959961,0.391255646944046,-0.0071179419755935,0.612422525882721,0.4001622200012207,-0.4809670746326446,0.5272595882415771,0.4942232072353363,0.1458135247230529,0.4739560484886169,0.5065558552742004,-0.145583838224411,0.6729288697242737,0.5181558728218079,0.0908906534314155,0.5864230394363403,0.5393520593643188,-0.3360799849033355,0.6172714233398438,0.6004722118377686,0.2734696865081787,0.5571638345718384,0.6356601119041443,-0.1920132040977478
D,False,0.6853786110877991,0.383930504322052,-0.309494286775589,0.646589457988739,0.4020509123802185,-0.0121424458920955,0.5979138016700745,0.416256695985794,-0.4522780478000641,0.5266129374504089,0.4952282905578613,0.1344940513372421,0.4720500707626343,0.5057831406593323,-0.134263277053833,0.6615774035453796,0.4935579299926758,0.0748147964477539,0.5972525477409363,0.5124967098236084,-0.5143884420394897,0.6087905168533325,0.5755203366279602,0.295445829629898,0.5506700277328491,0.6097016930580139,-0.396367460489273
D,False,0.6812635064125061,0.376261830329895,-0.3343966603279114,0.6364011168479919,0.3972820341587066,-0.0117942411452531,0.5958307385444641,0.4110338687896728,-0.466071605682373,0.5280795097351074,0.494472324848175,0.1368196308612823,0.472783625125885,0.5071718096733093,-0.1366648077964782,0.6675593256950378,0.49317067861557,0.0096926391124725,0.5903576612472534,0.5075569748878479,-0.5067155361175537,0.6053909063339233,0.5723230242729187,0.2148388624191284,0.5541700720787048,0.6064886450767517,-0.3487024307250976
D,False,0.6725314259529114,0.3727598488330841,-0.2163586020469665,0.6274662613868713,0.3987147510051727,0.0547473020851612,0.5891661643981934,0.4075598120689392,-0.4029427170753479,0.5286076068878174,0.4952210187911987,0.1375748068094253,0.4721716046333313,0.5052658915519714,-0.1373074650764465,0.6631186604499817,0.4920898675918579,-0.0334384739398956,0.6039267182350159,0.5103047490119934,-0.4995379745960235,0.6009430289268494,0.5758638381958008,0.1284274011850357,0.553790271282196,0.6020296812057495,-0.3177608847618103
D,False,0.6730729341506958,0.3763909935951233,-0.234546422958374,0.6335421204566956,0.402845948934555,0.0368615612387657,0.5899711847305298,0.4094885587692261,-0.4172684848308563,0.5284028053283691,0.4950050413608551,0.1357075273990631,0.4701617658138275,0.5065116286277771,-0.1354497522115707,0.6637400984764099,0.4971038401126861,0.000567190174479,0.5855263471603394,0.5099679231643677,-0.5093272924423218,0.605898380279541,0.5767295360565186,0.2036433964967727,0.5454844236373901,0.6083885431289673,-0.3284801542758941
D,False,0.6725186109542847,0.3722459673881531,-0.2231662720441818,0.6232467889785767,0.3982010185718536,0.0327331088483333,0.5946316123008728,0.4099336266517639,-0.4133314490318298,0.5243501663208008,0.4959767460823059,0.1346964240074157,0.4751471579074859,0.5045604109764099,-0.1344903856515884,0.6639457941055298,0.5138432383537292,0.0339142829179763,0.5836386680603027,0.5374051332473755,-0.4352122545242309,0.6100229620933533,0.5921138525009155,0.2270860522985458,0.54950350522995,0.6235764622688293,-0.2739754617214203
D,False,0.6654288172721863,0.3787322640419006,-0.1859694421291351,0.6291995644569397,0.3998646438121795,0.0580404959619045,0.5796410441398621,0.4114962518215179,-0.3477798104286194,0.527640163898468,0.4954571723937988,0.1199574023485183,0.4724203944206238,0.505488395690918,-0.1197046563029289,0.6633167862892151,0.4867280125617981,-0.0601466484367847,0.5980114936828613,0.4987149238586426,-0.486793577671051,0.5959622263908386,0.5762977004051208,0.0624342896044254,0.552324652671814,0.5896500945091248,-0.3506393730640411
D,False,0.6691356897354126,0.3647509813308716,-0.2527748346328735,0.6251637935638428,0.3905560374259949,0.044012114405632,0.5956180095672607,0.3961513340473175,-0.4454562366008758,0.5247842669487,0.4957981705665588,0.1505057066679,0.4753391742706299,0.5055692195892334,-0.1503131538629531,0.6703528165817261,0.5227869749069214,0.0612397640943527,0.5985331535339355,0.5464379787445068,-0.3885348737239837,0.6134490370750427,0.6048861145973206,0.2646865248680115,0.5518054962158203,0.6326396465301514,-0.2531261444091797
D,False,0.670453667640686,0.370933473110199,-0.2034593373537063,0.6171233057975769,0.3984972238540649,0.0493014752864837,0.5907776355743408,0.4034761786460876,-0.4026397168636322,0.5230085849761963,0.4968142211437225,0.139653131365776,0.4775570333003998,0.5037086606025696,-0.1395008116960525,0.6608549356460571,0.5209921598434448,0.0702709406614303,0.5904505848884583,0.5444574356079102,-0.3377285897731781,0.6065143346786499,0.5984196662902832,0.2287525832653045,0.543748676776886,0.6263681650161743,-0.1943201869726181
D,False,0.668029248714447,0.3860972225666046,-0.3271980881690979,0.6339141726493835,0.4005454778671264,-0.0521928742527961,0.584747850894928,0.4179425835609436,-0.4194857776165008,0.5289697647094727,0.4955774247646332,0.1097199991345405,0.4703196287155151,0.5053664445877075,-0.1094184443354606,0.6531740427017212,0.4940943419933319,-0.0128333577886223,0.5689356327056885,0.5030403137207031,-0.5046724081039429,0.6048781275749207,0.5706926584243774,0.1926157027482986,0.5429788827896118,0.5987745523452759,-0.3813186883926391
D,False,0.684423565864563,0.3784738481044769,-0.2783482074737549,0.6451091766357422,0.3982367515563965,0.0019126419210806,0.5903523564338684,0.4101763963699341,-0.4558323919773102,0.531385600566864,0.4969627261161804,0.1293490529060363,0.4699082374572754,0.504551112651825,-0.1290664374828338,0.6690548658370972,0.5065298080444336,-0.0345653928816318,0.5784860849380493,0.520085871219635,-0.5754843354225159,0.6029019355773926,0.5830617547035217,0.1548516452312469,0.5419719219207764,0.6109276413917542,-0.4015338718891144
D,False,0.6835854649543762,0.3701420128345489,-0.3026041090488434,0.6236620545387268,0.3976226449012756,-0.030394323170185,0.6016976237297058,0.4062443375587463,-0.4835930168628692,0.520665168762207,0.497316837310791,0.1415708065032959,0.4798262119293213,0.5036609768867493,-0.1415175944566726,0.657199501991272,0.5296311378479004,0.1064637899398803,0.5866034030914307,0.5583215355873108,-0.1748880445957183,0.6091658473014832,0.6131190061569214,0.2797436118125915,0.5546045899391174,0.6375967264175415,0.0169136077165603
D,False,0.6840503811836243,0.3862028121948242,-0.2308774441480636,0.6308032870292664,0.4032895863056183,0.0396694839000701,0.598941445350647,0.4140922129154205,-0.4067612886428833,0.5253247618675232,0.4967725574970245,0.1340604871511459,0.4734086096286773,0.5040422677993774,-0.1338430196046829,0.6647254824638367,0.4927038252353668,-0.0413748957216739,0.5985820889472961,0.5031520128250122,-0.5309888124465942,0.61351078748703,0.5703330636024475,0.1076603382825851,0.5577517151832581,0.6009110808372498,-0.4081850349903106
D,False,0.6859073638916016,0.3821333050727844,-0.2653412818908691,0.6370999217033386,0.3986065089702606,0.0069460072554647,0.599910318851471,0.4110254347324371,-0.4314279556274414,0.527500569820404,0.4961337745189667,0.1326872557401657,0.4718576967716217,0.5045876502990723,-0.1324553042650222,0.6640913486480713,0.4968656599521637,0.0048310351558029,0.5932611227035522,0.5147354602813721,-0.5362889766693115,0.6095969676971436,0.5727429986000061,0.2020404785871505,0.5501744151115417,0.6060361862182617,-0.4035637378692627
D,False,0.3443826138973236,0.3717996180057525,-0.2043027281761169,0.412747174501419,0.3996020555496216,-0.4031979739665985,0.3869692385196686,0.4026506543159485,0.0649501830339431,0.5236012935638428,0.5040240287780762,-0.1472858339548111,0.4766882956027984,0.4972403645515442,0.1473756730556488,0.425405889749527,0.5258658528327942,-0.3784331679344177,0.3381630480289459,0.5106785893440247,0.1722645312547683,0.4670606553554535,0.5964851975440979,-0.0657057985663414,0.4171750247478485,0.5741945505142212,0.3809370398521423
D,False,0.6511218547821045,0.3772282898426056,-0.1658811867237091,0.5990064144134521,0.4096130430698395,0.1203342899680137,0.5691120624542236,0.3980753421783447,-0.3517733812332153,0.5265868306159973,0.4984699487686157,0.1360278874635696,0.4739075899124145,0.5028054118156433,-0.1359990388154983,0.6525312066078186,0.5160877704620361,0.0506253950297832,0.5609086751937866,0.5235415697097778,-0.4013313949108124,0.5761905312538147,0.5786108374595642,0.2131703197956085,0.5225188732147217,0.5968653559684753,-0.2064017802476883
D,False,0.3317040801048279,0.3837071657180786,-0.1705835461616516,0.4102027416229248,0.3937143683433532,-0.4031892418861389,0.4003117680549621,0.3934749364852905,0.1093626469373703,0.5096762776374817,0.5054510831832886,-0.1619652360677719,0.4889857769012451,0.4953629374504089,0.1619975119829177,0.3428665399551391,0.5056267976760864,-0.178195983171463,0.3397291898727417,0.5005815625190735,0.2705267369747162,0.4422370195388794,0.5785068869590759,0.1217640489339828,0.4255694150924682,0.564557671546936,0.4649403989315033
D,False,0.31842041015625,0.3980806767940521,-0.197534903883934,0.4043055176734924,0.3996376097202301,-0.4196575284004211,0.3907662034034729,0.3990601599216461,0.067607045173645,0.514883279800415,0.5055767893791199,-0.1588038057088852,0.4836968779563904,0.4952893853187561,0.1589011549949646,0.3518828153610229,0.5265198349952698,-0.2803493738174438,0.3378350436687469,0.5172603726387024,0.2374320179224014,0.4540489315986633,0.5938361287117004,0.0036784114781767,0.4244794249534607,0.5713849067687988,0.4444936215877533
D,False,0.3083856403827667,0.3884743452072143,-0.2664696872234344,0.3726813495159149,0.4186422228813171,-0.4412919878959656,0.3670736253261566,0.407056987285614,0.0033103267196565,0.5104431509971619,0.5072975158691406,-0.147568017244339,0.4904895722866058,0.492848128080368,0.1477012932300567,0.3588988482952118,0.5078980922698975,-0.1328715682029724,0.3556726276874542,0.5003816485404968,0.2961091995239258,0.4135416448116302,0.5900918841362,0.1290853917598724,0.4002854526042938,0.572039783000946,0.5800082087516785
D,False,0.3483443260192871,0.3725917041301727,-0.2242008447647094,0.4142032265663147,0.3983693122863769,-0.4393654465675354,0.402489423751831,0.3948028087615967,0.0488582737743854,0.5115858912467957,0.507466733455658,-0.1574535071849823,0.4888575077056885,0.4929824769496918,0.1575155407190323,0.3627356290817261,0.4953257739543915,-0.1563041508197784,0.3532218337059021,0.4851052463054657,0.278144508600235,0.4623050689697265,0.5599347949028015,0.2016088664531707,0.4394181966781616,0.5429263114929199,0.5546430945396423
D,False,0.3382458984851837,0.3708476424217224,-0.1998611390590667,0.4061505496501922,0.3969884514808655,-0.4153773784637451,0.4046908318996429,0.3955228924751282,0.0685469880700111,0.5112035274505615,0.5048301219940186,-0.1537876576185226,0.4885211288928985,0.4952466487884521,0.1538899540901184,0.3590529859066009,0.5309978723526001,-0.1218846961855888,0.34975466132164,0.5204410552978516,0.2245410084724426,0.4530006349086761,0.6011836528778076,0.1271818429231643,0.427603155374527,0.5865798592567444,0.4744661152362823
D,False,0.3507217466831207,0.3707429468631744,-0.2845193445682525,0.4174472093582153,0.3931141793727875,-0.5023338198661804,0.3988807499408722,0.396665096282959,0.0027746919076889,0.5133309364318848,0.5030714273452759,-0.1645713001489639,0.4858788549900055,0.4970078468322754,0.1646605134010315,0.3541678190231323,0.5263301730155945,-0.2408709973096847,0.3457551300525665,0.5212646126747131,0.2355745732784271,0.4850230515003204,0.5769368410110474,0.0927459746599197,0.4482108950614929,0.5625336170196533,0.4928825199604034
D,False,0.3254086375236511,0.394271582365036,-0.2233775556087494,0.3959939777851105,0.4184554517269134,-0.4227880537509918,0.3759472668170929,0.4032742381095886,0.0408165007829666,0.5132496356964111,0.5100253820419312,-0.1468670815229416,0.4859966933727264,0.4911635220050812,0.1468423455953598,0.3754401504993438,0.4727534353733063,-0.231144517660141,0.3605266213417053,0.4575462341308594,0.2977820336818695,0.4305969774723053,0.5499639511108398,0.1028936058282852,0.4145378768444061,0.5264447927474976,0.5122537016868591
D,False,0.3777209818363189,0.3679186105728149,-0.2386415004730224,0.4422393143177032,0.3891002833843231,-0.4627499282360077,0.4207120835781097,0.3945260643959045,0.0395716838538646,0.512575626373291,0.5032365322113037,-0.162562608718872,0.4876716732978821,0.4973505735397339,0.1625783592462539,0.3530957698822021,0.523016095161438,-0.1970579922199249,0.3372893929481506,0.5169716477394104,0.2165616154670715,0.4940428137779236,0.5674622654914856,0.0685113444924354,0.4562467932701111,0.5531014800071716,0.4296292662620544
D,False,0.3106280267238617,0.4023623466491699,-0.2403449565172195,0.3792610168457031,0.4313795268535614,-0.4143388867378235,0.3690332770347595,0.4259268641471863,0.0203745905309915,0.5147168040275574,0.5055287480354309,-0.1503891050815582,0.4844973683357239,0.495375394821167,0.1506530046463012,0.372875839471817,0.5084090232849121,-0.244625836610794,0.3552716076374054,0.5008399486541748,0.2224502861499786,0.430431604385376,0.5895954370498657,-0.1363439708948135,0.4090909361839294,0.5715840458869934,0.3921526074409485
D,False,0.341426283121109,0.3804291784763336,-0.2567103803157806,0.4136720299720764,0.4081766903400421,-0.4555269479751587,0.3985463976860046,0.4087558090686798,0.0239049140363931,0.5143072605133057,0.5042757391929626,-0.1522682309150695,0.4850907921791076,0.4961709678173065,0.1523818522691726,0.3737783432006836,0.5201982259750366,-0.1972662508487701,0.3493668138980865,0.5091554522514343,0.2147354930639267,0.4455159306526184,0.595122218132019,0.1026706248521804,0.4162453413009643,0.5762574076652527,0.476049542427063
D,False,0.317567229270935,0.3986730277538299,-0.2376837432384491,0.4031473696231842,0.4101550281047821,-0.4116929471492767,0.3663536012172699,0.4155006408691406,0.0023270365782082,0.5192103385925293,0.5041695237159729,-0.129794642329216,0.4811167418956756,0.496564507484436,0.1297195851802826,0.3811531364917755,0.5086778402328491,-0.4203282296657562,0.353693276643753,0.5038737058639526,0.1105670481920242,0.4245106279850006,0.5948387980461121,-0.2340638041496276,0.3954343497753143,0.5791577696800232,0.2690112888813019
D,False,0.3334516584873199,0.3785779178142547,-0.2689084708690643,0.3956628739833832,0.4078317880630493,-0.4466397762298584,0.372807115316391,0.4074236750602722,-0.0029246644116938,0.5173664093017578,0.5057321190834045,-0.1415309011936187,0.4836144745349884,0.4959213435649872,0.1416590064764022,0.3766922056674957,0.5214290022850037,-0.3308267593383789,0.3534856736660003,0.5127156972885132,0.2040330916643142,0.4244193136692047,0.607089102268219,-0.1365604400634765,0.3973579704761505,0.5862833261489868,0.4266912043094635
D,False,0.3436009883880615,0.3858561515808105,-0.1972425729036331,0.4149741232395172,0.4112446308135986,-0.3920498192310333,0.4035875499248504,0.4048108458518982,0.0510573498904705,0.5129499435424805,0.5043067932128906,-0.1406906396150589,0.4865995943546295,0.4962658286094665,0.1405268609523773,0.386048823595047,0.4491164088249206,-0.2544969022274017,0.3750593364238739,0.4443489909172058,0.2236063033342361,0.4380525052547455,0.5302181839942932,0.0466331988573074,0.4264214932918548,0.5171557068824768,0.3547114431858063
D,False,0.3460664749145508,0.3891268968582153,-0.2204682230949401,0.4107975661754608,0.4140089154243469,-0.4363596737384796,0.4002256989479065,0.4027568101882934,0.0465414263308048,0.5115306377410889,0.5063918828964233,-0.1515135467052459,0.4889634847640991,0.4936898350715637,0.1515059918165207,0.3818483650684356,0.462930679321289,-0.3133845925331116,0.3701152503490448,0.4533736705780029,0.2864552438259125,0.4378186464309692,0.5398046374320984,0.0256683211773633,0.4279052019119262,0.5237365961074829,0.4750348031520843
D,False,0.3492377996444702,0.3699672520160675,-0.2631075084209442,0.4063217341899872,0.3964215517044067,-0.4597424268722534,0.3972513079643249,0.3965722322463989,0.0217466000467538,0.5163256525993347,0.5064383745193481,-0.1566611230373382,0.484863132238388,0.4952160716056824,0.1568169742822647,0.3717003166675567,0.5360420346260071,-0.2134461402893066,0.3542754054069519,0.5234493613243103,0.2635483741760254,0.4572086632251739,0.606842577457428,0.0768677592277526,0.4258240163326263,0.5859712958335876,0.5488414168357849
D,False,0.3659318685531616,0.3631540834903717,-0.1491109579801559,0.4236026406288147,0.3882707357406616,-0.3824642300605774,0.4338839650154114,0.390156626701355,0.1220479756593704,0.5081987977027893,0.5033388137817383,-0.158484011888504,0.4925907850265503,0.4978486597537994,0.158473864197731,0.3545543253421783,0.5194283127784729,-0.1504115462303161,0.3490541577339172,0.5119833946228027,0.2450369447469711,0.4808272123336792,0.5761569142341614,0.1176096051931381,0.4538154602050781,0.5629323720932007,0.4232635200023651
D,False,0.3834108710289001,0.355370283126831,-0.2239631414413452,0.4472867846488952,0.3816892802715301,-0.4390691518783569,0.414047360420227,0.3915019035339355,0.0744652673602104,0.5158553123474121,0.503505527973175,-0.1603949666023254,0.4853243827819824,0.4964965283870697,0.1604679673910141,0.3600295186042785,0.5251101851463318,-0.1984163224697113,0.3417370319366455,0.5181353688240051,0.2157034128904342,0.4878446459770202,0.5791022181510925,0.1286313235759735,0.4477413892745971,0.5659162998199463,0.4357916116714477
D,False,0.3129378855228424,0.3988318741321563,-0.1913086622953415,0.3704034686088562,0.414903312921524,-0.3990720510482788,0.3858044743537903,0.4018595814704895,0.0447492152452468,0.5051813721656799,0.5081731081008911,-0.1463188380002975,0.4940510988235473,0.492194652557373,0.1463103145360946,0.3532828092575073,0.5044612884521484,-0.1228898018598556,0.3553787469863891,0.4935094714164734,0.3170232772827148,0.4129752516746521,0.5822694301605225,0.1430158913135528,0.403552234172821,0.5557255744934082,0.5580406785011292
D,False,0.3339155316352844,0.3804776668548584,-0.2391274273395538,0.4031735062599182,0.4062887728214264,-0.4472368359565735,0.3902364373207092,0.40335413813591,0.0299686547368764,0.5139665603637695,0.5044583678245544,-0.1543504148721695,0.4848421216011047,0.4956524074077606,0.1544730067253112,0.3687055110931396,0.5190210342407227,-0.1901695877313614,0.3528974652290344,0.511009156703949,0.2127798348665237,0.4524174928665161,0.595292866230011,0.1204712465405464,0.4213864207267761,0.577375590801239,0.4803867042064667
D,False,0.3371604979038238,0.3712817132472992,-0.1859783977270126,0.3981663882732391,0.3980118036270141,-0.4115466177463531,0.3922300040721893,0.3939358592033386,0.0978881493210792,0.5119259357452393,0.5073519349098206,-0.1629233956336975,0.4881271421909332,0.4937520921230316,0.1630082875490188,0.3516055643558502,0.5093770623207092,-0.189596489071846,0.3417618572711944,0.4996323883533478,0.3271567821502685,0.429622083902359,0.5868765115737915,0.0757569298148155,0.4106095135211944,0.5646007657051086,0.5313839316368103
D,False,0.6594317555427551,0.389313668012619,-0.1393690854310989,0.5918307900428772,0.4016506671905517,0.1170513033866882,0.5958954095840454,0.3984070420265198,-0.3523168563842773,0.5064835548400879,0.4937695264816284,0.1505586504936218,0.4944896399974823,0.5064379572868347,-0.1506315767765045,0.6495376825332642,0.5044716596603394,0.2283518761396408,0.6507326364517212,0.5116422772407532,-0.1773856431245803,0.5831577777862549,0.5678163170814514,0.355583906173706,0.5494012832641602,0.5846997499465942,0.0341701656579971
D,False,0.6718451380729675,0.3989431858062744,-0.0723923295736312,0.6176429390907288,0.4036758542060852,0.1917321383953094,0.6109458804130554,0.3947531282901764,-0.3092822730541229,0.5124501585960388,0.4955524206161499,0.1583201140165329,0.4870186448097229,0.5058066844940186,-0.1583605259656906,0.6571224331855774,0.5174639225006104,0.1859860867261886,0.6452850103378296,0.5241352319717407,-0.2317881882190704,0.5743089914321899,0.5812332034111023,0.2863505184650421,0.5469843745231628,0.592242419719696,0.001463221036829
D,False,0.6846073269844055,0.3875041306018829,-0.1753734052181244,0.6353319883346558,0.4144864380359649,0.1139870509505271,0.6148706674575806,0.4097303748130798,-0.4006923139095306,0.5172985196113586,0.4974977076053619,0.1644096970558166,0.4822979569435119,0.5031235814094543,-0.1642517447471618,0.654821515083313,0.5021469593048096,0.2010221779346466,0.622878909111023,0.503271222114563,-0.322338193655014,0.6015658974647522,0.5781354904174805,0.3145164549350738,0.5737799406051636,0.5916865468025208,-0.1739265173673629
D,False,0.6545710563659668,0.3707765638828277,-0.1086408048868179,0.6142053604125977,0.3974689245223999,0.1427805721759796,0.5925986170768738,0.3915711641311645,-0.3240941166877746,0.5148487091064453,0.497480183839798,0.1508781313896179,0.4841510951519012,0.5034272074699402,-0.1508889943361282,0.6548551917076111,0.4879585802555084,0.2228898108005523,0.6439588069915771,0.4892424046993255,-0.2289880365133285,0.563028872013092,0.5463598370552063,0.3455470502376556,0.5430372357368469,0.5592117309570312,-0.0026611038483679
D,False,0.6536880135536194,0.3721915185451507,-0.159798115491867,0.5936850309371948,0.4006596505641937,0.1146357581019401,0.6019766330718994,0.3950715065002441,-0.3881918787956238,0.5112574100494385,0.4948985278606415,0.163582906126976,0.488793671131134,0.5052668452262878,-0.1635376513004303,0.6430675387382507,0.5235357284545898,0.2838212847709656,0.6299476027488708,0.5339581370353699,-0.1530148833990097,0.5743764638900757,0.5871812105178833,0.4533166587352752,0.5403677225112915,0.6022095084190369,0.080427348613739
D,False,0.6467745304107666,0.3682917952537536,-0.1850334405899047,0.608740508556366,0.3969869613647461,0.1508375853300094,0.5771836638450623,0.3852052986621856,-0.4008597731590271,0.5232565999031067,0.4988422393798828,0.1671020537614822,0.4772493839263916,0.5012414455413818,-0.1671152710914611,0.6611678600311279,0.5212553143501282,0.1767654865980148,0.6290468573570251,0.5267871022224426,-0.291350394487381,0.5410999655723572,0.5648078322410583,0.3592183887958526,0.5065504312515259,0.5725337862968445,0.0741619393229484
D,False,0.6737803220748901,0.3876002132892608,-0.1373017877340316,0.6313263773918152,0.407276451587677,0.146246075630188,0.615999162197113,0.4088373780250549,-0.3545482158660888,0.5125933289527893,0.4949187934398651,0.1549759954214096,0.488073468208313,0.5061611533164978,-0.1549915522336959,0.641351044178009,0.454021543264389,0.2388675212860107,0.6293386816978455,0.4624428153038025,-0.2678649723529815,0.5822978019714355,0.5290027260780334,0.3611744940280914,0.5675457119941711,0.546411395072937,-0.0266037080436944
D,False,0.620780348777771,0.3644496202468872,-0.1914445608854293,0.576917290687561,0.3917100727558136,0.1382144391536712,0.5570198893547058,0.3829187154769897,-0.4146013855934143,0.5147053599357605,0.4958475232124328,0.1707507073879242,0.4851649105548858,0.504298985004425,-0.1709285378456115,0.65989750623703,0.5153326988220215,0.2282359302043914,0.640043318271637,0.5225865244865417,-0.2488657236099243,0.5333975553512573,0.5552973747253418,0.3771961033344269,0.5045192241668701,0.5657366514205933,0.110704131424427
D,False,0.6923670172691345,0.4034933447837829,-0.1906579136848449,0.6347275376319885,0.4270167350769043,0.0977789089083671,0.6230701208114624,0.4234444499015808,-0.400284469127655,0.5107210874557495,0.4984779953956604,0.1588827818632125,0.4886715412139892,0.502273440361023,-0.1587864309549331,0.6470005512237549,0.499320387840271,0.2304459363222122,0.6302734017372131,0.4955041408538818,-0.2799461483955383,0.6007319688796997,0.5715744495391846,0.3640378415584564,0.5719072222709656,0.5825996994972229,-0.1271677613258361
D,False,0.6633858680725098,0.3812558650970459,-0.1567997336387634,0.6069217920303345,0.4097287356853485,0.1052790358662605,0.5927069783210754,0.4050447940826416,-0.3592905402183532,0.5127595663070679,0.4967489540576935,0.1508831977844238,0.4883406460285187,0.503330409526825,-0.1508090496063232,0.6520803570747375,0.5080335140228271,0.1587321907281875,0.6370649933815002,0.510716438293457,-0.2242442667484283,0.5915355086326599,0.5794181227684021,0.2521098852157593,0.564344584941864,0.5915549993515015,-0.0483224727213382
D,False,0.676347017288208,0.3951331079006195,-0.1828258037567138,0.6319324970245361,0.4136984348297119,0.1000926494598388,0.6014038920402527,0.4058273136615753,-0.387332409620285,0.5224679112434387,0.4975684285163879,0.1482766270637512,0.4774712920188904,0.5040899515151978,-0.1481308043003082,0.6473262310028076,0.502970814704895,0.0267263799905776,0.609977662563324,0.5065147280693054,-0.4062624871730804,0.607927680015564,0.5825710892677307,0.0845079571008682,0.5761996507644653,0.5954833030700684,-0.3033204078674316
D,False,0.6647577285766602,0.380008339881897,-0.1828715205192566,0.6362951993942261,0.409871906042099,0.1023077741265297,0.6022730469703674,0.3996781706809997,-0.3969224393367767,0.5246558785438538,0.4968954920768738,0.1522343009710312,0.4765067100524902,0.5038262605667114,-0.1518027484416961,0.6544569730758667,0.5116625428199768,0.0794440731406211,0.6129053235054016,0.5181046724319458,-0.3672266006469726,0.608115017414093,0.5861561298370361,0.1749968230724334,0.5726750493049622,0.602738618850708,-0.2185684740543365
D,False,0.6607990860939026,0.3863261342048645,-0.1401973217725753,0.6159299612045288,0.4059596657752991,0.1605057120323181,0.6066752672195435,0.4025635123252868,-0.3614695072174072,0.5084275007247925,0.4986419081687927,0.1566218882799148,0.490466833114624,0.5022792220115662,-0.1567194461822509,0.6237353086471558,0.4466533660888672,0.2516239285469055,0.6140193939208984,0.4432456493377685,-0.2526197135448456,0.5724717974662781,0.5186828970909119,0.4199793040752411,0.5637881755828857,0.5269258618354797,0.0277075711637735
D,False,0.6580771207809448,0.3849770426750183,-0.1768958419561386,0.6206381916999817,0.4053611159324646,0.1230892241001129,0.6021268367767334,0.4057482481002807,-0.3847233951091766,0.5097407102584839,0.4955171346664428,0.1580797433853149,0.4891460835933685,0.5060845017433167,-0.1581293642520904,0.6366450190544128,0.4529085159301758,0.271581083536148,0.6298633813858032,0.4598277807235718,-0.2558391094207763,0.5772839784622192,0.522379994392395,0.4293301403522491,0.563947319984436,0.5407418012619019,0.0293107684701681
D,False,0.6522483229637146,0.3697796761989593,-0.2211508452892303,0.6116917729377747,0.4019999504089355,0.0794747248291969,0.5899949073791504,0.3934012651443481,-0.4334538280963897,0.5176226496696472,0.4959739148616791,0.1591220200061798,0.4819422662258148,0.5052371621131897,-0.1590122431516647,0.6484100222587585,0.5241848230361938,0.1307884305715561,0.6258013248443604,0.5328080058097839,-0.2306471318006515,0.575247585773468,0.5935771465301514,0.2481326162815094,0.545126736164093,0.6063551306724548,0.0055489507503807
D,False,0.6340077519416809,0.3596619069576263,-0.0627767667174339,0.5748633146286011,0.3890080451965332,0.1873506754636764,0.5865568518638611,0.3807481825351715,-0.2875641286373138,0.5013574957847595,0.4962171018123626,0.1600523591041565,0.4973505437374115,0.5048397779464722,-0.1601917296648025,0.6422768831253052,0.5085124969482422,0.2625345885753631,0.6509234309196472,0.5152496695518494,-0.1762853264808654,0.5363893508911133,0.5645871162414551,0.4005524814128876,0.5232288241386414,0.5712462663650513,0.0768072456121444
D,False,0.61738121509552,0.3600294589996338,-0.1567282080650329,0.5712847709655762,0.3954247832298279,0.1572978347539901,0.5647763609886169,0.3856008648872375,-0.3771698474884033,0.5104947090148926,0.4972890317440033,0.1644156724214553,0.48992720246315,0.5034283399581909,-0.1644829213619232,0.6578872203826904,0.5222966074943542,0.2224676311016082,0.6417475342750549,0.53158038854599,-0.2179117798805236,0.5444276928901672,0.5715087652206421,0.3398388922214508,0.5074623227119446,0.5806536078453064,0.1065265089273452
D,False,0.6837146282196045,0.3967975676059723,-0.1425363719463348,0.6313176155090332,0.4048622250556946,0.1242725998163223,0.624233067035675,0.4066111743450165,-0.3719219267368316,0.5122037529945374,0.4944116771221161,0.1633294373750686,0.4880901575088501,0.5072128772735596,-0.1632453501224517,0.6553605198860168,0.4877213537693023,0.2513723969459533,0.6483725905418396,0.4970033466815948,-0.2426465451717376,0.596181333065033,0.5619108080863953,0.393675684928894,0.57685786485672,0.5802607536315918,-0.0161468107253313
D,False,0.6599826216697693,0.3777805268764496,-0.1768418103456497,0.6163681745529175,0.4059976935386657,0.0853827521204948,0.5941469073295593,0.4029281437397003,-0.3753642737865448,0.5150723457336426,0.4946415722370147,0.1455530822277069,0.4854740798473358,0.5062588453292847,-0.1453692018985748,0.6448318958282471,0.5079273581504822,0.1262810230255127,0.6270145773887634,0.5129398107528687,-0.2869627773761749,0.5801383852958679,0.5759119391441345,0.2235034704208374,0.540715217590332,0.5920441150665283,-0.1130476891994476
D,False,0.6537336111068726,0.3732665479183197,-0.1534825265407562,0.6092903017997742,0.4027892053127289,0.1160252913832664,0.5912560224533081,0.3982421457767486,-0.3690599799156189,0.5117645859718323,0.4960554242134094,0.1527874618768692,0.4870987236499786,0.5050627589225769,-0.1527410298585891,0.6537997126579285,0.5020537376403809,0.1465032696723938,0.6401696801185608,0.5060620307922363,-0.2549434304237366,0.5918110013008118,0.5766518115997314,0.2251601666212082,0.5678964853286743,0.5895563960075378,-0.0833206996321678
D,True,0.3868704736232757,0.297514945268631,-0.0673102363944053,0.4210533201694488,0.3283088505268097,-0.204845905303955,0.4319980442523956,0.3179210722446441,0.0778954401612281,0.4988804161548614,0.5070617198944092,-0.0914719924330711,0.5018283724784851,0.4940241873264313,0.0915135145187377,0.4117796123027801,0.5066842436790466,-0.0843718275427818,0.4156899750232696,0.4971123039722442,0.1530024409294128,0.4566221535205841,0.6384451389312744,0.0817957893013954,0.4570368230342865,0.6187148094177246,0.2745519876480102
D,True,0.3906034529209137,0.2878556847572326,-0.0707439556717872,0.4242914021015167,0.3240737617015838,-0.206014409661293,0.4332098364830017,0.3191320300102234,0.0838414579629898,0.5027130842208862,0.5052787661552429,-0.0925473496317863,0.4988836646080017,0.4935495853424072,0.0926380008459091,0.4128243029117584,0.5267641544342041,-0.0797082409262657,0.4159864485263824,0.5162720680236816,0.1523026525974273,0.4602460265159607,0.659912109375,0.0877472162246704,0.457908570766449,0.6410284638404846,0.2781370878219604
D,True,0.3973519504070282,0.3362824022769928,-0.1061571836471557,0.4347348213195801,0.3512535393238067,-0.2228555530309677,0.4432521462440491,0.3393990397453308,0.0254973676055669,0.5023013353347778,0.5078790187835693,-0.0840305909514427,0.498697817325592,0.4919025301933288,0.0840811356902122,0.4237372279167175,0.5267104506492615,-0.0628115534782409,0.4261848628520965,0.5140490531921387,0.1088884249329567,0.4689478874206543,0.6511030793190002,0.0711224451661109,0.467717707157135,0.6362358331680298,0.2587398886680603
D,True,0.3897806107997894,0.3078436255455017,-0.0723888128995895,0.4242137670516968,0.3328760862350464,-0.1884035170078277,0.4274489879608154,0.335301011800766,0.0773978754878044,0.5021147131919861,0.50333172082901,-0.0900731012225151,0.4985257387161255,0.4957023859024048,0.0900807753205299,0.4214662611484527,0.5454232096672058,-0.0696160942316055,0.4221772253513336,0.5413868427276611,0.1139610782265663,0.4565009474754333,0.6909106373786926,0.0184533540159463,0.4544679522514343,0.6771572828292847,0.204524740576744
D,True,0.3946674168109894,0.3097948133945465,-0.0901823416352272,0.4287379384040832,0.3471653461456299,-0.2006645202636718,0.4277870059013366,0.3500914573669433,0.0554850250482559,0.5056931972503662,0.5072637796401978,-0.0855200365185737,0.4945974946022033,0.4917577505111694,0.0855735465884208,0.4244967103004455,0.5125889182090759,-0.0866904109716415,0.4220298826694488,0.5030384063720703,0.1297242641448974,0.4597738981246948,0.6518300771713257,0.0019126516999676,0.4542540311813354,0.6349403858184814,0.2004445195198059
D,True,0.3982755541801452,0.2679510414600372,-0.0927047505974769,0.4343734383583069,0.3248641788959503,-0.2092663794755935,0.4292848706245422,0.3269418776035309,0.0622618049383163,0.5050305724143982,0.5063932538032532,-0.0904405415058136,0.4955457746982574,0.4937656819820404,0.0905645191669464,0.4172950983047485,0.5157014727592468,-0.0903887674212455,0.4172351062297821,0.5068143606185913,0.1196228414773941,0.4557185471057892,0.6603402495384216,0.0466198474168777,0.4528931677341461,0.6449828147888184,0.22857666015625
D,True,0.3958466947078705,0.2649555802345276,-0.0551779381930828,0.4308432340621948,0.3143440186977386,-0.1881528496742248,0.4282809793949127,0.3108872473239898,0.1053068935871124,0.5048971772193909,0.5062446594238281,-0.0960052013397216,0.4951485693454742,0.4933525025844574,0.0960056260228157,0.4120323061943054,0.5243805050849915,-0.0833860710263252,0.4111518859863281,0.5123810768127441,0.138235941529274,0.455443263053894,0.6711220145225525,0.0648093670606613,0.4530046582221985,0.6449212431907654,0.2550833821296692
D,True,0.383372962474823,0.2922280728816986,-0.0490516908466815,0.4151523113250732,0.3347721993923187,-0.1863780915737152,0.4187188446521759,0.3244467079639435,0.1091481372714042,0.5044946670532227,0.5091052651405334,-0.0955675765872001,0.4969720840454101,0.4904142916202545,0.0956188589334487,0.4150259792804718,0.5000171065330505,-0.1022078916430473,0.4181326031684875,0.4862611591815948,0.1579713225364685,0.4523484408855438,0.6404774785041809,0.0552147179841995,0.4516056478023529,0.6213119029998779,0.261146605014801
D,True,0.3879740834236145,0.306432157754898,-0.0952820628881454,0.4258091747760772,0.3520549237728119,-0.2080743312835693,0.421551376581192,0.3521973192691803,0.0551601164042949,0.505219578742981,0.5053032636642456,-0.0879111811518669,0.4948193430900574,0.4934355318546295,0.0879853218793869,0.4201663732528686,0.5091181397438049,-0.0860258936882019,0.4176052510738373,0.5035486221313477,0.1167319864034652,0.4633583128452301,0.6424184441566467,0.0363523848354816,0.4592154026031494,0.6279414296150208,0.2230259478092193
D,True,0.3883152306079864,0.2830352187156677,-0.0471352152526378,0.4231387376785278,0.3274513483047485,-0.1769221127033233,0.4286465942859649,0.3178948163986206,0.0965109467506408,0.5016223788261414,0.5096794366836548,-0.0877223685383796,0.499948114156723,0.4891912937164306,0.087669163942337,0.4118608236312866,0.4849924445152282,-0.0812610387802124,0.4162238240242004,0.4751813411712646,0.1932995468378067,0.448296308517456,0.6214505434036255,0.0906275510787963,0.4531313180923462,0.5916962623596191,0.3084628283977508
D,True,0.3902860283851623,0.2873861491680145,-0.0513730272650718,0.4263353645801544,0.3233610987663269,-0.1929920613765716,0.4314848482608795,0.3242446184158325,0.1096690893173217,0.5027993321418762,0.5038256645202637,-0.0978041589260101,0.498646467924118,0.4950829744338989,0.0978461280465126,0.4141424000263214,0.5306969285011292,-0.0872388407588005,0.4157211780548095,0.5232993960380554,0.1379259675741195,0.4567427635192871,0.6750047206878662,0.0552211627364158,0.4552561938762665,0.6592301726341248,0.2385885864496231
D,True,0.4049501419067383,0.2948349416255951,-0.0803650245070457,0.4377912878990173,0.343654602766037,-0.2051752060651779,0.4445001780986786,0.3266302645206451,0.0690663084387779,0.5048116445541382,0.5120033621788025,-0.0852770656347274,0.4967983663082123,0.4866179525852203,0.0853768289089202,0.4199883341789245,0.493872731924057,-0.084363967180252,0.4219119548797607,0.4776047766208648,0.1330093145370483,0.4645481407642364,0.6187891960144043,0.0695905536413192,0.463859498500824,0.5964978337287903,0.2532437443733215
D,True,0.3945469558238983,0.2968513667583465,-0.0767447650432586,0.4301221072673797,0.3233091533184051,-0.2044570446014404,0.4379253089427948,0.3296572566032409,0.0680531710386276,0.5012987852096558,0.5040587186813354,-0.0901672020554542,0.4991006851196289,0.4955588579177856,0.0901910290122032,0.420350432395935,0.5474055409431458,-0.0486160516738891,0.4230382144451141,0.5372811555862427,0.1318046152591705,0.4520035982131958,0.6894536018371582,0.0893871486186981,0.4516090750694275,0.678142249584198,0.2655673027038574
D,True,0.3864024877548218,0.286360502243042,-0.0564726367592811,0.4219486117362976,0.3179483413696289,-0.2044996917247772,0.4252100586891174,0.3121937811374664,0.1136390417814254,0.5042585730552673,0.5090625882148743,-0.1031105443835258,0.4965799152851105,0.4906467497348785,0.1031050086021423,0.4102213978767395,0.5289773344993591,-0.1016148850321769,0.4122632443904876,0.5185191035270691,0.1496978104114532,0.4552609324455261,0.6726332902908325,0.0591391175985336,0.4529355764389038,0.6578529477119446,0.2567607760429382
D,True,0.3928038477897644,0.2879216969013214,-0.0211914051324129,0.4307489097118377,0.315377801656723,-0.1600310504436493,0.43500417470932,0.3114214241504669,0.1253911405801773,0.5024537444114685,0.5083222985267639,-0.090168684720993,0.4976288974285126,0.4907504618167877,0.0900809168815612,0.4133400917053222,0.468136578798294,-0.1013342663645744,0.4154525697231293,0.4582434594631195,0.1660187095403671,0.459574282169342,0.5969074368476868,0.064133733510971,0.4577889144420624,0.5810900330543518,0.2438706010580063
D,True,0.3960038125514984,0.2860488891601562,-0.0448607578873634,0.426868736743927,0.318946897983551,-0.1973950862884521,0.4401276111602783,0.3165788650512695,0.1078311055898666,0.5006912350654602,0.505073606967926,-0.0989787578582763,0.500538170337677,0.4954237937927246,0.0990282818675041,0.4126842617988586,0.5376541614532471,-0.0636868476867675,0.4182107448577881,0.5265974998474121,0.1582917273044586,0.4535454511642456,0.6766868233680725,0.1059217602014541,0.45486581325531,0.6623286008834839,0.2808481454849243
D,True,0.6116765737533569,0.291701465845108,-0.0402656979858875,0.5723122358322144,0.3245502412319183,0.1093818396329879,0.5753487944602966,0.3168036043643951,-0.1725877225399017,0.5023013353347778,0.4956652522087097,0.0948589146137237,0.4984579086303711,0.5054455399513245,-0.0948898121714592,0.5870293974876404,0.4871314167976379,0.1515968143939972,0.5884792804718018,0.4907569289207458,-0.1088744699954986,0.5433294177055359,0.6144425868988037,0.2276247590780258,0.5441913604736328,0.6307418942451477,0.0192912891507148
D,True,0.6075801849365234,0.2889189124107361,-0.0404743067920208,0.5723477005958557,0.3284824192523956,0.119390420615673,0.5763547420501709,0.3212689161300659,-0.1820801198482513,0.5022631883621216,0.4916932582855224,0.1039809733629226,0.4989500939846039,0.5088997483253479,-0.103958822786808,0.5833232402801514,0.5123140215873718,0.1714353114366531,0.5882402658462524,0.5236279964447021,-0.0930244997143745,0.5424227714538574,0.6423782706260681,0.2628228068351745,0.5420437455177307,0.6595458388328552,0.0325369201600551
D,True,0.6096370816230774,0.333022266626358,-0.0705515295267105,0.5672091841697693,0.3464724719524383,0.0804300457239151,0.5697720646858215,0.3352992236614227,-0.2021495252847671,0.5013701915740967,0.4948027431964874,0.0971914902329444,0.4993468225002289,0.5050572752952576,-0.0972423106431961,0.5776929259300232,0.5071650147438049,0.1539076566696167,0.5828855037689209,0.5132308006286621,-0.0843895971775055,0.5368141531944275,0.6325674057006836,0.2361484766006469,0.5369247794151306,0.646515429019928,0.0341920778155326
D,True,0.6121627688407898,0.3076314628124237,-0.0538073033094406,0.5732853412628174,0.3382763564586639,0.1134138777852058,0.5777034759521484,0.3215500712394714,-0.2023497968912124,0.5002744197845459,0.4948295354843139,0.1044874191284179,0.4999169409275055,0.503984272480011,-0.1044771671295166,0.5785099267959595,0.5265464186668396,0.1639890968799591,0.5822657346725464,0.534058690071106,-0.083145797252655,0.5490060448646545,0.6736688017845154,0.2559597492218017,0.5491848587989807,0.6864656805992126,0.0414232909679412
D,True,0.615249514579773,0.2971623539924621,-0.0159312933683395,0.5831656455993652,0.3277000188827514,0.1306681185960769,0.5864771008491516,0.322464108467102,-0.1431917399168014,0.502052903175354,0.4954575896263122,0.0933258458971977,0.4994093179702759,0.5053994655609131,-0.0932993590831756,0.5871809720993042,0.4771372675895691,0.1400093287229538,0.588994026184082,0.4769770503044128,-0.1093053594231605,0.5557908415794373,0.6137293577194214,0.2155055701732635,0.5552034378051758,0.6280484795570374,-0.0044182827696204
D,True,0.6033254265785217,0.2782037854194641,-0.0709692761301994,0.5688738226890564,0.3300346434116363,0.0838165059685707,0.5660569071769714,0.3164231479167938,-0.1977507472038269,0.5010455250740051,0.4947947561740875,0.094842828810215,0.4994597733020782,0.5052802562713623,-0.0947908237576484,0.5821064114570618,0.504539430141449,0.1515660285949707,0.5860774517059326,0.5156772136688232,-0.0815917551517486,0.547554075717926,0.648152768611908,0.2357493638992309,0.5474741458892822,0.6628478169441223,0.0355745367705822
D,True,0.5999134182929993,0.2698372900485992,-0.0495296530425548,0.5685960650444031,0.3217725455760956,0.0969531089067459,0.5670116543769836,0.3128679692745209,-0.1725926697254181,0.5024063587188721,0.4937645494937897,0.0912322476506233,0.4977824091911316,0.5053106546401978,-0.0911936610937118,0.5860782861709595,0.5182291269302368,0.1329385787248611,0.5861951112747192,0.5289079546928406,-0.0953496024012565,0.5464166402816772,0.6563689112663269,0.2078349441289901,0.5457063913345337,0.6731014847755432,0.011455432511866
D,True,0.612567126750946,0.293884813785553,-0.0473875887691974,0.5812827348709106,0.3334918022155761,0.1088461801409721,0.5795186161994934,0.3298379182815552,-0.1745276153087616,0.5031321048736572,0.4939303994178772,0.0947165414690971,0.4978342652320862,0.5069167613983154,-0.0946526005864143,0.584797739982605,0.4846522212028503,0.145336702466011,0.5856011509895325,0.488707959651947,-0.1190971359610557,0.5488261580467224,0.6165416240692139,0.2189385741949081,0.5489661693572998,0.6376246809959412,0.0003796214004978
D,True,0.6136304140090942,0.3140659928321838,-0.0766108036041259,0.577446460723877,0.350418746471405,0.0802048593759536,0.5787792801856995,0.3420170545578003,-0.2021888047456741,0.4997210502624511,0.4958100914955139,0.09555184841156,0.5002825856208801,0.5048346519470215,-0.0955038070678711,0.5784230828285217,0.4942582845687866,0.1599861979484558,0.5819895267486572,0.5001428723335266,-0.0966538116335868,0.5424684286117554,0.6231728196144104,0.2448968440294265,0.5427401065826416,0.6380833983421326,0.0214870832860469
D,True,0.6031689047813416,0.2965855896472931,-0.0932478383183479,0.5635409951210022,0.3337657153606415,0.0502480752766132,0.5657376646995544,0.3346358835697174,-0.2118443697690963,0.5026026368141174,0.4936645328998565,0.0848583802580833,0.4975225925445556,0.5068631768226624,-0.0848959535360336,0.578689694404602,0.4812011420726776,0.1161217391490936,0.5803945064544678,0.4889167249202728,-0.0973270460963249,0.5443791747093201,0.6180195212364197,0.1853696256875991,0.5444203019142151,0.6348360180854797,0.0138652259483933
D,True,0.609947144985199,0.2999191284179687,-0.0777511075139045,0.5671961307525635,0.3384875953197479,0.0886876806616783,0.5719414949417114,0.3255617618560791,-0.2181591987609863,0.4997476041316986,0.4968522489070892,0.1029228046536445,0.5012910962104797,0.5032864809036255,-0.1029055342078208,0.5809471607208252,0.530465304851532,0.1618762612342834,0.5838149785995483,0.53769850730896,-0.0879930704832077,0.5437387824058533,0.6746767163276672,0.2529594004154205,0.5441914200782776,0.6863803863525391,0.0458425022661685
D,True,0.5947543978691101,0.2887300252914428,-0.0744553431868553,0.5569020509719849,0.3307558894157409,0.0684074386954307,0.5634759664535522,0.3305710554122925,-0.1847898364067077,0.5038303136825562,0.4903227686882019,0.0768930688500404,0.4969360530376434,0.5087935328483582,-0.0768888443708419,0.5783719420433044,0.4727796912193298,0.1063987985253334,0.5796365141868591,0.4853433966636657,-0.1104267612099647,0.5377443432807922,0.5981327891349792,0.1693405658006668,0.5364692211151123,0.6160103678703308,0.0020848687272518
D,True,0.607803225517273,0.3001672327518463,-0.0410682745277881,0.5637482404708862,0.3246532678604126,0.1131406128406524,0.5794642567634583,0.3241153061389923,-0.1913445889949798,0.49806809425354,0.492280513048172,0.1030024141073226,0.5024203658103943,0.5081849694252014,-0.1030580475926399,0.5797209143638611,0.5245944261550903,0.1851295530796051,0.5876790285110474,0.5375832915306091,-0.0583867765963077,0.5524750351905823,0.6647229194641113,0.296633630990982,0.553309440612793,0.6824514269828796,0.0766905024647712
D,True,0.6122878193855286,0.2885321676731109,-0.0323221161961555,0.5753008127212524,0.3302343487739563,0.1237231940031051,0.5773522853851318,0.3168882429599762,-0.1705347001552581,0.5013754367828369,0.4950062930583954,0.0989624410867691,0.5001457333564758,0.5063380599021912,-0.0988861545920372,0.5880497694015503,0.5250962376594543,0.1415027827024459,0.5891863703727722,0.5315589308738708,-0.0968881994485855,0.5492873191833496,0.6681898236274719,0.2143646478652954,0.5485695600509644,0.6821750998497009,0.0038586808368563
D,True,0.5989282727241516,0.2957078516483307,-0.0724991559982299,0.5591718554496765,0.3342988193035126,0.0744020193815231,0.562606692314148,0.3289947807788849,-0.1917952895164489,0.5007061958312988,0.4921201169490814,0.0860525816679,0.4997001588344574,0.5082932710647583,-0.0860465988516807,0.5771277546882629,0.4699415266513824,0.1350635439157486,0.5813061594963074,0.4774533808231354,-0.1007924154400825,0.5359921455383301,0.5951491594314575,0.2068792134523391,0.5370821952819824,0.6106154918670654,0.0243271999061107
D,True,0.6056105494499207,0.284805953502655,-0.0401725657284259,0.569602906703949,0.3232588469982147,0.117280937731266,0.5752575397491455,0.3123722374439239,-0.1779181510210037,0.5022721290588379,0.4943898916244507,0.0997222289443016,0.4979813694953918,0.5065449476242065,-0.0997337624430656,0.5851941108703613,0.522094190120697,0.1578042954206466,0.5886031985282898,0.5314363241195679,-0.0869161561131477,0.5494406819343567,0.6598835587501526,0.2482204735279083,0.549216091632843,0.673197329044342,0.0382281951606273
D,True,0.3979624807834625,0.2599409818649292,-0.133848950266838,0.4367130696773529,0.3268171846866607,-0.2602599263191223,0.4332522451877594,0.3007709681987762,0.0313545018434524,0.5057064294815063,0.5161246061325073,-0.0969425365328788,0.4948513209819793,0.4847267568111419,0.0969709455966949,0.4121505618095398,0.4862609207630157,-0.110687181353569,0.4132497608661651,0.4663836658000946,0.1715868413448333,0.4575324952602386,0.6489055752754211,0.0347802191972732,0.4514677822589874,0.611243486404419,0.3361956179141998
D,True,0.399914413690567,0.2629997432231903,-0.1268168836832046,0.4414724707603454,0.3361678421497345,-0.2371377497911453,0.4351651668548584,0.3021884262561798,0.0116740427911281,0.5069486498832703,0.5193016529083252,-0.0827489271759986,0.4945124983787536,0.4794471561908722,0.0826963037252426,0.4188703000545501,0.456896036863327,-0.1369988322257995,0.419594794511795,0.4293520748615265,0.1141016036272049,0.4584304690361023,0.6125842332839966,0.0133916856721043,0.4545046091079712,0.5800521373748779,0.2137708216905594
D,True,0.3845832943916321,0.229588583111763,-0.1226698160171508,0.4196521043777466,0.296241819858551,-0.2658954858779907,0.4170406460762024,0.2894999980926513,0.0668313130736351,0.5077134966850281,0.5117978453636169,-0.1080246716737747,0.4927617311477661,0.488539308309555,0.1080960109829902,0.4036757946014404,0.5584683418273926,-0.1008077412843704,0.4027346670627594,0.5344298481941223,0.1683967113494873,0.4512065052986145,0.7210413217544556,0.0414633937180042,0.4436298012733459,0.6881489157676697,0.3270675539970398
D,True,0.3953653275966644,0.2519201636314392,-0.1252263635396957,0.4370671808719635,0.3223228752613067,-0.2487759590148925,0.435647577047348,0.3069089949131012,0.0418447405099868,0.5058447122573853,0.5136706829071045,-0.0958190336823463,0.4946907460689544,0.4853739440441131,0.0958465263247489,0.4119567275047302,0.511823832988739,-0.0758461952209472,0.4136945605278015,0.4871573150157928,0.167487233877182,0.4639289677143097,0.6648209095001221,0.0513263307511806,0.4581429660320282,0.6316524744033813,0.3300404846668243
D,True,0.3792099356651306,0.2632420063018799,-0.1290583461523056,0.4243639409542084,0.3166099488735199,-0.2653311192989349,0.4181549251079559,0.3108570873737335,0.0572232380509376,0.508490264415741,0.5119240283966064,-0.1059025079011917,0.4919236004352569,0.4877036809921264,0.1059669703245163,0.4055286049842834,0.5330585837364197,-0.1078685522079467,0.4031967520713806,0.5159949660301208,0.1661724299192428,0.454951673746109,0.6946280598640442,0.0396162122488021,0.4436195790767669,0.6603049635887146,0.3247756063938141
D,True,0.4459586143493652,0.2024397850036621,-0.1241766139864921,0.4869765639305115,0.2671221196651459,-0.2772658467292785,0.4743616580963135,0.2694952189922333,0.0587353520095348,0.5088388323783875,0.5123683214187622,-0.1100799664855003,0.4924392700195312,0.486470878124237,0.1100939065217971,0.4060992300510406,0.5683672428131104,-0.1021188348531723,0.4075770974159241,0.5302392244338989,0.2027686536312103,0.5021117329597473,0.6217919588088989,0.0604830607771873,0.4951812624931335,0.5941858291625977,0.3107888400554657
D,True,0.4427146017551422,0.201337844133377,-0.1291125118732452,0.4777736067771911,0.2593714892864227,-0.2814192473888397,0.4750216901302337,0.2552269101142883,0.0557275637984275,0.506537675857544,0.5159668922424316,-0.1095694750547409,0.4944890737533569,0.4836717247962951,0.1095276996493339,0.400719404220581,0.5526931285858154,-0.0959470942616462,0.4056949615478515,0.5175977349281311,0.2185753583908081,0.4949309825897217,0.6212717294692993,0.0771975517272949,0.4866769909858703,0.5888780355453491,0.3367432355880737
D,True,0.4391953945159912,0.1993133127689361,-0.1319606602191925,0.4787075221538543,0.2670984268188476,-0.2684729099273681,0.4769017398357391,0.2659036815166473,0.0446315370500087,0.5047225952148438,0.5064740180969238,-0.1048658862709999,0.4955562651157379,0.4926537573337555,0.1048912331461906,0.4029509425163269,0.5775222778320312,-0.0835183411836624,0.407135397195816,0.5396643280982971,0.1748903393745422,0.491269439458847,0.6592339277267456,0.0909217372536659,0.4863995611667633,0.6328197717666626,0.3259774446487427
D,True,0.6054394841194153,0.2524152100086212,-0.0610536113381385,0.5730308890342712,0.3041138648986816,0.0926828905940055,0.5693122744560242,0.3033165335655212,-0.1887999325990677,0.5057896971702576,0.4863679409027099,0.0945963263511657,0.4945711493492126,0.5123622417449951,-0.0945978090167045,0.5883225798606873,0.4514023065567016,0.1429676264524459,0.5934279561042786,0.4784610867500305,-0.1278788298368454,0.551314651966095,0.6012212634086609,0.2061603516340255,0.5484611392021179,0.6396268010139465,-0.0074944719672203
D,True,0.605678379535675,0.2624622285366058,-0.1406783908605575,0.570126473903656,0.3150822222232818,0.0393760241568088,0.5610579252243042,0.3288163840770721,-0.2647970914840698,0.5059840679168701,0.4852806031703949,0.0988900735974311,0.4948500096797943,0.5160526633262634,-0.0988609865307807,0.5847187042236328,0.4399603903293609,0.2081951647996902,0.587683916091919,0.4623284041881561,-0.1540534347295761,0.5477526187896729,0.5821577906608582,0.3332962691783905,0.5446729063987732,0.6199672818183899,-0.0216393079608678
D,True,0.620381236076355,0.2284416854381561,-0.0955709666013717,0.5817453265190125,0.2941277921199798,0.104241132736206,0.585292398929596,0.2953439056873321,-0.2614611685276031,0.505521833896637,0.4873604476451874,0.1224511712789535,0.4949837625026703,0.5113518834114075,-0.1223221719264984,0.5957021713256836,0.5320901274681091,0.2101878374814987,0.5958265066146851,0.5553928017616272,-0.0959577709436416,0.559741199016571,0.6956270337104797,0.3261096477508545,0.5546317100524902,0.7245086431503296,0.0442504063248634
D,True,0.6158270239830017,0.2370913177728653,-0.0405074954032897,0.5786513090133667,0.2932956218719482,0.1122283264994621,0.5766881108283997,0.2942281365394592,-0.1755792945623397,0.5041875243186951,0.488629937171936,0.0942718908190727,0.4972251653671264,0.5103225111961365,-0.0942546054720878,0.5972974896430969,0.4566103219985962,0.147195503115654,0.6011608242988586,0.476695716381073,-0.1269491910934448,0.5504716634750366,0.6080489754676819,0.2175095081329345,0.5474636554718018,0.6397823691368103,-0.0004874616279266
D,True,0.6287186145782471,0.2680405080318451,-0.0648611932992935,0.5815865397453308,0.3113182187080383,0.1181304007768631,0.5891050100326538,0.3008398413658142,-0.2242209613323211,0.5037326812744141,0.4912688136100769,0.1170305758714675,0.4977135956287384,0.5090270638465881,-0.1169751584529876,0.6003392934799194,0.5065360069274902,0.1947950571775436,0.604371964931488,0.5251264572143555,-0.1033753827214241,0.5592251420021057,0.6631128191947937,0.2967739999294281,0.5543821454048157,0.6965882778167725,0.0358418710529804
D,True,0.5533199906349182,0.2164176255464553,-0.0999960973858833,0.5257686376571655,0.2889450788497925,0.0548644140362739,0.5091730952262878,0.2861492931842804,-0.2303925603628158,0.5101062655448914,0.4931876361370086,0.0945601835846901,0.4912708401679992,0.5082481503486633,-0.0945592001080513,0.5911401510238647,0.5631358027458191,0.1402178704738617,0.588329017162323,0.5859009623527527,-0.10804383456707,0.5011752247810364,0.6134688258171082,0.2643224596977234,0.4956018328666687,0.6335151195526123,0.0597166270017623
D,True,0.5524352192878723,0.2134469151496887,-0.0807422325015068,0.5248040556907654,0.2844636440277099,0.0701983794569969,0.5100871324539185,0.2803793549537658,-0.2097098231315612,0.5088597536087036,0.4921514391899109,0.0890349224209785,0.4915482401847839,0.5085131525993347,-0.0889996141195297,0.5927040576934814,0.5407296419143677,0.1364993005990982,0.5866327881813049,0.5749894380569458,-0.100505456328392,0.5055761933326721,0.6077091693878174,0.2324530482292175,0.4985507726669311,0.6318326592445374,0.0706076025962829
D,True,0.5590401291847229,0.2142121791839599,-0.0413919016718864,0.5282670855522156,0.2904291450977325,0.0900173559784889,0.5146387815475464,0.2775158286094665,-0.1784877926111221,0.5080735683441162,0.4943346679210663,0.0852110311388969,0.4927572309970855,0.5068430304527283,-0.0852031633257865,0.5890035629272461,0.5753854513168335,0.1023592799901962,0.5875494480133057,0.5919044613838196,-0.1025487035512924,0.5073994398117065,0.6583667397499084,0.1633312851190567,0.5036587715148926,0.6744452118873596,0.033474363386631
M,False,0.5148437023162842,0.3733280301094055,-0.3340037763118744,0.5607888102531433,0.3933570384979248,-0.1481105387210846,0.4514652490615845,0.3933603763580322,-0.1626245230436325,0.538508415222168,0.5020752549171448,-0.002074534073472,0.4619832634925842,0.4988448619842529,0.002198408357799,0.5920763611793518,0.545753002166748,-0.1284869015216827,0.4106734097003937,0.5496766567230225,-0.0671413242816925,0.5876091718673706,0.60048508644104,0.1743135154247284,0.3996375501155853,0.5981096029281616,0.2836333811283111
M,False,0.5103859305381775,0.3668307363986969,-0.3486230671405792,0.556405246257782,0.3938641548156738,-0.1652906388044357,0.4448570013046264,0.3931019604206085,-0.166571706533432,0.5391942858695984,0.5014878511428833,-0.0121620576828718,0.4599369764328003,0.4995153248310089,0.0121570462360978,0.5697434544563293,0.5563297867774963,-0.1187622100114822,0.4093560874462127,0.5513826012611389,-0.1315086334943771,0.5884559154510498,0.6128898859024048,0.1704993098974228,0.394477516412735,0.6107615232467651,0.2069654017686844
M,False,0.5111310482025146,0.3387931585311889,-0.3382761776447296,0.5599425435066223,0.3764984607696533,-0.1554988324642181,0.4480399489402771,0.3708199560642242,-0.1696439236402511,0.5433916449546814,0.5006653070449829,0.0022289284970611,0.4579515755176544,0.5003072023391724,-0.0024279037024825,0.5692959427833557,0.5772821307182312,0.0124275833368301,0.4208908975124359,0.5718704462051392,-0.055616557598114,0.5688021183013916,0.6434243321418762,0.2822455763816833,0.4225474298000335,0.6408182382583618,0.2160226106643676
M,False,0.5050230622291565,0.3350558578968048,-0.3475576937198639,0.5589131116867065,0.3743689358234405,-0.1951315701007843,0.4496387243270874,0.371094673871994,-0.172995239496231,0.5426539778709412,0.500480592250824,-0.0070633371360599,0.4566896855831146,0.5002004504203796,0.0068067330867052,0.5727066993713379,0.5744430422782898,0.0580368265509605,0.4103794991970062,0.5721055269241333,0.0426459833979606,0.5856855511665344,0.6423267722129822,0.2983923852443695,0.3923185169696808,0.6370810270309448,0.3133348524570465
M,False,0.5127453804016113,0.3485868871212005,-0.3453696370124817,0.5609142184257507,0.3821774423122406,-0.165975883603096,0.4502443671226501,0.3780986070632934,-0.1904912441968917,0.5423179864883423,0.5010659098625183,-0.0058606956154108,0.4578915238380432,0.5002619624137878,0.005643346812576,0.5725769996643066,0.575491189956665,0.0470778793096542,0.4151627719402313,0.5706767439842224,0.0842010304331779,0.5916094183921814,0.6429657340049744,0.2230295985937118,0.3950603008270263,0.639293909072876,0.3235307335853576
M,False,0.5068451762199402,0.3567283153533935,-0.3324930369853973,0.5555080771446228,0.3886463940143585,-0.1596912443637848,0.4444057941436767,0.3881485164165497,-0.1679736375808715,0.5381391048431396,0.5011544227600098,-0.0042919744737446,0.4605546593666076,0.5003189444541931,0.0043180701322853,0.5457544922828674,0.5619926452636719,0.1518374979496002,0.4321413934230804,0.5593274235725403,0.176919937133789,0.5479028224945068,0.6123202443122864,0.3549595177173614,0.4299258887767792,0.613314688205719,0.4243713915348053
M,False,0.5154156684875488,0.3574633598327636,-0.2402834296226501,0.5717943906784058,0.3921997845172882,-0.0619199126958847,0.4563679993152618,0.3890854716300964,-0.0766620561480522,0.541067361831665,0.5010284185409546,0.0055335266515612,0.4576692581176758,0.4993715286254883,-0.0056181298568844,0.5901784896850586,0.5560232400894165,-0.4588327705860138,0.4135651886463165,0.5517663955688477,-0.4697037637233734,0.564141571521759,0.6283029317855835,-0.2960884869098663,0.4195781350135803,0.6237394213676453,-0.2844270467758178
M,False,0.5137717723846436,0.3604510426521301,-0.2850564122200012,0.568369448184967,0.3947276175022125,-0.1049708500504493,0.4559715390205383,0.3904420137405395,-0.1203261390328407,0.5411882996559143,0.5013206005096436,0.0086044054478406,0.4584335684776306,0.4999056458473205,-0.0087153865024447,0.5850269198417664,0.5538100004196167,-0.4384669661521911,0.4226158261299133,0.5542893409729004,-0.4471245110034942,0.5720438361167908,0.626145601272583,-0.2694711089134216,0.4280629158020019,0.6221005916595459,-0.2366143614053726
M,False,0.4952488541603088,0.3346652686595917,-0.3223941028118133,0.5558823347091675,0.3740605413913727,-0.1563195288181305,0.4440793097019195,0.3722996115684509,-0.1357240378856659,0.5441166162490845,0.4999108910560608,-0.0046571064740419,0.4554442763328552,0.5006675124168396,0.0044742971658706,0.579926609992981,0.575170636177063,-0.0626438185572624,0.4228795766830444,0.5714751482009888,-0.1951010525226593,0.58270663022995,0.6469222903251648,0.1560514867305755,0.432324081659317,0.6462531089782715,0.0339799113571643
M,False,0.4948790073394775,0.3371097147464752,-0.3086978197097778,0.5474256277084351,0.3752470314502716,-0.1221932396292686,0.4349414110183716,0.3740739822387695,-0.1547323763370514,0.5429478287696838,0.4989642798900604,0.0057680318132042,0.4560813307762146,0.5011763572692871,-0.0057897511869668,0.5816779732704163,0.5664778351783752,-0.2736702561378479,0.4195374846458435,0.5668089985847473,-0.2404990941286087,0.5739248991012573,0.63627690076828,-0.0685485899448394,0.4287804663181305,0.6354010105133057,0.0515182167291641
M,False,0.5133127570152283,0.3451198041439056,-0.3283560574054718,0.5630800724029541,0.3828153312206268,-0.1503820866346359,0.4509281814098358,0.3772719204425812,-0.1264576315879821,0.5411823391914368,0.5014169812202454,-0.0055200299248099,0.457419604063034,0.4993914663791656,0.0054074511863291,0.5691463351249695,0.5736969709396362,-0.154288038611412,0.4127899706363678,0.5669124722480774,-0.2626543641090393,0.5605012774467468,0.6420407891273499,0.1027897447347641,0.4120971858501434,0.6371431946754456,0.0047823125496506
M,False,0.5102028846740723,0.3370505571365356,-0.3318088054656982,0.5607806444168091,0.3768919110298157,-0.1669198870658874,0.4491873681545257,0.3740888833999634,-0.17470383644104,0.540182888507843,0.5009917616844177,-0.0029610176570713,0.4589597880840301,0.5002650022506714,0.0027192821726202,0.5431502461433411,0.5812228322029114,0.0850820615887641,0.4382421970367431,0.5774678587913513,0.115543745458126,0.5585454702377319,0.6471974849700928,0.2894193828105926,0.4221772253513336,0.6449680924415588,0.370441198348999
M,False,0.5110885500907898,0.340755820274353,-0.3602093458175659,0.565406322479248,0.3749848008155823,-0.1712236702442169,0.4452568888664245,0.3709131479263305,-0.1496627181768417,0.5435018539428711,0.5006572604179382,-0.0017067283624783,0.4566918015480041,0.4999690651893616,0.001677444553934,0.5579830408096313,0.5791074633598328,-0.1675441712141037,0.4207341372966766,0.5764443874359131,-0.2095876932144165,0.5381740927696228,0.6544591784477234,0.097956545650959,0.4287055730819702,0.6514722108840942,0.0602644234895706
M,False,0.5068826675415039,0.3492708206176758,-0.3428207039833069,0.5632118582725525,0.3847745954990387,-0.1895167082548141,0.4479906260967254,0.3797307014465332,-0.165897250175476,0.540219783782959,0.500289797782898,-0.0122946593910455,0.4589585065841675,0.4997539818286896,0.0120570864528417,0.5381945967674255,0.5722817778587341,0.1060192286968231,0.4432839751243591,0.5713798403739929,0.1507024765014648,0.556351363658905,0.6355237364768982,0.3257715404033661,0.4224723279476166,0.6351245641708374,0.4275902509689331
M,False,0.5014585256576538,0.3377081453800201,-0.350821703672409,0.5561102032661438,0.3783146142959595,-0.1871144920587539,0.4468680322170257,0.3763120174407959,-0.1762282401323318,0.5401107668876648,0.5001664161682129,-0.002150401007384,0.4589762985706329,0.5011851787567139,0.0019247127929702,0.5489794611930847,0.5754563212394714,0.1046893671154975,0.4374654293060303,0.5739743709564209,0.1240085959434509,0.558054506778717,0.6357108354568481,0.3733132779598236,0.4229526221752167,0.635482668876648,0.4201096892356872
M,False,0.5091049671173096,0.3413019180297851,-0.3199339509010315,0.5614219307899475,0.3772597908973694,-0.168445810675621,0.4512775838375091,0.3740111291408539,-0.1489038616418838,0.5411433577537537,0.5005658864974976,-0.0053961426019668,0.4601431488990783,0.4999171495437622,0.0051708626560866,0.5354258418083191,0.5774747133255005,0.1159090995788574,0.4334659874439239,0.5748516321182251,0.0595761388540267,0.5528166890144348,0.6395421624183655,0.3316996991634369,0.4188960194587707,0.6395308375358582,0.2550614476203918
M,False,0.5075126886367798,0.3508837521076202,-0.3331342041492462,0.5625090003013611,0.3865947723388672,-0.1913852244615554,0.4536514580249786,0.3861035704612732,-0.1331023275852203,0.5399701595306396,0.5008951425552368,-0.0158095620572567,0.4614516198635101,0.4994011223316192,0.0158452298492193,0.5375311374664307,0.5643600821495056,0.1808898746967315,0.4408092200756073,0.5584368109703064,0.1096304580569267,0.5495709776878357,0.6144617795944214,0.4110487997531891,0.4255985915660858,0.6157534122467041,0.3332922160625458
M,False,0.5082769989967346,0.34732386469841,-0.369329571723938,0.5586940050125122,0.385650485754013,-0.1758606135845184,0.4486026763916015,0.3815335929393768,-0.1816277205944061,0.539121150970459,0.5000403523445129,-0.000338037207257,0.4610521197319031,0.5000538229942322,0.0003311547334305,0.532524585723877,0.5597180128097534,0.1224237382411956,0.4478098750114441,0.5577476620674133,0.1849083751440048,0.5213193893432617,0.6086716055870056,0.4792646467685699,0.4584323763847351,0.6076427102088928,0.5957571268081665
M,False,0.5119837522506714,0.3284042477607727,-0.339234322309494,0.5663639307022095,0.3716764748096466,-0.1427156180143356,0.4510716199874878,0.3628038763999939,-0.1670435518026352,0.5440561771392822,0.5009053945541382,0.0028202286921441,0.4569206833839416,0.4997904002666473,-0.0031089822296053,0.560637891292572,0.5882534980773926,0.0124572934582829,0.4337185323238373,0.5857099890708923,-0.0004902315558865,0.5550832748413086,0.6646258234977722,0.1769806146621704,0.4425271451473236,0.6629080772399902,0.1835212707519531
M,False,0.5026376843452454,0.3351402580738067,-0.3023054897785187,0.553598165512085,0.3710246384143829,-0.13223397731781,0.4465324878692627,0.3681128025054931,-0.131235659122467,0.5381953716278076,0.5003918409347534,-0.0066549442708492,0.4624624252319336,0.5006544589996338,0.0065069366246461,0.5353654026985168,0.5824741721153259,0.0288611631840467,0.4567747712135315,0.5814868807792664,0.1027294695377349,0.5160553455352783,0.6535555720329285,0.2554588317871094,0.468543529510498,0.6537649631500244,0.3582379221916199
M,False,0.5099194645881653,0.3434681594371795,-0.2822388112545013,0.5657070875167847,0.3784891963005066,-0.0964948385953903,0.445905864238739,0.3776978552341461,-0.1107163354754448,0.5397893786430359,0.5008991956710815,0.0001437307219021,0.4605511724948883,0.4994737207889557,-0.0003433962410781,0.5226474404335022,0.5778366327285767,0.0718531161546707,0.455020934343338,0.5759762525558472,0.1376280188560485,0.5145419836044312,0.642657458782196,0.3918844163417816,0.458036333322525,0.6416112780570984,0.4863059818744659
M,False,0.5134724974632263,0.3497796952724457,-0.3622241020202636,0.5676729083061218,0.3804276883602142,-0.1347395330667495,0.4460172057151794,0.3786587119102478,-0.1403396427631378,0.5419291853904724,0.5010342597961426,-0.014909173361957,0.4583957195281982,0.4995755851268768,0.0149015868082642,0.5633015632629395,0.5803061127662659,0.0157330594956874,0.4184216260910034,0.5754391551017761,0.0812026485800743,0.5861114859580994,0.6497291326522827,0.2198693007230758,0.3930157423019409,0.6457088589668274,0.3370756506919861
M,False,0.515868604183197,0.389493316411972,-0.521548330783844,0.5648938417434692,0.4126852452754974,-0.2507402300834656,0.4478956460952759,0.412324845790863,-0.2546967566013336,0.539148211479187,0.5017032027244568,-0.0033465086016803,0.462315946817398,0.4998831748962402,0.0034037246368825,0.5863961577415466,0.5340285897254944,-0.4660064578056335,0.4151682257652282,0.5364327430725098,-0.3884241580963135,0.5813162326812744,0.5918096303939819,-0.1146953552961349,0.3909981250762939,0.5889480113983154,-0.0391700528562068
M,False,0.5002651214599609,0.3509158790111542,-0.2998452186584472,0.5577186942100525,0.380459576845169,-0.1194888278841972,0.4448437094688415,0.380366712808609,-0.1046081110835075,0.5421707034111023,0.500981867313385,-0.0178749840706586,0.4585582017898559,0.4993579685688019,0.0177489928901195,0.5713236927986145,0.5699098706245422,0.0260202512145042,0.4111625254154205,0.5667290687561035,0.0299654323607683,0.5911594033241272,0.6372831463813782,0.2138865441083908,0.3966512978076935,0.6358229517936707,0.2678003907203674
M,False,0.5013764500617981,0.3685744106769562,-0.3255403935909271,0.5536099672317505,0.3855684697628021,-0.1389963924884796,0.4383210837841034,0.3877167105674743,-0.1277708858251571,0.5411739945411682,0.5007753968238831,-0.0143385184928774,0.4598487913608551,0.4996102750301361,0.0144264800474047,0.5699820518493652,0.566963791847229,-0.0161327421665191,0.4088797569274902,0.5630764365196228,-0.0362916253507137,0.5862255096435547,0.6296164989471436,0.2497249543666839,0.390281081199646,0.626518964767456,0.2421696037054062
M,False,0.4958648383617401,0.3824984729290008,-0.3290178477764129,0.5495530962944031,0.4046630859375,-0.1485738307237625,0.4385000467300415,0.4052620232105255,-0.1198478266596794,0.5386212468147278,0.500929057598114,-0.0166915897279977,0.4616086184978485,0.5005720853805542,0.0167901832610368,0.5762327313423157,0.5363766551017761,-0.438872218132019,0.4168528914451599,0.5344710350036621,-0.3689976632595062,0.5897719264030457,0.5892167091369629,-0.1276395171880722,0.4012014865875244,0.5886191725730896,-0.0447641685605049
M,False,0.4865784347057342,0.3759535551071167,-0.2506486475467682,0.5460431575775146,0.3966512084007263,-0.0982164144515991,0.4382990002632141,0.3961162865161896,-0.0716237276792526,0.538845956325531,0.5014119148254395,-0.0113121420145034,0.4606075286865234,0.500037431716919,0.0114738531410694,0.5861178040504456,0.5488064289093018,-0.2523582875728607,0.4075661301612854,0.546103835105896,-0.2661721408367157,0.5979793667793274,0.5993557572364807,0.0206168070435524,0.4083318412303924,0.605517566204071,0.0412184335291385
M,False,0.4896282851696014,0.3705270886421203,-0.3107926249504089,0.5478246212005615,0.3959164619445801,-0.1492345035076141,0.4393033385276794,0.3951164484024048,-0.1130167618393898,0.5394302010536194,0.500972330570221,-0.0167757607996463,0.4612691402435303,0.4999183118343353,0.0168346744030714,0.5835407376289368,0.5527932643890381,-0.05944250151515,0.4254114925861358,0.5561600923538208,-0.021784208714962,0.5983604788780212,0.6105219721794128,0.1568623036146164,0.4094299077987671,0.6163050532341003,0.2524987459182739
M,False,0.488715261220932,0.3419223725795746,-0.3428312838077545,0.5519688725471497,0.3771364390850067,-0.1981732845306396,0.4431488811969757,0.376469224691391,-0.1358746886253357,0.5416880249977112,0.5005713105201721,-0.0152226369827985,0.4586293995380401,0.499659389257431,0.0149479517713189,0.5797312259674072,0.5771504640579224,-0.0354371704161167,0.4303570389747619,0.5760590434074402,-0.0538243651390075,0.5751190781593323,0.6400594711303711,0.1967672556638717,0.4299891591072082,0.6466126441955566,0.1748827695846557
M,False,0.4923583567142486,0.3365786671638489,-0.3689627051353454,0.5494058728218079,0.3755011856555938,-0.2077385187149047,0.4371932446956634,0.3715962469577789,-0.1745403856039047,0.5429983735084534,0.5010137557983398,-0.0093036368489265,0.4569708108901977,0.5006214380264282,0.0089969905093312,0.5867434740066528,0.5756950378417969,0.0377377606928348,0.4269939363002777,0.5765547752380371,0.0495698079466819,0.6054835319519043,0.6380590796470642,0.3165839612483978,0.4124536216259002,0.6458566188812256,0.3401736319065094
M,False,0.4867248237133026,0.3493439257144928,-0.3554138839244842,0.5456410646438599,0.3812863826751709,-0.2012744396924972,0.4317227900028229,0.3789927065372467,-0.1688227206468582,0.5427502989768982,0.5001609325408936,-0.0150991128757596,0.4572796523571014,0.5014187693595886,0.0149042075499892,0.5792649388313293,0.570098340511322,0.0469422191381454,0.4238956272602081,0.5747572779655457,0.0917427167296409,0.6002429723739624,0.6388595104217529,0.2277781218290329,0.4068033993244171,0.6464003920555115,0.3231205344200134
M,False,0.4903217554092407,0.3576005697250366,-0.3133264482021332,0.551030695438385,0.3887964785099029,-0.1612968742847442,0.4446887075901031,0.3842922747135162,-0.1289441585540771,0.537578821182251,0.5004140138626099,-0.0082550793886184,0.4629210531711578,0.5000289082527161,0.0082486029714345,0.5640589594841003,0.5579738616943359,0.097929447889328,0.4486986398696899,0.5589921474456787,0.1236850619316101,0.5691409707069397,0.61347895860672,0.3172689974308014,0.4481056034564972,0.6171774864196777,0.3621081709861755
M,False,0.4785719513893127,0.3605647981166839,-0.2132161408662796,0.5393075346946716,0.3928758800029754,-0.0499678961932659,0.4280401468276977,0.3928037881851196,-0.0303159020841121,0.5415511131286621,0.5004271864891052,-0.0044200303964316,0.4575214385986328,0.5007063746452332,0.0044347438961267,0.5857641100883484,0.5568138957023621,-0.4359071552753448,0.407987505197525,0.5574937462806702,-0.4641083776950836,0.575240433216095,0.6227686405181885,-0.2585721313953399,0.4341488480567932,0.6307423710823059,-0.2633984088897705
M,False,0.4813430309295654,0.3605422973632812,-0.2866228520870209,0.5419822335243225,0.391386866569519,-0.1233104243874549,0.430379718542099,0.3907026052474975,-0.108045294880867,0.5412607789039612,0.5005578994750977,-0.004270268138498,0.4573050141334533,0.5006929039955139,0.0042849667370319,0.5739410519599915,0.552909255027771,-0.4505425691604614,0.4080004692077636,0.5523349642753601,-0.474839985370636,0.5660836696624756,0.6208162307739258,-0.2570067942142486,0.4239390790462494,0.6271068453788757,-0.2574968039989471
M,False,0.5024831295013428,0.3339461386203766,-0.3188204169273376,0.5586581826210022,0.3718656599521637,-0.159567043185234,0.4463575184345245,0.3708347082138061,-0.1358473449945449,0.5446112751960754,0.5007803440093994,-0.0032634360250085,0.4555854797363281,0.49937903881073,0.0031213772017508,0.5772395133972168,0.5742068886756897,-0.1321804225444793,0.4185040891170501,0.5744910836219788,-0.1087255775928497,0.5637414455413818,0.644557535648346,0.0709514543414115,0.4191107451915741,0.6456782221794128,0.1441591680049896
M,False,0.5050589442253113,0.3393491804599762,-0.2929070293903351,0.5618947148323059,0.3763515651226043,-0.1256964951753616,0.4504411220550537,0.3707768023014068,-0.1171364784240722,0.543965220451355,0.5013803839683533,0.0017306692898273,0.4562408626079559,0.4987413287162781,-0.0018123913323506,0.580075740814209,0.5699801445007324,-0.1349056214094162,0.418648213148117,0.5674430131912231,-0.1538449823856353,0.5648395419120789,0.636300802230835,0.0803670734167099,0.4209006130695343,0.6384679079055786,0.0991809740662574
M,False,0.4825769066810608,0.3423111736774444,-0.2979550063610077,0.5437443256378174,0.3779025673866272,-0.1266673058271408,0.429704874753952,0.3780027627944946,-0.1224045827984809,0.5432138442993164,0.4989630579948425,0.0002422062971163,0.4567252397537231,0.5010775923728943,-0.000272458710242,0.5855265855789185,0.5666030049324036,-0.0889259725809097,0.4294658005237579,0.5694875717163086,-0.1277807503938675,0.5789198875427246,0.6338152885437012,0.0982594788074493,0.4379856288433075,0.6419280171394348,0.0861231759190559
M,False,0.4862210154533386,0.33878093957901,-0.3274960219860077,0.548148512840271,0.3761045336723327,-0.176806166768074,0.4341387152671814,0.3728008866310119,-0.1575536429882049,0.5410662293434143,0.4999931752681732,-0.0006954147829674,0.4580320715904236,0.5009930729866028,0.0004233151557855,0.5607756972312927,0.579295814037323,0.0867116451263427,0.4583289921283722,0.5820993781089783,0.1021932736039161,0.573986291885376,0.6457660794258118,0.3174687623977661,0.4395346641540527,0.6497700214385986,0.373744934797287
M,False,0.4866054654121399,0.3408467471599579,-0.3440968692302704,0.5496798753738403,0.3745809197425842,-0.1539384424686432,0.4320594668388366,0.3753159642219543,-0.1451011151075363,0.5425599813461304,0.4998757541179657,0.0043535442091524,0.4561278820037842,0.5017796158790588,-0.0044252960942685,0.5805231928825378,0.5786038637161255,-0.1663572490215301,0.4400292634963989,0.5832951664924622,-0.1459137499332428,0.5660812258720398,0.6519874930381775,0.0656545981764793,0.4562857747077942,0.6583915948867798,0.1068599447607994
M,False,0.4903032779693603,0.3501812517642975,-0.3523392379283905,0.5457309484481812,0.3822426795959472,-0.1917192637920379,0.4327268004417419,0.3813718855381012,-0.1769773960113525,0.5407571792602539,0.4995598196983337,-0.0086992476135492,0.4585952460765838,0.5009185671806335,0.0085103446617722,0.5568441152572632,0.5706205368041992,0.074171207845211,0.4607588052749634,0.5727802515029907,0.151358813047409,0.5730414986610413,0.6349511742591858,0.2689643204212188,0.4405851066112518,0.6371957063674927,0.4435013234615326
M,False,0.4955721199512481,0.3392666280269623,-0.3373598456382751,0.5542977452278137,0.3771814703941345,-0.2043001353740692,0.4438779950141907,0.3773211538791656,-0.1579830050468444,0.5403709411621094,0.5008684396743774,-0.0055175344459712,0.4584843218326568,0.5006658434867859,0.0053013735450804,0.5588686466217041,0.5746766924858093,0.1149258762598037,0.4525166749954223,0.5743565559387207,0.0848415419459343,0.5729202628135681,0.6345435976982117,0.3622615039348602,0.4381150901317596,0.637239933013916,0.3356450498104095
M,False,0.4896470904350281,0.3436375856399536,-0.3186488151550293,0.5460447669029236,0.3787434101104736,-0.1570690274238586,0.4337266981601715,0.3746111690998077,-0.156946986913681,0.540164589881897,0.4998589754104614,-0.0028713613282889,0.4586495459079742,0.5013402104377747,0.0026934035122394,0.5623952746391296,0.5759615898132324,0.0690944343805313,0.4645954966545105,0.5794928073883057,0.1356048136949539,0.5775027275085449,0.6410795450210571,0.2494949400424957,0.4412923157215118,0.6456572413444519,0.4001964330673218
M,False,0.4917008578777313,0.3510900437831878,-0.3669902682304382,0.5398668050765991,0.3863481879234314,-0.2056508660316467,0.4372334480285644,0.3828682899475097,-0.169238343834877,0.539315938949585,0.4990654587745666,-0.0169850084930658,0.4607006907463074,0.5009652972221375,0.0169537123292684,0.5549511313438416,0.5609356164932251,0.1045146211981773,0.459551066160202,0.5638092756271362,0.1948147863149643,0.571831226348877,0.6142227053642273,0.3433385193347931,0.4443967044353485,0.6186129450798035,0.5223787426948547
M,False,0.4964889287948608,0.3467260897159576,-0.391592800617218,0.5523279309272766,0.3839575946331024,-0.1953671127557754,0.43982794880867,0.382089227437973,-0.2014558017253875,0.5408384799957275,0.5016717910766602,0.0078259287402033,0.4593400955200195,0.4994424879550934,-0.007875669747591,0.5498641729354858,0.5612213611602783,0.0606149360537529,0.4704183638095855,0.5597996115684509,0.1318868994712829,0.5355015397071838,0.612575113773346,0.439379870891571,0.4806152284145355,0.6129999160766602,0.5527256727218628
M,False,0.4858643412590027,0.3315829336643219,-0.407728910446167,0.5477294325828552,0.3663468360900879,-0.2314593940973281,0.4281059503555298,0.367310494184494,-0.2216565459966659,0.5447850823402405,0.4999053478240967,0.0042197196744382,0.4559192061424255,0.5014573335647583,-0.0044307317584753,0.5676753520965576,0.585969865322113,0.066253051161766,0.441288948059082,0.5898693799972534,0.0023212621454149,0.5561405420303345,0.6616590023040771,0.328681617975235,0.4429059028625488,0.6666407585144043,0.2406244277954101
M,False,0.4967948794364929,0.334133893251419,-0.3332641422748565,0.5529688000679016,0.3707620203495025,-0.1762506365776062,0.4413551390171051,0.3701421320438385,-0.1612481027841568,0.5393006205558777,0.5006307363510132,-0.0050097638741135,0.4598235785961151,0.5001822113990784,0.0047747320495545,0.5437701344490051,0.5810075998306274,0.0127499951049685,0.4617111980915069,0.5836043953895569,0.1246818229556083,0.5261436700820923,0.6525521278381348,0.2748503088951111,0.4774529635906219,0.6533617973327637,0.4471872746944427
M,False,0.486291229724884,0.3432436883449554,-0.3234776854515075,0.5438506007194519,0.3792348206043243,-0.1233847588300705,0.4310850203037262,0.3776653707027435,-0.1607495993375778,0.5396281480789185,0.4993681013584137,0.0062931734137237,0.4612336754798889,0.5012987852096558,-0.0064060753211379,0.5474123358726501,0.572852373123169,0.0805200561881065,0.4756316840648651,0.5772345662117004,0.1491409689188003,0.5414401292800903,0.6414290070533752,0.3512294590473175,0.4804220795631408,0.6442162394523621,0.4762828648090362
M,False,0.4855436086654663,0.3520021140575409,-0.3647087216377258,0.5510373115539551,0.3814016282558441,-0.1446462124586105,0.4275295734405517,0.3806666433811188,-0.1461360454559326,0.5425888299942017,0.4993149936199188,-0.0108691528439521,0.4582175314426422,0.5010165572166443,0.0108919739723205,0.5771204829216003,0.5752565860748291,0.0057334047742187,0.4330192804336548,0.5795228481292725,0.0805902257561683,0.6056389808654785,0.6442019939422607,0.1881556361913681,0.4149532914161682,0.6521350145339966,0.3401142954826355
M,False,0.4845777750015259,0.3875258266925812,-0.5667194128036499,0.546836256980896,0.4094715714454651,-0.3035058379173279,0.4323309361934662,0.4104020595550537,-0.2726500630378723,0.538371741771698,0.5004419088363647,-0.0064694904722273,0.4613312482833862,0.5002774596214294,0.0064570414833724,0.5866310000419617,0.5336775779724121,-0.5018391013145447,0.4117549955844879,0.530299186706543,-0.4865221381187439,0.6036109924316406,0.5876981616020203,-0.1688582897186279,0.4142419695854187,0.5906035304069519,-0.1415867060422897
M,False,0.4919966161251068,0.3505792915821075,-0.3446049988269806,0.5500355362892151,0.3820118010044098,-0.1773630827665329,0.4361572265625,0.3778723776340484,-0.1627678871154785,0.5422280430793762,0.5008684396743774,-0.0111443269997835,0.4573092460632324,0.5006781220436096,0.0109880231320858,0.585577666759491,0.5676264762878418,0.0033414165955036,0.4224347770214081,0.5703763365745544,0.0864307582378387,0.5988055467605591,0.6336171627044678,0.1978340595960617,0.4086385071277618,0.6395819783210754,0.3558734655380249
M,False,0.5002350211143494,0.3697485327720642,-0.3040038347244262,0.557129979133606,0.3903879225254059,-0.117541879415512,0.4430646896362304,0.3877317011356354,-0.1040365919470787,0.540365993976593,0.5006890892982483,-0.0085107237100601,0.4582050442695617,0.4997505843639374,0.0085366917774081,0.5845661163330078,0.5637407898902893,-0.1248489916324615,0.4278479218482971,0.566001296043396,-0.0709841698408126,0.6021096110343933,0.6261976361274719,0.1075925454497337,0.4148322641849518,0.6322723031044006,0.2423511892557144
M,False,0.5019572973251343,0.3828726708889007,-0.4191698431968689,0.5569533109664917,0.4030406475067138,-0.2167392373085022,0.4472275078296661,0.4020507633686065,-0.1981480121612548,0.5385538339614868,0.5006642937660217,-0.0087312133982777,0.4617604315280914,0.4993489682674408,0.0088121565058827,0.5831037163734436,0.53667813539505,-0.3257825374603271,0.4198808670043945,0.534771740436554,-0.3299311101436615,0.5934320688247681,0.588054358959198,0.004338429775089,0.4044060409069061,0.5892648696899414,0.0202479884028434
M,False,0.5067363977432251,0.2917380332946777,-0.3115192055702209,0.583886981010437,0.3326394557952881,-0.0835921317338943,0.4359185397624969,0.3287056088447571,-0.0815834701061248,0.5537538528442383,0.5012586116790771,-0.0001024261655402,0.4456304311752319,0.5000256896018982,-2.626227069413289e-05,0.6111006140708923,0.6109108328819275,-0.0799693837761879,0.4058809876441955,0.6128708720207214,-0.0423819236457347,0.5810646414756775,0.7007506489753723,0.219555914402008,0.4072953164577484,0.7049558758735657,0.2300860434770584
M,False,0.505533754825592,0.3581700623035431,-0.2672840654850006,0.5780198574066162,0.3752212822437286,-0.0224840994924306,0.4246079325675964,0.3732617199420929,-0.0277507193386554,0.5534666180610657,0.5010986924171448,0.0017605131724849,0.4467720091342926,0.4992639720439911,-0.0015306127024814,0.6447058916091919,0.5607181787490845,-0.3930951058864593,0.366039901971817,0.5600435733795166,-0.4147747457027435,0.5811808109283447,0.627223551273346,0.0625803023576736,0.411262959241867,0.6273114085197449,0.0127288466319441
M,False,0.517938494682312,0.3404173851013183,-0.2276747375726699,0.5914612412452698,0.3674847483634949,-0.0042415629141032,0.4390929937362671,0.3631015419960022,-0.0036179856397211,0.5542680621147156,0.5011622309684753,0.0034656061325222,0.4469796121120453,0.500010073184967,-0.0033608796074986,0.6512194871902466,0.5776354670524597,-0.2734145820140838,0.3751864433288574,0.580353856086731,-0.3483363687992096,0.590069055557251,0.649122953414917,0.1519575268030166,0.4167279899120331,0.6479846239089966,0.0528301149606704
M,False,0.5055063962936401,0.3436876833438873,-0.2131861895322799,0.5856154561042786,0.3692509531974792,-0.0177610199898481,0.4356398582458496,0.362665057182312,0.0116984089836478,0.5549200177192688,0.5016651749610901,-0.0070022852160036,0.4452979266643524,0.4992147088050842,0.0070156748406589,0.6482612490653992,0.5796146392822266,-0.2456753849983215,0.3773000538349151,0.5833733081817627,-0.268811821937561,0.5903676152229309,0.6479734778404236,0.1992202252149582,0.4165683388710022,0.6506586074829102,0.1178166270256042
M,False,0.5021319389343262,0.345783531665802,-0.2516741752624511,0.5838863849639893,0.369952917098999,-0.0415541119873523,0.4365176558494568,0.3668515980243683,-0.0225088931620121,0.5539150834083557,0.5006960034370422,-0.0049125137738883,0.4466255307197571,0.4995409250259399,0.0049866614863276,0.6406211853027344,0.5750730633735657,-0.3013438880443573,0.3713168501853943,0.5770537853240967,-0.3733572661876678,0.5906466245651245,0.6433829665184021,0.1262809932231903,0.4217444360256195,0.646378755569458,0.0107776392251253
M,False,0.4883423149585724,0.2903149127960205,-0.3986249566078186,0.5883158445358276,0.3348104953765869,-0.17780402302742,0.4301696121692657,0.3329475522041321,-0.1521922498941421,0.5562573075294495,0.5007402300834656,-0.0033884190488606,0.4431036114692688,0.5004965662956238,0.0032435718458145,0.6236307621002197,0.6113716959953308,-0.0860396102070808,0.4003401696681976,0.6129162907600403,-0.0704862475395202,0.590761125087738,0.7020590305328369,0.2577259838581085,0.4118494987487793,0.7078357934951782,0.2296393513679504
M,False,0.4934236109256744,0.3173141777515411,-0.3911326229572296,0.5748567581176758,0.3417040407657623,-0.1675402671098709,0.41803839802742,0.345400333404541,-0.1511324346065521,0.5547925233840942,0.499776691198349,0.0026129914913326,0.4438495337963104,0.5007404685020447,-0.0027079798746854,0.6196897625923157,0.6043592691421509,-0.0321523509919643,0.4072309732437134,0.6056727766990662,0.0660149008035659,0.6103768348693848,0.6340871453285217,0.5666019916534424,0.4174343943595886,0.6410061717033386,0.6403884887695312
M,False,0.4943307340145111,0.3187992572784424,-0.395533949136734,0.5763202905654907,0.3460078537464142,-0.1920668929815292,0.4236827790737152,0.3462572693824768,-0.1688621044158935,0.5546738505363464,0.5003639459609985,0.0015991741092875,0.4464330673217773,0.5012443661689758,-0.0017632953822612,0.6098779439926147,0.6002998352050781,0.0008251494145952,0.4120286405086517,0.5988413691520691,0.0960628613829612,0.6035577654838562,0.6489778161048889,0.5063636898994446,0.412969022989273,0.6550096273422241,0.5743498802185059
M,False,0.4874357879161834,0.3653325140476227,-0.1221483498811721,0.574325680732727,0.3810834586620331,0.0724538788199424,0.4227336943149566,0.3739711940288543,0.1067711189389228,0.552704930305481,0.5006631016731262,-0.0047377874143421,0.4471876621246338,0.5000030398368835,0.0049305344000458,0.639581561088562,0.5617278218269348,-0.4490691125392914,0.3626400232315063,0.5566660165786743,-0.4641284942626953,0.5792129039764404,0.6325832009315491,-0.1125053241848945,0.4063869714736938,0.6338757872581482,-0.1425758451223373
M,False,0.5093333125114441,0.3109755516052246,-0.4033397436141968,0.5764828324317932,0.3522092700004577,-0.1884506940841674,0.4314756393432617,0.3438942730426788,-0.1819269657135009,0.5535184741020203,0.5008658766746521,0.0060127112083137,0.4466828107833862,0.4999301135540008,-0.0061216638423502,0.618742823600769,0.6014041900634766,0.0077263661660254,0.4161903262138366,0.5928598046302795,0.0584739781916141,0.5991300940513611,0.6363325119018555,0.6045724749565125,0.4150460064411163,0.6493000388145447,0.5469045042991638
M,False,0.505253255367279,0.3182684779167175,-0.3984910249710083,0.5828577280044556,0.3492988348007202,-0.1776520311832428,0.4298577606678009,0.3472864031791687,-0.1642379313707351,0.5537394285202026,0.5004629492759705,0.0071920743212103,0.44522225856781,0.5003257393836975,-0.0072583919391036,0.6057624816894531,0.5972774028778076,-0.0035042995586991,0.4129408597946167,0.5982999801635742,0.0908585637807846,0.6046433448791504,0.6331528425216675,0.5330842137336731,0.4146629869937897,0.6382349729537964,0.6214916706085205
M,False,0.5048648118972778,0.3316138982772827,-0.4044401347637176,0.575546383857727,0.3490214943885803,-0.1812885105609893,0.4197352528572082,0.3497727811336517,-0.1670264303684234,0.5533325672149658,0.5009664297103882,0.0003351287450641,0.4456016719341278,0.5005385279655457,-0.0002765283279586,0.6051604151725769,0.5922613143920898,-0.0038876843173056,0.4113302826881408,0.5935776829719543,0.1053510084748268,0.6024537086486816,0.6296550035476685,0.5181570649147034,0.4020518958568573,0.6422067880630493,0.5852447748184204
M,False,0.5008439421653748,0.3181482255458832,-0.21940678358078,0.5852006673812866,0.3419256806373596,0.0295121427625417,0.4199314713478088,0.3400130867958069,0.0117883346974849,0.552897572517395,0.5005353093147278,-0.0017684363992884,0.4484595656394958,0.5009181499481201,0.0017660169396549,0.591559112071991,0.6111240983009338,-0.0353785827755928,0.4116415679454803,0.615054190158844,-0.0381924025714397,0.5971158146858215,0.7151206731796265,0.0645210072398185,0.4113783240318298,0.7255638837814331,0.0613668300211429
M,False,0.4989342987537384,0.3916753232479095,-1.1087127923965454,0.581358790397644,0.3935079872608185,-0.6461176872253418,0.4231271743774414,0.3885036110877991,-0.6217337846755981,0.5509862303733826,0.5005553960800171,0.0067378827370703,0.448603868484497,0.5005650520324707,-0.0070365793071687,0.6314561367034912,0.5640687942504883,-0.6117300987243652,0.3868339955806732,0.5722740888595581,-0.6659470796585083,0.5972422361373901,0.6467577815055847,-0.2311045080423355,0.4165904819965362,0.6498676538467407,-0.2941890656948089
M,False,0.5005366802215576,0.3176953494548797,-0.2882230877876282,0.5778566598892212,0.3524865210056305,-0.0583313442766666,0.426626592874527,0.3511507213115692,-0.036840159446001,0.5537412166595459,0.5002828240394592,-0.00320042995736,0.4454187452793121,0.5009953379631042,0.0031255686189979,0.6214690208435059,0.5939723253250122,-0.4054699838161468,0.3903806209564209,0.6008903980255127,-0.3219054639339447,0.5883454084396362,0.6921891570091248,-0.0929180458188057,0.4116093218326568,0.6961939930915833,0.0026520655956119
M,False,0.520110011100769,0.3601221144199371,-0.516838014125824,0.5842384696006775,0.3678155243396759,-0.281329870223999,0.4394607245922088,0.3676940500736236,-0.2656515538692474,0.552600085735321,0.5011034607887268,-0.0021070635411888,0.4484621882438659,0.4996326863765716,0.0020259455777704,0.6159611344337463,0.5894669890403748,-0.1201684772968292,0.4059537053108215,0.5900036692619324,-0.1850749254226684,0.5954185724258423,0.6440035700798035,0.3621528148651123,0.4185597598552704,0.647706151008606,0.2385538220405578
M,False,0.4980179667472839,0.327652096748352,-0.4165354967117309,0.5712373852729797,0.3481217920780182,-0.1771986335515976,0.4138820171356201,0.3554313778877258,-0.17252878844738,0.5544110536575317,0.5011823177337646,-0.0063784555532038,0.4469285309314728,0.49920654296875,0.006424247752875,0.6191266775131226,0.5938740372657776,-0.0613369420170784,0.3797973990440368,0.5855836272239685,-0.1056047603487968,0.5919647216796875,0.6181604266166687,0.5842491984367371,0.4053470194339752,0.6290261745452881,0.445309430360794
M,False,0.5033591985702515,0.3196027278900146,-0.4062264561653137,0.5741996765136719,0.3541586697101593,-0.1904311180114746,0.4295319318771362,0.35438272356987,-0.1856330335140228,0.5528855919837952,0.5001373291015625,-0.002676596166566,0.4480185210704803,0.5012795925140381,0.0025800017174333,0.625446081161499,0.5927450060844421,-0.0292438194155693,0.3981029391288757,0.595669686794281,-0.0424490757286548,0.604489803314209,0.637752115726471,0.523021399974823,0.4230616390705108,0.6416110992431641,0.4450590312480926
M,False,0.4934979677200317,0.328281819820404,-0.3890231549739837,0.5676752328872681,0.3558412194252014,-0.1794962584972381,0.4256748259067535,0.3550644218921661,-0.1681508719921112,0.5511972904205322,0.4998158812522888,0.0025585731491446,0.4484714865684509,0.5006750226020813,-0.0027178372256457,0.6154622435569763,0.5904606580734253,-0.0170001685619354,0.4134997427463531,0.5933178663253784,-0.0427350401878356,0.5976957678794861,0.6107650995254517,0.565904438495636,0.4237539172172546,0.6162974834442139,0.5291715860366821
M,False,0.5171782374382019,0.3251665532588959,-0.3731264770030975,0.5888952016830444,0.3489019572734833,-0.1640565693378448,0.4352641701698303,0.3431729972362518,-0.1434185951948166,0.5532771348953247,0.5015943646430969,-0.007342864293605,0.4471210837364197,0.4997174441814422,0.0071532148867845,0.6264230608940125,0.6020255088806152,-0.1256308257579803,0.3894722759723663,0.6057514548301697,-0.1333435475826263,0.607189416885376,0.654354989528656,0.4487325847148895,0.4238960742950439,0.6626712083816528,0.3590952754020691
M,False,0.5022739768028259,0.3212539851665497,-0.2836687266826629,0.5778112411499023,0.3427052795886993,-0.0296730920672416,0.4167239964008331,0.3434188663959503,-0.0667091980576515,0.5521758198738098,0.5001860857009888,0.0021249540150165,0.4466007053852081,0.4998655915260315,-0.0021112712565809,0.5986505150794983,0.60693359375,-0.0430222786962986,0.4113990664482116,0.6045877933502197,-0.1540932208299636,0.5824890732765198,0.7061562538146973,0.1198054254055023,0.4188073575496673,0.7152238488197327,0.0042585558257997
M,False,0.5013216733932495,0.2828662693500519,-0.4024325311183929,0.5786310434341431,0.3347059786319732,-0.1660759150981903,0.4162496030330658,0.3322006165981293,-0.1880112290382385,0.5547756552696228,0.4991476535797119,0.0092514203861355,0.4458722770214081,0.5017555952072144,-0.0095145711675286,0.5959118008613586,0.6094310283660889,0.0316610150039196,0.4239092469215393,0.618276059627533,-0.0578101761639118,0.5935929417610168,0.7113930583000183,0.2274201512336731,0.4342197775840759,0.7214545011520386,0.1035202592611312
M,False,0.4886156320571899,0.2952516674995422,-0.365234911441803,0.5637279748916626,0.3342433571815491,-0.1219391748309135,0.4140166342258453,0.3307400345802307,-0.1145123615860939,0.5538237690925598,0.4998081922531128,-0.0092192087322473,0.4456969797611236,0.5016235709190369,0.0090411594137549,0.597461462020874,0.615723729133606,-0.1191127151250839,0.38824662566185,0.6127356290817261,-0.1265542358160019,0.5878045558929443,0.7063605189323425,0.2086940556764602,0.4136250913143158,0.7027929425239563,0.2258045375347137
M,False,0.4841136634349823,0.3598431348800659,-0.2866624295711517,0.569220244884491,0.3734723925590515,-0.045191615819931,0.4151683151721954,0.3755966126918793,-0.032763548195362,0.5538618564605713,0.5006884336471558,-0.0052972836419939,0.4470064640045166,0.4998386800289154,0.0056111961603164,0.6281476616859436,0.5627732872962952,-0.3830022513866424,0.3512508571147918,0.5588461756706238,-0.4168797135353088,0.5844200849533081,0.6301757097244263,0.017615845426917,0.4100471436977386,0.6269346475601196,0.0015178823377937
M,False,0.4821700155735016,0.338976502418518,-0.2329369485378265,0.5654580593109131,0.3580596446990967,-0.0366210862994194,0.4183282256126404,0.3612611293792724,-0.0004488509730435,0.5547521710395813,0.500224769115448,-0.0131418863311409,0.4462475776672363,0.4998777508735657,0.013229377567768,0.623238742351532,0.5806407928466797,-0.2677140533924103,0.3561663031578064,0.575495719909668,-0.3237427771091461,0.5792850255966187,0.6450098752975464,0.19232077896595,0.4110278785228729,0.647585928440094,0.0755943804979324
M,False,0.4882475137710571,0.3434287905693054,-0.1663385182619094,0.5686421394348145,0.3638566732406616,0.0347160026431083,0.4137813746929168,0.3666407763957977,0.0470676906406879,0.5546138286590576,0.5007036328315735,-0.009524080902338,0.4452023506164551,0.5004953145980835,0.0095899226143956,0.6233788132667542,0.5830661058425903,-0.2227575629949569,0.3534126579761505,0.5784741044044495,-0.3162100613117218,0.5795034170150757,0.6438317894935608,0.2576131224632263,0.407867282629013,0.6462604999542236,0.0980441942811012
M,False,0.4926155507564544,0.3450440168380737,-0.2184704840183258,0.5690041780471802,0.3684487342834472,-0.0162962451577186,0.4191469848155975,0.3706867098808288,-0.0063530774787068,0.5538425445556641,0.50107741355896,-0.0050881155766546,0.4467505216598511,0.4997422099113464,0.0051778922788798,0.6280535459518433,0.5779661536216736,-0.3169898688793182,0.3600440621376037,0.5726976990699768,-0.4154055118560791,0.5732486248016357,0.6432567238807678,0.1395619213581085,0.4058170020580292,0.6433383822441101,-0.0170527137815952
M,False,0.5092267394065857,0.2929819822311401,-0.3445326387882232,0.5696278214454651,0.3328224420547485,-0.0936440750956535,0.4124244749546051,0.3337867259979248,-0.1217018887400627,0.5553827881813049,0.499158501625061,-0.0005103637231513,0.4439964294433594,0.5009473562240601,0.0003662096569314,0.5981892943382263,0.6089945435523987,-0.0669718608260154,0.3773956894874573,0.6081293821334839,-0.1016130149364471,0.5810694098472595,0.7046747207641602,0.2018725872039795,0.4049659371376037,0.7034055590629578,0.1815782636404037
M,False,0.5035896301269531,0.3212299048900604,-0.3925012350082397,0.5859895944595337,0.3527041971683502,-0.1794637888669967,0.4318188726902008,0.3444174230098724,-0.1542014926671981,0.5543692111968994,0.5023331046104431,-0.0006106033106334,0.4449291527271271,0.4989019930362701,0.0004520565562415,0.5887000560760498,0.602922797203064,-0.0318603217601776,0.3827023208141327,0.5978506207466125,0.0452083051204681,0.5865648984909058,0.647965133190155,0.4818614721298218,0.3869398534297943,0.6411786675453186,0.6044647693634033
M,False,0.501363217830658,0.3184221386909485,-0.3840727508068084,0.5806384086608887,0.3495434522628784,-0.1724296808242797,0.4374452531337738,0.347409039735794,-0.1655673682689666,0.5537866353988647,0.5017924308776855,0.0027963875327259,0.4454942345619201,0.4988574385643005,-0.0029339380562305,0.5892964601516724,0.5995429754257202,0.0193218160420656,0.393697440624237,0.5952426791191101,0.0794108584523201,0.584700882434845,0.6538128852844238,0.4917247295379638,0.3952926993370056,0.649462103843689,0.5377594232559204
M,False,0.5045872926712036,0.3623451590538025,-0.2588771283626556,0.5768857002258301,0.3761468529701233,0.018715301528573,0.4282075762748718,0.3766588866710663,0.0026251664385199,0.5521616339683533,0.5006637573242188,0.0024474773090332,0.446792870759964,0.4995001852512359,-0.0022009881213307,0.6373644471168518,0.5568983554840088,-0.5146389603614807,0.3634108304977417,0.5529476404190063,-0.5465812683105469,0.5922020077705383,0.6338949203491211,-0.1791097223758697,0.4152630567550659,0.6319519877433777,-0.1905138939619064
M,False,0.4893684685230255,0.3131204843521118,-0.4113142788410187,0.5730448365211487,0.3483817875385284,-0.1987876892089843,0.4320309162139892,0.3514064252376556,-0.1776754856109619,0.5542027950286865,0.501265823841095,-0.0014426009729504,0.4471760988235473,0.5000797510147095,0.0013057021424174,0.5828819870948792,0.5970875024795532,0.0261321775615215,0.3861197233200073,0.5955607295036316,0.1001747846603393,0.5853999257087708,0.65019690990448,0.4921323955059051,0.3978363573551178,0.6422733068466187,0.6136749386787415
M,False,0.4876690208911896,0.3201460838317871,-0.4002046287059784,0.5672555565834045,0.352966159582138,-0.1886869519948959,0.4207698106765747,0.3519834280014038,-0.1696720421314239,0.554982602596283,0.5013872385025024,-0.0018356199143454,0.4453120231628418,0.4992827177047729,0.001778574893251,0.5849880576133728,0.6009579300880432,0.021449452266097,0.390684425830841,0.5922980308532715,0.0762925669550895,0.5856797099113464,0.6392037272453308,0.5290442705154419,0.3926351964473724,0.6361567974090576,0.5785694718360901
M,False,0.4966908097267151,0.3325144052505493,-0.3565807938575744,0.5793443918228149,0.3526177406311035,-0.1395930796861648,0.4233588576316833,0.353515475988388,-0.1006264835596084,0.5543512105941772,0.5033480525016785,-0.0134030533954501,0.4455846548080444,0.4977021813392639,0.0133589413017034,0.5907572507858276,0.5992729663848877,-0.0232527647167444,0.392818421125412,0.5904508829116821,-0.0207912400364875,0.5921482443809509,0.6379749178886414,0.5304157137870789,0.397402822971344,0.6327263116836548,0.5499306917190552
M,False,0.4902674853801727,0.3131805062294006,-0.2035686522722244,0.5756144523620605,0.3372281789779663,0.0109044322744011,0.4114182293415069,0.3343936800956726,0.0130272516980767,0.5529760122299194,0.5008743405342102,-0.0036200552713125,0.4460057914257049,0.5004035234451294,0.0035465618129819,0.5890862345695496,0.6135737299919128,-0.0277585200965404,0.4040603339672088,0.6120110750198364,-0.0771563425660133,0.5822531580924988,0.7239819765090942,0.1201365292072296,0.3997771143913269,0.7154130935668945,0.0724444836378097
M,False,0.4955974817276001,0.3923345506191253,-0.7363191246986389,0.5746920108795166,0.3896709084510803,-0.3587811887264251,0.4200187623500824,0.3915156126022339,-0.366251677274704,0.5481886267662048,0.5008521676063538,-0.0030594812706112,0.4505657851696014,0.4993169903755188,0.00313710141927,0.6121487021446228,0.5721967220306396,-0.4542962312698364,0.3670071959495544,0.5682799816131592,-0.5004417300224304,0.582486629486084,0.652467668056488,-0.1556111425161361,0.4021789133548736,0.6490264534950256,-0.1818597465753555
M,False,0.501369059085846,0.3175725936889648,-0.2647405564785003,0.5742678046226501,0.3520837724208832,-0.0370279774069786,0.4255455732345581,0.3522758781909942,-0.0210248790681362,0.5544499754905701,0.5004885792732239,-0.0062834010459482,0.4442222416400909,0.5007070302963257,0.0061693405732512,0.6139925718307495,0.6005274057388306,-0.3411065936088562,0.3799932301044464,0.5991747975349426,-0.3540238738059997,0.5856991410255432,0.6961692571640015,-0.0811826884746551,0.4107403755187988,0.6953498721122742,-0.073671244084835
M,False,0.4811639189720154,0.3548470735549927,-0.4923386871814728,0.556119978427887,0.3619380295276642,-0.2564053833484649,0.411210298538208,0.3648256361484527,-0.228151261806488,0.5519322752952576,0.5010964870452881,-0.0126686142757534,0.4487623870372772,0.4995238482952118,0.0126106897369027,0.5954539179801941,0.5884807109832764,-0.1751941442489624,0.3806556463241577,0.5865644812583923,-0.2893720865249634,0.5828738808631897,0.6453976631164551,0.2603687047958374,0.4068144857883453,0.6434730887413025,0.1251300871372223
M,False,0.5026973485946655,0.334207147359848,-0.3522921204566955,0.5823901295661926,0.3593908250331878,-0.133822426199913,0.4337427020072937,0.3577930629253387,-0.1013832688331604,0.5531406402587891,0.500910222530365,-0.0055108442902565,0.4468728601932525,0.4991595447063446,0.0053103789687156,0.6185279488563538,0.5933221578598022,-0.0460609309375286,0.3844521641731262,0.5971291065216064,-0.0020624466706067,0.5973909497261047,0.6377600431442261,0.4679648280143738,0.4096012115478515,0.6309922933578491,0.5493936538696289
M,False,0.4979855716228485,0.3196862637996673,-0.4053126275539398,0.5803533792495728,0.3491288721561432,-0.1947452872991562,0.4289578795433044,0.3514193594455719,-0.158365398645401,0.5536125898361206,0.5004481077194214,-0.007694199681282,0.4464597105979919,0.4999023973941803,0.0075369677506387,0.6037409901618958,0.5947362780570984,-0.0577618107199668,0.3742399513721466,0.5908651351928711,-0.0493724979460239,0.5810127258300781,0.6404404044151306,0.5008521676063538,0.3962951898574829,0.6389415860176086,0.4999987483024597
M,False,0.501363217830658,0.3350399136543274,-0.3814981281757355,0.5796834826469421,0.3628654778003692,-0.1766356229782104,0.4400684535503387,0.3583858907222748,-0.1461179256439209,0.5523319244384766,0.5017744898796082,-0.0014537279494106,0.4467479586601257,0.498903751373291,0.0013036378659307,0.5841637253761292,0.5782419443130493,-0.0254551079124212,0.3933302164077759,0.5749977827072144,0.0116996662691235,0.5807485580444336,0.627078115940094,0.4653059542179107,0.4002200961112976,0.6197052597999573,0.5572769641876221
M,False,0.4823304116725921,0.3239393234252929,-0.3836375474929809,0.5747230648994446,0.3441278636455536,-0.1829795241355896,0.4192700982093811,0.3483410477638244,-0.1370456963777542,0.5535097718238831,0.5014154314994812,-0.0099380696192383,0.4450202882289886,0.4996978938579559,0.0097448788583278,0.6124433279037476,0.6101380586624146,-0.0870555490255355,0.3722244799137115,0.6039413809776306,-0.1188691332936286,0.5779746174812317,0.6591595411300659,0.4790713191032409,0.3899701237678528,0.6592576503753662,0.374904066324234
M,False,0.4968208074569702,0.3205865919589996,-0.2383180260658264,0.5864388942718506,0.3431149423122406,-0.0189462956041097,0.4198119342327118,0.3405319154262543,0.0078067434951663,0.5539023876190186,0.5015442967414856,-0.0096100615337491,0.4469725787639618,0.500032365322113,0.0095936907455325,0.589447021484375,0.6098304390907288,-0.1065800860524177,0.3975933790206909,0.6087344288825989,-0.1660341322422027,0.5810822248458862,0.7162976264953613,0.0690026208758354,0.4080132842063904,0.7104415893554688,0.045977983623743
M,False,0.498384565114975,0.2835537493228912,-0.3777621686458587,0.5811272263526917,0.3358208239078522,-0.1571914702653885,0.4252906739711761,0.3316943347454071,-0.1633431613445282,0.553674042224884,0.5007883906364441,0.0041885436512529,0.4464051723480224,0.4997615218162536,-0.0044975816272199,0.5789401531219482,0.6182188987731934,-0.0104048158973455,0.4032396674156189,0.6158137917518616,-0.0145187359303236,0.5629714727401733,0.721164882183075,0.1554610133171081,0.3992168605327606,0.7156962752342224,0.1646949052810669
M,False,0.5031433701515198,0.3568256497383117,-0.6310000419616699,0.5655434131622314,0.377701073884964,-0.3592755794525146,0.4243896007537842,0.3815924525260925,-0.3265639543533325,0.5465847253799438,0.5021478533744812,-0.0119814975187182,0.4519982039928436,0.4995153248310089,0.0119457216933369,0.5459049344062805,0.579022228717804,-0.1299311369657516,0.4534719586372375,0.5805888175964355,-0.0109882242977619,0.5288786888122559,0.6435994505882263,0.4025009870529175,0.4821389615535736,0.6433238983154297,0.463850200176239
M,False,0.4846834540367126,0.3375663161277771,-0.6821699738502502,0.5599126219749451,0.3607886731624603,-0.4082145988941192,0.4211113452911377,0.3678275048732757,-0.3720865547657013,0.5457926988601685,0.500336229801178,-0.005245073698461,0.4527632594108581,0.50005704164505,0.0049237282946705,0.5518707036972046,0.5836518406867981,0.0202081315219402,0.4655974507331848,0.5782575011253357,0.1480419486761093,0.5271531343460083,0.6404408812522888,0.565931499004364,0.4840005040168762,0.6393216848373413,0.6874984502792358
M,False,0.4860645234584808,0.2945609390735626,-0.3640778064727783,0.5738673806190491,0.3433025181293487,-0.1437053829431533,0.4216300547122955,0.3465594351291656,-0.1327783167362213,0.5475821495056152,0.5012456774711609,-0.0119636207818984,0.4522952735424042,0.5003358721733093,0.0117003060877323,0.5395455956459045,0.6044120788574219,0.0541474297642707,0.4613615870475769,0.6051449775695801,0.135306641459465,0.5341737270355225,0.6908032298088074,0.4630365669727325,0.4866977632045746,0.6890720129013062,0.5482172966003418
M,False,0.492222785949707,0.3147814869880676,-0.4120869040489197,0.5610964298248291,0.3597599267959595,-0.2341993600130081,0.4275271296501159,0.3569689095020294,-0.1903115659952163,0.548204243183136,0.5007510185241699,-0.0004973844625055,0.4515973329544067,0.4997369050979614,0.0003747331211343,0.5676775574684143,0.5917500853538513,0.0781760439276695,0.4411680698394775,0.5926203727722168,0.1690079867839813,0.625953733921051,0.6437157988548279,0.422087550163269,0.4091976881027221,0.6393534541130066,0.5874830484390259
M,False,0.5146726965904236,0.308424711227417,-0.4177509546279907,0.570325493812561,0.3536106646060943,-0.2120845019817352,0.4251856207847595,0.3537783622741699,-0.2417723089456558,0.5500448942184448,0.500577449798584,0.0091681675985455,0.4508632123470306,0.5010333061218262,-0.0094193434342741,0.6070871949195862,0.587971568107605,0.0770423635840416,0.414978563785553,0.5918813347816467,0.1222749575972557,0.6273912191390991,0.6657755970954895,0.3904357552528381,0.3987959325313568,0.6646910905838013,0.4529361426830292
M,False,0.4901824295520782,0.3382348716259002,-0.4222442507743835,0.5622740983963013,0.3607033193111419,-0.2234960496425628,0.4299541711807251,0.365957498550415,-0.2024452239274978,0.5480832457542419,0.5012302994728088,-0.0038029928691685,0.4523355662822723,0.5001974105834961,0.0036763490643352,0.5734491348266602,0.5898497104644775,0.0148481298238039,0.4379810690879822,0.5905354619026184,0.0863142907619476,0.6187517642974854,0.639517068862915,0.3854560554027557,0.3865074515342712,0.6399198770523071,0.4815791845321655
M,False,0.4902132153511047,0.3519785106182098,-0.3916731178760528,0.5548813939094543,0.3774610459804535,-0.2210175693035125,0.4344798922538757,0.3766753077507019,-0.1416162699460983,0.5443629026412964,0.5003653764724731,-0.0278359055519104,0.455677181482315,0.5004774928092957,0.0277311559766531,0.5795007348060608,0.5678768754005432,-0.0975234061479568,0.4387342631816864,0.5768042802810669,0.2066819667816162,0.6160476207733154,0.6180717945098877,0.1764672994613647,0.3889405429363251,0.6123399138450623,0.6139644980430603
M,False,0.4750752747058868,0.3292275369167328,-0.4569811522960663,0.5566070079803467,0.3592039346694946,-0.2508334219455719,0.4228415787220001,0.3645968437194824,-0.2060689926147461,0.5481196045875549,0.499953418970108,-0.0104574374854564,0.4522988498210907,0.5005930662155151,0.0103475470095872,0.537474513053894,0.5932018160820007,0.0639883428812027,0.4599895179271698,0.5939713716506958,0.1110913679003715,0.5213623642921448,0.6672163009643555,0.4211357831954956,0.4791810214519501,0.6667270064353943,0.4926336109638214
M,False,0.4937377572059631,0.3656471669673919,-0.4158523082733154,0.5597566962242126,0.3844764828681946,-0.2276212275028228,0.4319655895233154,0.3866992592811584,-0.1727658361196518,0.5455070734024048,0.5009942054748535,-0.0273024719208478,0.4544160962104797,0.5000133514404297,0.0272625442594289,0.555770993232727,0.5577543377876282,-0.2564609348773956,0.4157638251781463,0.5629547834396362,-0.0820405185222625,0.606631875038147,0.6160058379173279,-0.0090236822143197,0.381740927696228,0.6167070269584656,0.2299880385398864
M,False,0.4840337634086609,0.3175450563430786,-0.3500876128673553,0.5593575835227966,0.3554117083549499,-0.1723244190216064,0.4207237362861633,0.3572276830673218,-0.1516524702310562,0.5483212471008301,0.5003764629364014,-0.0112922564148902,0.4525427222251892,0.5010894536972046,0.0109839579090476,0.5565342307090759,0.5989184975624084,0.0692980960011482,0.4253498613834381,0.5979325175285339,0.1511279642581939,0.6028977632522583,0.6705583930015564,0.3451645076274872,0.3803991377353668,0.6686275005340576,0.4679374694824219
M,False,0.4971726834774017,0.337571769952774,-0.3686197400093078,0.567730724811554,0.3650072515010834,-0.2054829895496368,0.4351970255374908,0.3636958599090576,-0.1506415903568267,0.547250509262085,0.5019969344139099,-0.0150036942213773,0.4523928463459015,0.4994000196456909,0.0148234385997056,0.5778946280479431,0.5847530961036682,0.1054222136735916,0.4136723279953003,0.5823577642440796,0.0652913302183151,0.6055287718772888,0.6423457264900208,0.4743363559246063,0.3728213012218475,0.6445102095603943,0.376456618309021
M,False,0.5090830326080322,0.3546133041381836,-0.3197279572486877,0.5721800327301025,0.3730047643184662,-0.1075870171189308,0.442012220621109,0.3734021186828613,-0.102430060505867,0.548130989074707,0.5024920701980591,0.0101582733914256,0.453231930732727,0.4988134503364563,-0.0101183429360389,0.5556142926216125,0.5725408792495728,-0.0388252325356006,0.4533658027648926,0.5673672556877136,-0.0429438576102256,0.5213495492935181,0.6211039423942566,0.3120660781860351,0.467386931180954,0.6240642070770264,0.2965686619281769
M,False,0.4980758428573608,0.3197640180587768,-0.2568913996219635,0.572064220905304,0.3533704876899719,-0.0470980368554592,0.4315073788166046,0.3534791469573974,-0.0613640733063221,0.5468518137931824,0.5017878413200378,-0.0032635834068059,0.453305572271347,0.4995175004005432,0.0030294368043541,0.5406718254089355,0.6039767861366272,0.0177383814007043,0.4636364281177521,0.6019076704978943,0.0799205303192138,0.52265465259552,0.6902955770492554,0.3461833894252777,0.4664244949817657,0.6882197856903076,0.4080418944358825
M,False,0.4928835332393646,0.3045569658279419,-0.3389017879962921,0.5646966099739075,0.3497853279113769,-0.1367664188146591,0.4267533719539642,0.3489358723163605,-0.0947044640779495,0.5507217645645142,0.4996988177299499,-0.0023300098255276,0.4490958154201507,0.5014449954032898,0.0022382400929927,0.6415218710899353,0.5881872177124023,-0.2708463370800018,0.3567346334457397,0.5953667759895325,-0.2505339682102203,0.5288471579551697,0.6559042930603027,0.1909766048192978,0.4744222462177276,0.651970386505127,0.2459027171134948
M,False,0.4990783631801605,0.3053067028522491,-0.3034517765045166,0.5775163173675537,0.3470576703548431,-0.0738013386726379,0.4271783232688904,0.3479539453983307,-0.0718003362417221,0.5485394597053528,0.5003896951675415,-0.0038998019881546,0.4518277049064636,0.4998586475849151,0.0036101022269576,0.5458089709281921,0.6088892817497253,-0.0201884619891643,0.4638388752937317,0.6109697818756104,0.0107939690351486,0.5335922837257385,0.7013099193572998,0.3179678916931152,0.4795844256877899,0.7040573358535767,0.3173510730266571
M,False,0.4941077828407287,0.3066816031932831,-0.2934626638889313,0.5573602318763733,0.3559369444847107,-0.0959798097610473,0.4292046427726745,0.3548335433006286,-0.0714057758450508,0.5488157272338867,0.4990584850311279,-0.00228081503883,0.4500161111354828,0.5013056993484497,0.0021709164138883,0.6320033073425293,0.5875009298324585,-0.2695120573043823,0.3691356182098388,0.5952143669128418,-0.2991083860397339,0.530747652053833,0.6552231311798096,0.1841909140348434,0.4683405458927154,0.655556321144104,0.1859363913536071
M,False,0.483327180147171,0.3502794802188873,-0.6062220931053162,0.5575380921363831,0.3673087060451507,-0.3557779788970947,0.4251523017883301,0.3722462356090545,-0.3068501353263855,0.5458155274391174,0.5007471442222595,-0.0132357757538557,0.4530480802059173,0.5002541542053223,0.0130185037851333,0.5439752340316772,0.580130934715271,-0.1011729016900062,0.4533498287200928,0.5855672955513,0.1988170444965362,0.5255942940711975,0.6473066806793213,0.3382267951965332,0.4825969636440277,0.6442416310310364,0.673308789730072
M,False,0.4917962551116943,0.3564681112766266,-0.4839474856853485,0.5680353045463562,0.3824500143527984,-0.2092466056346893,0.4286268055438995,0.3788555860519409,-0.206051230430603,0.5455203652381897,0.5017473101615906,0.003514734795317,0.4540509581565857,0.4992371499538421,-0.0034811578225344,0.5407208800315857,0.5815907120704651,-0.0657137855887413,0.4453189671039581,0.576727032661438,-0.2677143812179565,0.5118740797042847,0.6444535851478577,0.3640809059143066,0.4620019197463989,0.6443331241607666,0.1168353259563446
M,False,0.5077998042106628,0.3346191048622131,-0.5639382004737854,0.5746186375617981,0.3681655526161194,-0.3125264644622803,0.4418425858020782,0.3649144470691681,-0.3085594475269317,0.5452436804771423,0.5006163716316223,-0.0039664036594331,0.4533576667308807,0.4997572302818298,0.0037731032352894,0.5300611257553101,0.5859510898590088,0.0949557572603225,0.448524534702301,0.5852869749069214,0.1988012492656707,0.5114880204200745,0.6449546813964844,0.5354505777359009,0.4742805063724518,0.6432750225067139,0.659485399723053
M,False,0.5016467571258545,0.2951201498508453,-0.3590641319751739,0.5724170207977295,0.348582923412323,-0.0996406972408294,0.4249163269996643,0.3439773023128509,-0.1593899130821228,0.5488309860229492,0.4995658099651336,0.010569236241281,0.4523806869983673,0.501207709312439,-0.010806368663907,0.5393538475036621,0.6028819680213928,0.0567522533237934,0.4538858532905578,0.6051959991455078,0.0688885897397995,0.510686457157135,0.6913207769393921,0.4208640456199646,0.4626722931861877,0.69174724817276,0.4092009961605072
M,False,0.5003165006637573,0.3145723342895508,-0.422624796628952,0.5650956630706787,0.3614329993724823,-0.239780768752098,0.4373790025711059,0.354471355676651,-0.1928649246692657,0.5490356087684631,0.4999890923500061,-0.0127628138288855,0.4519780874252319,0.5000192523002625,0.0125975273549556,0.5533179044723511,0.5906065702438354,0.1379525810480117,0.4330591857433319,0.5894352197647095,0.2010949552059173,0.5987565517425537,0.645836353302002,0.4896660149097442,0.3778595924377441,0.6416583061218262,0.5857691764831543
M,False,0.4777520000934601,0.312465637922287,-0.4185428917407989,0.5653706192970276,0.3632620871067047,-0.2411659806966781,0.4286425411701202,0.3569768965244293,-0.1913048923015594,0.5503789782524109,0.500843346118927,-0.0152023630216717,0.4510652720928192,0.5002431869506836,0.0148498248308897,0.5833070874214172,0.5925320386886597,0.0513343401253223,0.3925746083259582,0.5902390480041504,0.0362269654870033,0.6038640141487122,0.6679154634475708,0.4131228625774383,0.3686655759811401,0.6686906814575195,0.3745982348918915
M,False,0.4931049048900604,0.3371241688728332,-0.3467444777488708,0.5624318718910217,0.3631524741649627,-0.175566554069519,0.4302619099617004,0.363318383693695,-0.1229582577943801,0.5470547676086426,0.5021184086799622,-0.023898696526885,0.4532088339328766,0.4994150102138519,0.0237771049141883,0.5525953769683838,0.5943307280540466,0.0539496466517448,0.4176685512065887,0.5864295363426208,0.1567037850618362,0.6122702956199646,0.6428705453872681,0.4219224154949188,0.377648115158081,0.6375006437301636,0.5409222841262817
M,False,0.5000587701797485,0.3484230041503906,-0.4000825881958008,0.5623899102210999,0.3744572699069977,-0.2087600976228714,0.4408613741397857,0.3753703534603119,-0.194520890712738,0.5447234511375427,0.5021693110466003,-0.0077715753577649,0.4566493034362793,0.4994601309299469,0.007748139090836,0.557127833366394,0.5788441896438599,0.0216154493391513,0.4336464405059814,0.5706077814102173,0.1065871939063072,0.606361448764801,0.6089962720870972,0.3806205093860626,0.3842739462852478,0.6127161979675293,0.5204166173934937
M,False,0.517691433429718,0.326958030462265,-0.4438570737838745,0.5777719020843506,0.3669067919254303,-0.1949506103992462,0.4450247287750244,0.3612136244773865,-0.2528379261493683,0.5469664931297302,0.5005133748054504,0.0148150185123085,0.4532354772090912,0.5004570484161377,-0.0149220936000347,0.5436121225357056,0.592619001865387,0.0044185402803123,0.4627988040447235,0.5939196944236755,0.0712070763111114,0.5190272331237793,0.664981484413147,0.4202794134616852,0.4759128093719482,0.6643756628036499,0.5059764385223389
M,False,0.4942330420017242,0.3656497597694397,-0.5749170780181885,0.559923529624939,0.3853554129600525,-0.3454533517360687,0.4319119155406952,0.3825479745864868,-0.3313081264495849,0.5455610752105713,0.501349687576294,-0.004557077307254,0.4556963145732879,0.4998814165592193,0.0044047064147889,0.577893078327179,0.5646865963935852,-0.1355774849653244,0.4268495440483093,0.5665795207023621,-0.0481497645378112,0.6094496250152588,0.6139821410179138,0.237869992852211,0.3844600319862366,0.6151044368743896,0.3331019282341003
M,False,0.5040120482444763,0.3163299262523651,-0.3922069072723388,0.5679046511650085,0.3606140613555908,-0.1702627539634704,0.4302529096603393,0.353734940290451,-0.2377343028783798,0.5481425523757935,0.500074565410614,0.0086718378588557,0.4527382254600525,0.5007540583610535,-0.0088113155215978,0.5677700042724609,0.5951065421104431,0.1096972450613975,0.4379635453224182,0.5951365232467651,0.1405079215764999,0.6165807843208313,0.670377790927887,0.3541305363178253,0.3960404098033905,0.6655933856964111,0.4447774589061737
M,False,0.4902213811874389,0.3365844488143921,-0.4034236967563629,0.5610387921333313,0.3648095726966858,-0.210981398820877,0.4270243048667907,0.3639416098594665,-0.1987871825695037,0.5472233295440674,0.5011231303215027,-0.0056287939660251,0.4513530731201172,0.4997659921646118,0.0054772743023931,0.582464337348938,0.5844722390174866,0.0655276402831077,0.4184680581092834,0.5829936861991882,0.1857813447713852,0.6223859786987305,0.6427431106567383,0.3819291591644287,0.3911879360675812,0.6407803297042847,0.5849380493164062
M,False,0.482403039932251,0.3546032905578613,-0.4406738877296448,0.5516999363899231,0.3742422461509704,-0.2231954336166381,0.4230416715145111,0.3756295442581177,-0.1982218027114868,0.5454139113426208,0.5002620816230774,-0.0117052709683775,0.4541392624378204,0.5003999471664429,0.01181270647794,0.5418225526809692,0.5721622109413147,-0.0089105768129229,0.4408149421215057,0.5720972418785095,0.1913415044546127,0.5235037207603455,0.6282469034194946,0.3585374653339386,0.4709499776363373,0.6266764998435974,0.5964285731315613
M,False,0.4915059804916382,0.3199422359466553,-0.2244950085878372,0.5666680335998535,0.3567806184291839,-0.0138958189636468,0.4247018992900848,0.3552082777023315,-0.0405396036803722,0.5468829870223999,0.5002618432044983,-0.0021892373915761,0.4525269269943237,0.5011443495750427,0.0020050092134624,0.5344226956367493,0.6008673310279846,-0.0312497392296791,0.4594903290271759,0.6053829193115234,0.0095783760771155,0.5323553085327148,0.687315821647644,0.3015395700931549,0.4773240387439728,0.690303385257721,0.2952314615249634
M,False,0.5052005648612976,0.3055475950241089,-0.3068033456802368,0.5757614970207214,0.3506311774253845,-0.1033501327037811,0.4389790892601013,0.3479744493961334,-0.0665336400270462,0.5522766709327698,0.501594066619873,-0.0021963585168123,0.4489834606647491,0.4997296929359436,0.0021767225116491,0.6363086104393005,0.5945935249328613,-0.2034625262022018,0.3596426844596863,0.5900091528892517,-0.2256253361701965,0.528223991394043,0.6566972136497498,0.2754763662815094,0.4627321064472198,0.6548816561698914,0.2609634399414062
M,False,0.4867341816425323,0.3039974272251129,-0.3521066308021545,0.5661084651947021,0.3512521684169769,-0.0984890386462211,0.4192096590995788,0.3459419310092926,-0.1614067554473877,0.5477840900421143,0.5005368590354919,0.0171722564846277,0.4507584571838379,0.5010890364646912,-0.0174571946263313,0.5342387557029724,0.6088241338729858,0.0438937731087207,0.4534749686717987,0.6114729046821594,0.0674288272857666,0.5135106444358826,0.6994481086730957,0.4177297949790954,0.4631157219409942,0.6996387839317322,0.4283521771430969
M,False,0.5005805492401123,0.308910995721817,-0.2832949459552765,0.5799633264541626,0.3567160964012146,-0.1123764291405677,0.4462774693965912,0.3546620309352875,-0.0402947552502155,0.5517769455909729,0.5023794770240784,-0.0100821126252412,0.449390172958374,0.4989950656890869,0.0099508352577686,0.6306595206260681,0.5976062417030334,-0.2150342762470245,0.3634955286979675,0.5907073616981506,-0.240421861410141,0.5326441526412964,0.6554207801818848,0.26465904712677,0.4606455564498901,0.6529905200004578,0.2265416532754898
M,False,0.5098816156387329,0.3466382324695587,-0.5822751522064209,0.5693736672401428,0.3713326454162597,-0.2964783310890198,0.4370478689670563,0.3685357272624969,-0.3645058274269104,0.5456223487854004,0.5011504292488098,0.0213171914219856,0.453033834695816,0.4995013177394867,-0.0214136354625225,0.5438293814659119,0.5855881571769714,-0.0008321955683641,0.448672890663147,0.5793188810348511,0.1721894890069961,0.513335108757019,0.6426697969436646,0.4916313886642456,0.4686585664749145,0.6424081921577454,0.6861658096313477
M,False,0.4858936667442322,0.3620348274707794,-0.4108429253101349,0.5615465044975281,0.380736231803894,-0.1881220638751983,0.4283075332641601,0.3849930763244629,-0.1442216634750366,0.5448647737503052,0.5004771947860718,-0.0152897583320736,0.4565853476524353,0.5007683038711548,0.0152890719473361,0.5413743257522583,0.5720991492271423,-0.0054039433598518,0.4610673487186432,0.5721217393875122,0.0350075140595436,0.5723162889480591,0.6286623477935791,0.2595131397247314,0.4377043545246124,0.629134476184845,0.3127670884132385
M,False,0.4812689423561096,0.3063627779483795,-0.3576729595661163,0.5650176405906677,0.3456892073154449,-0.1309714317321777,0.4186300337314605,0.3521648347377777,-0.0969114601612091,0.5534994602203369,0.498205691576004,-0.0039893905632197,0.4468558728694916,0.5022391676902771,0.0039161294698715,0.6464459300041199,0.5897601246833801,-0.3731639385223388,0.3575110137462616,0.5911033153533936,-0.3958157002925873,0.597384512424469,0.6695570945739746,0.0823544412851333,0.4220423996448517,0.6683921217918396,0.0744235590100288
M,False,0.5039700269699097,0.3246105015277862,-0.3183021247386932,0.575469434261322,0.3547910451889038,-0.0447295680642128,0.4300273060798645,0.3577482402324676,-0.0566074810922145,0.5518256425857544,0.4994034469127655,0.0037561187054961,0.4482935070991516,0.5006198883056641,-0.0037716075312346,0.6266019940376282,0.59013831615448,-0.3102396428585052,0.3749642670154571,0.5929941534996033,-0.2850887775421142,0.5905019044876099,0.6674580574035645,0.0994590446352958,0.4201254546642303,0.6653794646263123,0.1329240351915359
M,False,0.4919583797454834,0.3266956806182861,-0.2349086701869964,0.5674728155136108,0.3571012616157532,-0.0220624711364507,0.4297868311405182,0.362809956073761,0.0110397972166538,0.5503947734832764,0.4995788335800171,-0.0047633186914026,0.4504579901695251,0.5011219382286072,0.0047545372508466,0.6395828127861023,0.5838569402694702,-0.2638553380966186,0.3688134551048279,0.5856108069419861,-0.2984664440155029,0.5945888757705688,0.6543686389923096,0.0911222472786903,0.4239372014999389,0.6517502665519714,0.075718805193901
M,False,0.489891916513443,0.3527731895446777,-0.2205185443162918,0.5614851117134094,0.3732889294624328,-0.0092793330550193,0.4251751005649566,0.3783304691314697,0.0017154130619019,0.5480018258094788,0.4989730417728424,-0.0006306747673079,0.4514610469341278,0.5013766288757324,0.0005791048752143,0.6310754418373108,0.5706462860107422,-0.2491841167211532,0.3643587231636047,0.5768305659294128,-0.2989123463630676,0.5925233364105225,0.6293190717697144,0.2053059637546539,0.4251260757446289,0.6286893486976624,0.1396277695894241
M,False,0.485891580581665,0.2969187796115875,-0.4012524485588074,0.5686266422271729,0.3426051437854767,-0.1901034861803054,0.4202331304550171,0.3460735082626343,-0.1652244478464126,0.5510164499282837,0.4994660317897796,-0.0045344159007072,0.4498514533042907,0.5021241903305054,0.0042401398532092,0.6075267195701599,0.6055909991264343,-0.0347355715930461,0.4088059663772583,0.6084018349647522,-0.0070918663404881,0.5978676676750183,0.6984824538230896,0.2699971199035644,0.4298340082168579,0.6963125467300415,0.3174112737178802
M,False,0.4846861958503723,0.3642769455909729,-0.4329845607280731,0.5605277419090271,0.3814814686775207,-0.1797150075435638,0.4246692657470703,0.3856391310691833,-0.1615669429302215,0.545755922794342,0.499471515417099,0.0017994852969422,0.4545210897922516,0.5016574263572693,-0.0018714499892666,0.6133122444152832,0.5688847899436951,-0.3124179244041443,0.3856240510940552,0.5730423927307129,-0.3252942562103271,0.5830627679824829,0.6246429681777954,0.113053873181343,0.4230636358261108,0.6228206753730774,0.1630752682685852
M,False,0.4813467860221863,0.3409450650215149,-0.3374013900756836,0.5577582120895386,0.3633914589881897,-0.096483439207077,0.4180461764335632,0.3674643635749817,-0.0784410461783409,0.5498821139335632,0.4996947646141052,-0.0025707476306706,0.4503867626190185,0.5016115307807922,0.0025452864356338,0.6115108728408813,0.5908587574958801,-0.2673451900482178,0.4088388383388519,0.5958372950553894,-0.1435363739728927,0.5953525900840759,0.6675165295600891,0.0861207470297813,0.4303173720836639,0.6681168079376221,0.2632113099098205
M,False,0.4830175042152405,0.3328036069869995,-0.2821038663387298,0.5632124543190002,0.3607499897480011,-0.094169944524765,0.4215273261070251,0.3648638427257538,-0.073949709534645,0.5474866032600403,0.4998152256011963,-0.0019807615317404,0.4518970251083374,0.5007575154304504,0.0018271435983479,0.5749213695526123,0.5960613489151001,0.0684480741620063,0.4376057386398315,0.5991562008857727,0.0807902440428733,0.5777797102928162,0.6862093806266785,0.2026755511760711,0.4267476499080658,0.6858606934547424,0.2692824602127075
M,False,0.4846171140670776,0.3656772077083587,-0.6281479597091675,0.5603124499320984,0.3858769834041595,-0.3855126500129699,0.4277611970901489,0.3882128596305847,-0.3274880647659302,0.5458305478096008,0.5005389451980591,-0.0193637404590845,0.4547772109508514,0.5010851621627808,0.0192356780171394,0.5558812022209167,0.5681042671203613,-0.0878820717334747,0.4272118210792541,0.5715269446372986,0.0982455983757972,0.5886836647987366,0.6177791357040405,0.2224879264831543,0.4324737191200256,0.615889310836792,0.4866341948509216
M,False,0.4865745306015014,0.3279270529747009,-0.3751254081726074,0.564601719379425,0.3588190376758575,-0.1602488309144973,0.4227697849273681,0.3621300160884857,-0.1550894230604171,0.5499655604362488,0.4998450577259063,-0.0035792863927781,0.4514527320861816,0.501358687877655,0.0034794909879565,0.5881065130233765,0.591666042804718,0.0062660975381731,0.4385969340801239,0.5961573719978333,0.1407795846462249,0.5960760116577148,0.6727505922317505,0.197978675365448,0.4335498511791229,0.6756725311279297,0.4220218956470489
M,False,0.4838810861110687,0.2998961210250854,-0.4166590571403503,0.5680554509162903,0.346467524766922,-0.2354283481836319,0.4230769872665405,0.3460970818996429,-0.1804707199335098,0.5476670861244202,0.4999848902225494,-0.0100158238783478,0.4525856971740722,0.5004191398620605,0.009671633131802,0.5492935180664062,0.6018683314323425,0.1376752257347107,0.4448457062244415,0.600641131401062,0.1344959139823913,0.5827624201774597,0.681750476360321,0.4091469049453735,0.4267918765544891,0.684492290019989,0.4141838550567627
M,False,0.4867285788059234,0.3462300598621368,-0.4905571043491363,0.5650717616081238,0.3678728640079498,-0.2574405372142792,0.4318781197071075,0.3732907176017761,-0.2239726483821869,0.5461557507514954,0.4999045431613922,-0.0145297739654779,0.4524118602275848,0.5007148385047913,0.0145569443702697,0.5713598728179932,0.5728972554206848,-0.0154621684923768,0.4465003311634063,0.5761212110519409,0.2361766248941421,0.5943557620048523,0.6247157454490662,0.2843779921531677,0.4303124248981476,0.6243426203727722,0.6479454040527344
M,False,0.4932523965835571,0.3534188866615295,-0.4849876165390014,0.5686819553375244,0.3780850172042846,-0.2378958314657211,0.4359770119190216,0.3790118098258972,-0.2112790197134018,0.5448929071426392,0.5000424385070801,-0.0093702087178826,0.45463427901268,0.5003662705421448,0.0093716913834214,0.5569284558296204,0.5708066821098328,-0.052505187690258,0.4526710510253906,0.5761817097663879,0.1961546540260315,0.590060830116272,0.6145737767219543,0.3142547011375427,0.4303374886512756,0.6138623952865601,0.6482352018356323
M,False,0.4905520379543304,0.371951550245285,-0.6862103939056396,0.5655269622802734,0.3887972235679626,-0.3979528844356537,0.4318333864212036,0.3893908262252807,-0.3531835079193115,0.5430513024330139,0.4998709559440613,-0.012496986426413,0.4574325680732727,0.5008521676063538,0.0123586868867278,0.5380122661590576,0.5706762671470642,-0.2382013797760009,0.4496610164642334,0.5689173340797424,-0.1083664372563362,0.5731022953987122,0.6350257992744446,-0.0106474719941616,0.434419184923172,0.631645679473877,0.1494405269622802
M,False,0.490691065788269,0.3228983879089355,-0.4487796127796173,0.571064293384552,0.3545683622360229,-0.2263002693653106,0.4311608672142029,0.358733981847763,-0.214152917265892,0.5485929846763611,0.5001776218414307,-0.0031449389643967,0.4514418542385101,0.5005104541778564,0.0029510322492569,0.5866622924804688,0.5887188911437988,0.0636728778481483,0.4343246519565582,0.5936378240585327,0.1999362558126449,0.6005354523658752,0.6563958525657654,0.3938217163085937,0.4305581748485565,0.6598036885261536,0.6006222367286682
M,False,0.4955052733421325,0.3389657139778137,-0.5091168284416199,0.5714659094810486,0.3631803393363952,-0.26477912068367,0.4340172708034515,0.3655050098896026,-0.2405012398958206,0.54741370677948,0.5008561015129089,-0.0092975897714495,0.451671302318573,0.5002177953720093,0.0091532133519649,0.5701689720153809,0.5897019505500793,0.0479571484029293,0.438072144985199,0.5903112888336182,0.2126975059509277,0.5788548588752747,0.6642702221870422,0.3114238977432251,0.4264658391475677,0.6633862853050232,0.5635262131690979
M,False,0.4902397394180298,0.3033701479434967,-0.3748548328876495,0.575381338596344,0.3468955457210541,-0.1866181343793869,0.4281698167324066,0.344046026468277,-0.1797566711902618,0.5473813414573669,0.5002946853637695,-0.0048217587172985,0.4514737427234649,0.5000689625740051,0.0045332824811339,0.5415022373199463,0.6084050536155701,0.0749156549572944,0.4553767144680023,0.6062621474266052,0.1053127124905586,0.5818155407905579,0.6998164057731628,0.2374377250671386,0.4365426003932953,0.6975565552711487,0.3336251378059387
M,False,0.4854432642459869,0.356685996055603,-0.4109633564949035,0.5677693486213684,0.3711114525794983,-0.2126687467098236,0.431719958782196,0.3741131424903869,-0.1714560091495514,0.5446872115135193,0.500551164150238,-0.0131742898374795,0.4546245336532593,0.5004377961158752,0.0130657479166984,0.5388917922973633,0.5837326645851135,0.0850505530834198,0.4639029800891876,0.5798742771148682,0.1450572162866592,0.5731701254844666,0.6475813984870911,0.3020485341548919,0.442305713891983,0.645592451095581,0.4355929791927337
M,False,0.5026074647903442,0.3654422163963318,-0.5290101170539856,0.5664145350456238,0.3868019580841064,-0.2964258193969726,0.4295392334461212,0.3825759291648865,-0.258136123418808,0.54485684633255,0.500758171081543,-0.0272580068558454,0.4564795196056366,0.4997772872447967,0.0272940918803215,0.5261358022689819,0.5765635371208191,-0.0875050202012062,0.4457831084728241,0.5723598599433899,0.018106734380126,0.5574274659156799,0.6317843198776245,0.1984444558620453,0.4160966575145721,0.6365298628807068,0.3222986757755279
M,False,0.513015866279602,0.3065859377384186,-0.2596189081668854,0.5839835405349731,0.3538114726543426,-0.0319015309214592,0.4369480609893799,0.3451398313045501,-0.0262856148183345,0.554642915725708,0.5017281174659729,-0.0008057281957007,0.4463851451873779,0.4995628893375397,0.0007792062824591,0.6419076919555664,0.5933384895324707,-0.2728155553340912,0.3513219356536865,0.5886808633804321,-0.3387081325054168,0.5808736085891724,0.6702459454536438,0.1647034585475921,0.4020112752914428,0.6707386374473572,0.0858395919203758
M,False,0.4975805282592773,0.3246806263923645,-0.3910093307495117,0.5731868743896484,0.3617847561836242,-0.1678043007850647,0.4274359345436096,0.355556458234787,-0.1259858906269073,0.5521650314331055,0.5020991563796997,-0.0049202698282897,0.4478428959846496,0.4993486106395721,0.0047714323736727,0.6240040063858032,0.5950194001197815,-0.3081060945987701,0.3750855922698974,0.589464545249939,-0.3550240099430084,0.5836582779884338,0.6654729247093201,0.1281601637601852,0.4115271866321563,0.6677488088607788,0.0703122988343238
M,False,0.503966748714447,0.3278453350067138,-0.3151254653930664,0.5741853713989258,0.364662766456604,-0.1099487617611885,0.4331738650798797,0.3585274517536163,-0.0885167270898819,0.5530705451965332,0.5014768242835999,-0.0039575053378939,0.4482813775539398,0.5001717209815979,0.0038670648355036,0.6319079399108887,0.5878016948699951,-0.2277474850416183,0.3615190088748932,0.5841426849365234,-0.2542007565498352,0.5738519430160522,0.6516551971435547,0.2514865398406982,0.4059124886989593,0.6535318493843079,0.1997575610876083
M,False,0.5037829875946045,0.352243959903717,-0.3075568974018097,0.5745378732681274,0.3755286633968353,-0.0916733667254448,0.4384094774723053,0.3715364634990692,-0.0620775297284126,0.5490352511405945,0.5019951462745667,-0.004920597653836,0.4511867761611938,0.4985465705394745,0.0048373751342296,0.6325597167015076,0.5741543769836426,-0.2945667803287506,0.3705853223800659,0.5703781247138977,-0.3335517942905426,0.5741992592811584,0.6283931732177734,0.1591777056455612,0.4039317965507507,0.6294190883636475,0.0914202630519867
M,False,0.5083659887313843,0.2956917285919189,-0.4073606729507446,0.5802042484283447,0.3439154624938965,-0.183863416314125,0.4288609623908996,0.3410992920398712,-0.1851258873939514,0.5535232424736023,0.5005497932434082,0.0035619474947452,0.4479211568832397,0.5010575652122498,-0.0038046350236982,0.5924630761146545,0.6068735718727112,-0.0213666521012783,0.3933917284011841,0.6050650477409363,-0.0592686161398887,0.5682452917098999,0.6936659216880798,0.312209278345108,0.4009638726711273,0.6987998485565186,0.2171453833580017
M,False,0.5073021054267883,0.3623034656047821,-0.4497016072273254,0.5715430974960327,0.3855249881744385,-0.1994782239198684,0.4378028213977813,0.381338357925415,-0.1869430989027023,0.5476704239845276,0.5025624632835388,-0.0010498014744371,0.4533813595771789,0.4990592300891876,0.0010608973680064,0.6095346808433533,0.5709478855133057,-0.2981130480766296,0.3840235471725464,0.5701802968978882,-0.3561435043811798,0.5729765295982361,0.6225188970565796,0.1816977113485336,0.4133464395999908,0.6254963278770447,0.0919157043099403
M,False,0.5140249133110046,0.3363698720932007,-0.4629673957824707,0.5812463164329529,0.3682869374752044,-0.2135910540819168,0.4402660131454468,0.3625763654708862,-0.1933915168046951,0.5487626194953918,0.5022817254066467,-0.0078010549768805,0.4513258337974548,0.4987438321113586,0.0077050356194376,0.5915190577507019,0.595268964767456,-0.1901773810386657,0.3912078440189361,0.5879671573638916,-0.3280932903289795,0.5665145516395569,0.6633256673812866,0.2644816040992737,0.4032085537910461,0.6660608649253845,0.075843945145607
M,False,0.5073058009147644,0.3348045945167541,-0.3120391070842743,0.5739601850509644,0.3660736083984375,-0.0958334654569625,0.4346877336502075,0.3568562865257263,-0.1149801611900329,0.5479789972305298,0.5011768341064453,0.0020883090328425,0.4517078101634979,0.4999265074729919,-0.0023024713154882,0.5547885894775391,0.596794843673706,0.025748636573553,0.421279639005661,0.6012088060379028,0.0325528755784034,0.5656246542930603,0.6803343892097473,0.3100516200065613,0.4168828725814819,0.6871324181556702,0.3033809065818786
M,False,0.5058372020721436,0.3648530840873718,-0.5805255770683289,0.5659123659133911,0.386662095785141,-0.3393063247203827,0.4341757297515869,0.3836391866207123,-0.324064165353775,0.5472008585929871,0.5022398829460144,-0.0054396945051848,0.4538229703903198,0.4986775815486908,0.0053578126244246,0.5616051554679871,0.5686335563659668,0.011349132284522,0.4355346262454986,0.5631207823753357,0.1101980283856391,0.562314510345459,0.6117480993270874,0.3348627984523773,0.4073695838451385,0.6195517778396606,0.4717984497547149
M,False,0.507706344127655,0.3238308131694793,-0.4152918756008148,0.5763648748397827,0.3632322549819946,-0.2064927220344543,0.4359232187271118,0.3573168814182281,-0.1896665841341018,0.5474509596824646,0.5025216937065125,-0.0053645949810743,0.4519678950309753,0.4980564415454864,0.0050325519405305,0.5565192699432373,0.599009096622467,0.1356986910104751,0.4062609374523163,0.5928110480308533,0.0439866967499256,0.5638859868049622,0.669392466545105,0.5094060897827148,0.3985442221164703,0.6718264222145081,0.3468608260154724
M,False,0.5089892745018005,0.298137903213501,-0.414628803730011,0.5742013454437256,0.3450396358966827,-0.2059256732463836,0.4276823401451111,0.3394255042076111,-0.2030300498008728,0.5492829084396362,0.4996561706066131,0.0005398665671236,0.4512990117073059,0.5007083415985107,-0.0008598805288784,0.5539544224739075,0.5996814966201782,0.1320094764232635,0.4484806954860687,0.6008520722389221,0.144367903470993,0.5676906108856201,0.6796163320541382,0.4788704812526703,0.4109456539154053,0.6812008023262024,0.4915964603424072
M,False,0.5026919841766357,0.3490864932537079,-0.4347017109394073,0.5636269450187683,0.3775507509708404,-0.2164956480264663,0.430103987455368,0.3727132081985473,-0.1949471086263656,0.5463398694992065,0.5031744837760925,-0.0133986547589302,0.4526527225971222,0.4984584152698517,0.013354979455471,0.5431289672851562,0.5844613909721375,0.0259159207344055,0.420442670583725,0.5696659684181213,0.0515278503298759,0.5662491321563721,0.624112606048584,0.4255237579345703,0.4031431674957275,0.6310319304466248,0.4577419757843017
M,False,0.4993890523910522,0.3588939309120178,-0.4648049175739288,0.561034619808197,0.3850657641887665,-0.2329647094011306,0.4232961237430572,0.382621169090271,-0.2115536779165268,0.5456514954566956,0.5020944476127625,-0.0112477438524365,0.4537329077720642,0.4980075061321258,0.0112334880977869,0.5356440544128418,0.5797637701034546,-0.0924290567636489,0.4161384403705597,0.5624387860298157,-0.1522363126277923,0.5687882304191589,0.6147763729095459,0.3842634558677673,0.4068073630332947,0.6155893802642822,0.2894111573696136
M,False,0.4962427616119385,0.3730870485305786,-0.6097326874732971,0.5608251094818115,0.3911968469619751,-0.3630565106868744,0.4264054298400879,0.3898362517356872,-0.336208701133728,0.5435177683830261,0.5005667209625244,-0.0122790057212114,0.4552467167377472,0.5007597804069519,0.0121549237519502,0.5382922887802124,0.56954425573349,-0.1409165859222412,0.4481787383556366,0.570877730846405,-0.0463531613349914,0.556172251701355,0.6312540173530579,0.0942715927958488,0.4192195236682892,0.6337960958480835,0.203395813703537
M,False,0.5016353726387024,0.3194972276687622,-0.4541570246219635,0.5673030018806458,0.35871022939682,-0.2305456548929214,0.4250700175762176,0.3550509512424469,-0.2341252267360687,0.5476688742637634,0.5011236071586609,-0.0008788062259554,0.4521272182464599,0.4990479946136474,0.0006908652139827,0.5602079033851624,0.5916076302528381,0.0874109491705894,0.4089637994766235,0.587682843208313,0.1106743961572647,0.5660287737846375,0.6529987454414368,0.4754094779491424,0.3931275308132171,0.6553598046302795,0.4925751984119415
M,False,0.4945683777332306,0.3416995406150818,-0.4654702544212341,0.5623255372047424,0.3685727715492248,-0.2383724451065063,0.4219732582569122,0.3634418547153473,-0.2337774634361267,0.5467639565467834,0.5006661415100098,-0.0101389624178409,0.4521611332893371,0.5000519752502441,0.0099915023893117,0.55205237865448,0.5901485681533813,0.0881478562951088,0.4209870994091034,0.5910313129425049,0.1476737111806869,0.567783534526825,0.6626788973808289,0.4109097719192505,0.4138537049293518,0.6656131148338318,0.4897299110889435
M,False,0.5029321312904358,0.3022907078266144,-0.3696753084659576,0.5688907504081726,0.3494760692119598,-0.1465683877468109,0.4205034673213959,0.3438194394111633,-0.1743192374706268,0.5481683611869812,0.4999119937419891,0.0068809264339506,0.4515877664089203,0.5008034706115723,-0.0070717898197472,0.5410045981407166,0.6054508686065674,0.0924298912286758,0.4526791274547577,0.6093745231628418,0.0433764234185218,0.558075487613678,0.6975975632667542,0.3160319328308105,0.4119376838207245,0.7025091648101807,0.2606043815612793
M,False,0.5054556727409363,0.3566130399703979,-0.3592890202999115,0.5611097812652588,0.3776942789554596,-0.1520625054836273,0.4282208085060119,0.3739714622497558,-0.1654483377933502,0.5448858141899109,0.4999660551548004,-0.0035683165770024,0.4563853740692138,0.5012380480766296,0.003460137406364,0.5279068350791931,0.5769929885864258,0.1524383127689361,0.4568414986133575,0.5794920325279236,0.1367894858121872,0.5514326095581055,0.644564151763916,0.3504743874073028,0.4217855930328369,0.6446239352226257,0.3937876522541046
M,False,0.3751155138015747,0.3177911639213562,-0.359434962272644,0.5005139112472534,0.3391388058662414,-0.4396129846572876,0.4055194556713104,0.356643944978714,0.1429785192012787,0.5408611297607422,0.5005006790161133,-0.1677411198616027,0.4602604210376739,0.5006677508354187,0.1674541234970092,0.476138025522232,0.5896902084350586,-0.4341296255588531,0.3781263828277588,0.580542266368866,-0.0847915709018707,0.5683265924453735,0.6641699075698853,-0.0261308029294013,0.4804401695728302,0.641357421875,0.2985562980175018
M,False,0.3912359774112701,0.3284114897251129,-0.3577088415622711,0.5137039422988892,0.3521044552326202,-0.4952611923217773,0.4117871224880218,0.3621052205562591,0.075876384973526,0.5393468737602234,0.5016471147537231,-0.1755272895097732,0.4598486125469208,0.4990604817867279,0.1752807945013046,0.4487012922763824,0.5846487879753113,-0.3089275956153869,0.3518880605697632,0.5718812346458435,0.0343122370541095,0.562463641166687,0.6361086964607239,0.1891922801733017,0.4789402186870575,0.6134312748908997,0.475744217634201
M,False,0.3837518095970154,0.3249813616275787,-0.4018349349498749,0.5036972761154175,0.3518495261669159,-0.5480071902275085,0.4052101075649261,0.361764132976532,0.0213790070265531,0.540781557559967,0.5019235610961914,-0.1765252202749252,0.4589532613754272,0.4991978108882904,0.1763191670179367,0.445313036441803,0.5889829993247986,-0.3665856122970581,0.3563513159751892,0.5725788474082947,0.0783394053578376,0.5571908950805664,0.6440833210945129,0.0683588236570358,0.4765820503234863,0.6201891899108887,0.4854839742183685
M,False,0.298260897397995,0.3764909207820892,-0.500175952911377,0.4052586257457733,0.3964713215827942,-0.6863683462142944,0.3334869146347046,0.3941636383533478,-0.1478516310453415,0.53793865442276,0.5047821998596191,-0.1766936033964157,0.4632151424884796,0.4952230751514435,0.1766037195920944,0.4533036053180694,0.5666670799255371,-0.6743163466453552,0.314720094203949,0.5311532020568848,-0.0173992924392223,0.4948273599147796,0.6338530778884888,-0.2872298657894134,0.3985945284366607,0.6102706789970398,0.2994790375232696
M,False,0.3216280937194824,0.3433956503868103,-0.4701223075389862,0.4443085193634033,0.3588564395904541,-0.6244511604309082,0.3588312864303589,0.3686389923095703,-0.0955807864665985,0.5404334664344788,0.5020191073417664,-0.1618900150060653,0.4604741930961609,0.4991211295127868,0.1616500467061996,0.4843741655349731,0.5927784442901611,-0.1370023787021637,0.3549447059631347,0.5600196719169617,0.1203064769506454,0.504795491695404,0.6731648445129395,0.1822829991579055,0.4010871052742004,0.6452972292900085,0.5115668773651123
M,False,0.3333525955677032,0.343251883983612,-0.4827997386455536,0.4492017924785614,0.3594875931739807,-0.6145378351211548,0.3649012148380279,0.3740774393081665,-0.1094219088554382,0.5426230430603027,0.5001705884933472,-0.1521760672330856,0.4576887786388397,0.499944269657135,0.1521280109882354,0.4883047044277191,0.588691234588623,-0.1684640496969223,0.3558850586414337,0.5542153120040894,0.0054560541175305,0.523348867893219,0.6579697728157043,0.2464962154626846,0.4279427230358124,0.6339576840400696,0.4372871518135071
M,False,0.3028694987297058,0.356468915939331,-0.5051597952842712,0.4118450880050659,0.3774937987327575,-0.7023575901985168,0.3353345096111297,0.3809029757976532,-0.1443000733852386,0.5387222766876221,0.5037984251976013,-0.1666874438524246,0.4600172638893127,0.4968336224555969,0.1666352599859237,0.4762181639671325,0.5852864384651184,-0.4835015535354614,0.3287390470504761,0.5396456718444824,-0.0915812253952026,0.4999814629554748,0.6520801186561584,-0.1260753273963928,0.3885747790336609,0.6288072466850281,0.2224069833755493
M,False,0.3297927677631378,0.3328093588352203,-0.3234100043773651,0.4549028575420379,0.3380911648273468,-0.5030476450920105,0.3650741279125213,0.3590124845504761,0.0438468158245086,0.541638970375061,0.499452143907547,-0.1710633337497711,0.4581104815006256,0.5010714530944824,0.1708149462938308,0.495257705450058,0.6005049347877502,-0.0868390500545501,0.3757989108562469,0.5794274210929871,0.1152769327163696,0.5143144726753235,0.6935551166534424,0.1876334100961685,0.4197159111499786,0.6633919477462769,0.4854370653629303
M,False,0.3518004417419433,0.337360680103302,-0.4331430792808532,0.4742949903011322,0.3561999797821045,-0.5332918167114258,0.3724167346954345,0.3692522048950195,-0.0433749854564666,0.5430181622505188,0.5001183152198792,-0.1497947126626968,0.4568792879581451,0.5008678436279297,0.1495506912469864,0.4801001250743866,0.5819562077522278,-0.2799727320671081,0.3488771319389343,0.5582151412963867,0.0284807309508323,0.5232640504837036,0.661277174949646,0.1057343184947967,0.4265100657939911,0.6303795576095581,0.4578168094158172
M,False,0.3670035898685455,0.3294920325279236,-0.4425484240055084,0.490273505449295,0.3591496348381042,-0.5725983381271362,0.3878114223480224,0.3715583980083465,-0.0333549007773399,0.538313627243042,0.5014463067054749,-0.1679051369428634,0.4610972106456756,0.4994649291038513,0.1677166670560836,0.4626260697841644,0.5931483507156372,-0.2559882998466491,0.3486065864562988,0.566292405128479,0.0873743295669555,0.5497728586196899,0.6588594317436218,0.1891572624444961,0.4603991210460663,0.6298798322677612,0.4653997719287872
M,False,0.3948785364627838,0.3119068443775177,-0.3486250936985016,0.5115715861320496,0.3393601775169372,-0.4133921861648559,0.4099690914154053,0.3515671789646148,0.1595737189054489,0.5411168336868286,0.501274049282074,-0.1665025651454925,0.4576105177402496,0.4988116323947906,0.1662084758281707,0.4904653131961822,0.5968398451805115,-0.1960517466068267,0.3654217720031738,0.5761139988899231,-0.0670497119426727,0.5558874607086182,0.6668483018875122,0.3605725765228271,0.4608920514583587,0.6399662494659424,0.3090760409832001
M,False,0.4047150313854217,0.3062194287776947,-0.295575886964798,0.5252848267555237,0.3348186016082763,-0.4120173156261444,0.4254142045974731,0.3489219546318054,0.1405314058065414,0.5410970449447632,0.5015882849693298,-0.1564105600118637,0.4594883918762207,0.4986584782600403,0.1560298055410385,0.497785747051239,0.6014764308929443,-0.140151098370552,0.3834495544433594,0.5801239609718323,0.0225311871618032,0.5660529732704163,0.6683541536331177,0.3329490423202514,0.4767281413078308,0.6437053084373474,0.4644649624824524
M,False,0.3643643856048584,0.3415670096874237,-0.3583180904388428,0.4770863354206085,0.3590062260627746,-0.4929011166095733,0.3815677165985107,0.3716162741184234,0.0282661970704793,0.5391965508460999,0.5014587640762329,-0.167530283331871,0.4598448574542999,0.4996650516986847,0.16739422082901,0.4633356630802154,0.5849607586860657,-0.2370465248823166,0.3414799571037292,0.5559607744216919,0.1454336047172546,0.5358729958534241,0.6533883213996887,0.1443678885698318,0.4489947259426117,0.6211566925048828,0.4934940934181213
M,False,0.3797440826892853,0.3241870403289795,-0.3857095539569855,0.5014684796333313,0.3511500060558319,-0.4988501965999603,0.3935087919235229,0.3650412857532501,0.0324582792818546,0.5404183864593506,0.500808835029602,-0.158465176820755,0.4588980972766876,0.5000253915786743,0.158163771033287,0.4760290682315826,0.5914626717567444,-0.224253162741661,0.3637383282184601,0.5699689984321594,0.0300588589161634,0.544475257396698,0.6639022827148438,0.2418814599514007,0.458321064710617,0.6366615295410156,0.4429925680160522
M,False,0.3702234923839569,0.3059104979038238,-0.3050695955753326,0.4869013130664825,0.3335188925266266,-0.4875173270702362,0.4020579755306244,0.3443114161491394,0.1099876835942268,0.539646327495575,0.5014872550964355,-0.1708247661590576,0.4610640108585357,0.4992028176784515,0.1705002635717392,0.5175325870513916,0.6099680662155151,-0.0256761200726032,0.3988119661808014,0.5797542333602905,0.2753617465496063,0.5288771986961365,0.7005661725997925,0.308633953332901,0.4252174198627472,0.6739441156387329,0.674469530582428
M,False,0.3220551908016205,0.3690472245216369,-0.4814420044422149,0.442116379737854,0.3854355216026306,-0.6451217532157898,0.3459030091762543,0.386321872472763,-0.1303061544895172,0.5371769070625305,0.503803014755249,-0.1582504957914352,0.4614902138710022,0.4962463080883026,0.1582042425870895,0.4163350462913513,0.5877377986907959,-0.3740162551403045,0.3531755805015564,0.5716200470924377,0.1060716956853866,0.5238891243934631,0.6592710614204407,0.0250291414558887,0.4345948100090027,0.6308860182762146,0.520073413848877
M,False,0.3578730225563049,0.3080534040927887,-0.3930799663066864,0.4752993881702423,0.3367170095443725,-0.4829105138778686,0.4008233249187469,0.3521710336208343,0.1196869611740112,0.5383104085922241,0.5007447004318237,-0.1916150748729705,0.4630212485790252,0.5001493692398071,0.1911047995090484,0.5082409381866455,0.6081429719924927,-0.0304298438131809,0.4055734872817993,0.586116373538971,0.285243958234787,0.5662453770637512,0.694532573223114,0.3816457390785217,0.4778744876384735,0.6654402613639832,0.7449111938476562
M,False,0.308420717716217,0.3520571291446686,-0.4683507084846496,0.4192895889282226,0.3728416860103607,-0.680797278881073,0.3544749021530151,0.3761367499828338,-0.1079301536083221,0.5384884476661682,0.5046349167823792,-0.1688906252384185,0.4605825543403625,0.4966255724430084,0.1688066273927688,0.4798678159713745,0.5872821807861328,-0.2564363181591034,0.3308872580528259,0.5435055494308472,0.0677078068256378,0.491305410861969,0.6646826863288879,0.04617690294981,0.3839274644851684,0.6300002932548523,0.4039066135883331
M,False,0.3441922068595886,0.3235778510570526,-0.379793107509613,0.4728811085224151,0.3403344750404358,-0.5340175628662109,0.3742803037166595,0.3568854033946991,0.0122794145718216,0.5379458069801331,0.4996566772460937,-0.1639949083328247,0.4612016975879669,0.5003528594970703,0.1636341363191604,0.4952671229839325,0.6002872586250305,-0.0380275845527648,0.4147959351539612,0.5859203934669495,0.2899903357028961,0.5509710311889648,0.6910289525985718,0.2602764666080475,0.4630190432071686,0.668437123298645,0.6880110502243042
M,False,0.3386224508285522,0.3471399545669555,-0.3439465165138244,0.4443491697311401,0.3614054918289184,-0.531726598739624,0.3742937445640564,0.3671585619449615,0.0234083756804466,0.5347000360488892,0.5052611231803894,-0.1834776699542999,0.4655020236968994,0.4948262572288513,0.1834165751934051,0.4009862244129181,0.5826152563095093,-0.2542487382888794,0.3354594707489013,0.5523063540458679,0.2557068169116974,0.5305919051170349,0.6151914596557617,0.2620293796062469,0.4557750821113586,0.5924090147018433,0.6390846371650696
M,False,0.3343120217323303,0.3263482749462127,-0.3544028103351593,0.4497475326061249,0.3392212092876434,-0.5592324137687683,0.3670884668827057,0.356696218252182,0.026869935914874,0.5370702743530273,0.5028411149978638,-0.1966880708932876,0.4632088840007782,0.4974327981472015,0.1964584738016128,0.415583074092865,0.5842125415802002,-0.2548445761203766,0.3552509248256683,0.5612586140632629,0.2617094814777374,0.5480860471725464,0.647723913192749,0.2269825339317321,0.4707567989826202,0.6164944171905518,0.7058463096618652
M,False,0.3874035477638244,0.31065434217453,-0.3234018683433532,0.5157648921012878,0.3339176177978515,-0.4314008355140686,0.4138145446777344,0.350656509399414,0.1194784864783287,0.5409255623817444,0.5001048445701599,-0.1596348285675048,0.4581750929355621,0.5009505748748779,0.1593611389398574,0.4986099898815155,0.6017901301383972,-0.1114944890141487,0.4125102460384369,0.5880129337310791,0.1305757313966751,0.5718881487846375,0.6770163774490356,0.3097445666790008,0.4827865064144134,0.6566518545150757,0.5920854806900024
M,False,0.407728374004364,0.3198160529136657,-0.3772874176502228,0.5171907544136047,0.3494446873664856,-0.4496532380580902,0.4259707033634186,0.360885351896286,0.0971868187189102,0.5403121113777161,0.5019353032112122,-0.1682550758123397,0.460610568523407,0.4983284175395965,0.1681958138942718,0.4651303887367248,0.595654308795929,-0.2669355571269989,0.3596961498260498,0.5711981058120728,-0.0680611729621887,0.5595725774765015,0.6554694175720215,0.1896598786115646,0.4700695276260376,0.6282844543457031,0.3174287676811218
M,False,0.4005979001522064,0.3145194053649902,-0.3496266305446625,0.5236470699310303,0.3490702509880066,-0.4945618510246277,0.4143816530704498,0.3531637191772461,0.0485375821590423,0.542567789554596,0.5005202889442444,-0.1586491167545318,0.4581933319568634,0.4995654225349426,0.158305212855339,0.4931797087192535,0.601094663143158,-0.2079412341117859,0.3846995234489441,0.584467887878418,-0.0119296479970216,0.5792861580848694,0.6642466187477112,0.2413685619831085,0.496192067861557,0.6408999562263489,0.3987344801425934
M,False,0.6307852268218994,0.3177842497825622,-0.2660367786884308,0.6005164384841919,0.3550688922405243,0.1130558848381042,0.5031729340553284,0.3423205614089966,-0.4113326966762543,0.5386274456977844,0.5013062357902527,0.1578646153211593,0.4600183069705963,0.4993196725845337,-0.1578050404787063,0.6244768500328064,0.5809694528579712,0.0300426390022039,0.5380706191062927,0.5962960720062256,-0.3086344003677368,0.5169315934181213,0.6330395340919495,0.5126277208328247,0.4302985966205597,0.66573166847229,0.0051023517735302
M,False,0.6121214032173157,0.3243194818496704,-0.2828614711761474,0.598189115524292,0.3558182418346405,0.1118428781628608,0.4916857182979584,0.3465934693813324,-0.3931861817836761,0.5391987562179565,0.5001224279403687,0.1508979201316833,0.4604427218437195,0.5006849765777588,-0.1507436335086822,0.6567924618721008,0.5689980983734131,-0.0072828019037842,0.5627403259277344,0.5833323001861572,-0.3402021527290344,0.5298548340797424,0.6015205383300781,0.4856888055801391,0.4441109001636505,0.6306042671203613,0.121073193848133
M,False,0.6201181411743164,0.3254812657833099,-0.2847059369087219,0.594596266746521,0.3641783893108368,0.1186113357543945,0.4977332353591919,0.3542099893093109,-0.4094271659851074,0.5396889448165894,0.5014739632606506,0.1622305959463119,0.4598135948181152,0.4986337721347809,-0.1622676253318786,0.6440759301185608,0.5742858052253723,0.0428829900920391,0.5559574365615845,0.5860444903373718,-0.395511120557785,0.5212359428405762,0.6168349385261536,0.5418745875358582,0.4376897811889648,0.6465367078781128,-0.0315822474658489
M,False,0.6981826424598694,0.3747486174106598,-0.492441177368164,0.666881263256073,0.3977595567703247,-0.1445171535015106,0.5862684845924377,0.3927483260631561,-0.6334605813026428,0.5396634936332703,0.4984624683856964,0.1423956155776977,0.4594566524028778,0.5020887851715088,-0.1422150433063507,0.6923149228096008,0.5325803160667419,-0.1400977373123169,0.5371322631835938,0.5631615519523621,-0.7091801762580872,0.6081053614616394,0.6147717833518982,0.2170414477586746,0.5013282299041748,0.6309725642204285,-0.2462795972824096
M,False,0.6829635500907898,0.3431101441383362,-0.3760553300380707,0.654328465461731,0.376471608877182,-0.0406649075448513,0.5532196760177612,0.3644783496856689,-0.4870063364505768,0.5432645678520203,0.4997348189353943,0.1332064568996429,0.4574837982654571,0.5002976059913635,-0.1330433785915374,0.6479988694190979,0.5589427351951599,-0.1786232590675354,0.5223983526229858,0.581034779548645,-0.4969660639762878,0.602289617061615,0.6459121108055115,0.1943119466304779,0.4984045624732971,0.6741920113563538,-0.2157514095306396
M,False,0.6755456924438477,0.3458627462387085,-0.4397808015346527,0.6519675254821777,0.3823595643043518,-0.0718729868531227,0.5559596419334412,0.3656057715415954,-0.5426446795463562,0.5430052280426025,0.5015265345573425,0.1424570083618164,0.4579855501651764,0.4992693066596985,-0.1423582136631012,0.6574599146842957,0.5569575428962708,-0.1348863095045089,0.5250613689422607,0.5821057558059692,-0.4951881766319275,0.5774722695350647,0.6389113068580627,0.2460078299045562,0.4841876924037933,0.6600586175918579,-0.1580188870429992
M,False,0.6984891891479492,0.3623906373977661,-0.4139382541179657,0.6656540632247925,0.3846659064292907,-0.0953304022550582,0.5837843418121338,0.3825317025184631,-0.5620843768119812,0.5382365584373474,0.4978503584861755,0.140569806098938,0.4618385434150696,0.5034089684486389,-0.140377789735794,0.6781376600265503,0.5478644967079163,-0.0772623717784881,0.5375754833221436,0.5801231861114502,-0.4866494834423065,0.6194627285003662,0.6294892430305481,0.2714335024356842,0.5063248872756958,0.6587848663330078,-0.1730119287967682
M,False,0.666766881942749,0.3329412639141083,-0.391841173171997,0.6414116621017456,0.3660705983638763,-0.0267323609441518,0.5382724404335022,0.3467970192432403,-0.5204136371612549,0.5447487235069275,0.5014426708221436,0.1482598483562469,0.4557102024555206,0.4997504651546478,-0.1480681747198104,0.6288420557975769,0.5842458009719849,0.028221271932125,0.4996922612190246,0.60013347864151,-0.1597961783409118,0.5851998925209045,0.67218416929245,0.3587048947811126,0.4795830249786377,0.6979416012763977,0.0966950803995132
M,False,0.6507540941238403,0.3415548205375671,-0.3993483781814575,0.6374735236167908,0.3755550384521484,-0.0272464789450168,0.5242922902107239,0.360312283039093,-0.4809943437576294,0.5437029600143433,0.5011175274848938,0.1386531740427017,0.4554983377456665,0.4991774559020996,-0.138492077589035,0.6534140110015869,0.5626164674758911,-0.2028489112854004,0.5241546034812927,0.5818468332290649,-0.583979070186615,0.5748136043548584,0.635063648223877,0.2393870055675506,0.4764780402183532,0.6606818437576294,-0.1717853397130966
M,False,0.638434648513794,0.3272141516208648,-0.3734966516494751,0.6085150241851807,0.3671441376209259,0.0458716787397861,0.5119279026985168,0.3588154017925262,-0.5274947881698608,0.5382487773895264,0.499822050333023,0.1769889742136001,0.4624249041080475,0.5003805160522461,-0.1771220266819,0.6515353322029114,0.5645499229431152,0.1097377613186836,0.5371533632278442,0.5929182171821594,-0.1988730579614639,0.5483455657958984,0.6254867911338806,0.6061030626296997,0.4430235922336578,0.6597961187362671,0.2269944250583648
M,False,0.6104955673217773,0.3144010603427887,-0.3703972101211548,0.588494598865509,0.3522810041904449,0.0503799505531787,0.4824334383010864,0.3409066498279571,-0.4633016288280487,0.5426754951477051,0.5009686946868896,0.1456546783447265,0.4583771824836731,0.499724417924881,-0.1454734057188034,0.632072925567627,0.577697217464447,-0.0618909262120723,0.5087710022926331,0.5976496934890747,-0.1082024052739143,0.5429078340530396,0.6354417204856873,0.4251250028610229,0.4454127252101898,0.6673129200935364,0.342253565788269
M,False,0.5973840951919556,0.3110617399215698,-0.3441084921360016,0.5802596211433411,0.3485828936100006,0.0761767402291297,0.4718780517578125,0.3409604728221893,-0.4500818252563476,0.5430215001106262,0.4992369413375854,0.1435925364494323,0.4583849906921386,0.5017976760864258,-0.1436846107244491,0.6131139397621155,0.5836408138275146,0.0498437993228435,0.4969285726547241,0.6029062271118164,-0.0223935805261135,0.5251359343528748,0.6440111994743347,0.5850449204444885,0.4282995164394378,0.6737820506095886,0.4112318158149719
M,False,0.6421740651130676,0.3401370346546173,-0.3211081326007843,0.6113772392272949,0.3695897161960602,0.0579123869538307,0.5207574963569641,0.3581882417201996,-0.4619267582893371,0.5393301844596863,0.5003740787506104,0.1523462235927581,0.4614010155200958,0.5005487203598022,-0.152294710278511,0.6632943153381348,0.5557927489280701,-0.0364051796495914,0.5477946996688843,0.5884191989898682,-0.4473631381988525,0.5596560835838318,0.618854820728302,0.3837819695472717,0.4635838568210602,0.6501911282539368,-0.0505095683038234
M,False,0.6218191385269165,0.3253646790981293,-0.3745140433311462,0.596702516078949,0.3652302324771881,0.0543913282454013,0.4969464838504791,0.3546876609325409,-0.4954258799552917,0.5395427346229553,0.5015254020690918,0.1618214845657348,0.4599963426589966,0.4999420940876007,-0.1618373245000839,0.6367142200469971,0.5735515356063843,0.0504026301205158,0.5187002420425415,0.5923497676849365,-0.0138686262071132,0.5443933010101318,0.6326802968978882,0.5390178561210632,0.4439949989318847,0.6629959344863892,0.4558692872524261
M,False,0.6234809160232544,0.3078441619873047,-0.3828229010105133,0.5994600653648376,0.3519845604896545,0.0515649877488613,0.5038782954216003,0.3355451822280884,-0.4753821194171905,0.5415229797363281,0.5002405047416687,0.1532795876264572,0.4582140445709228,0.5011847615242004,-0.1533107459545135,0.5985231399536133,0.5873443484306335,0.3022445142269134,0.4848995804786682,0.6046846508979797,0.0438605472445488,0.5716517567634583,0.6706445813179016,0.6418118476867676,0.4642531275749206,0.7048969864845276,0.3370222747325897
M,False,0.6831603646278381,0.3702338933944702,-0.2881728410720825,0.6462302207946777,0.3912719786167145,0.002683414844796,0.5606397986412048,0.3859637677669525,-0.4721418023109436,0.5342448949813843,0.4989354908466339,0.1546795666217804,0.4668903648853302,0.5019274353981018,-0.1546738892793655,0.6572300791740417,0.5703333616256714,0.0799837335944175,0.5810386538505554,0.5853915214538574,-0.3331634402275085,0.5705686211585999,0.6339453458786011,0.3727348148822784,0.4795126616954803,0.6600267291069031,-0.1132871806621551
M,False,0.6412969827651978,0.3068568110466003,-0.3909730911254883,0.6049195528030396,0.3517054319381714,0.0671291500329971,0.5150567293167114,0.3392154574394226,-0.4919194281101227,0.5389814376831055,0.5009241700172424,0.1588743925094604,0.4604052603244781,0.4994857311248779,-0.158964455127716,0.5902409553527832,0.589959442615509,0.3723104298114776,0.4898461401462555,0.6042841076850891,-0.0341070108115673,0.5203936696052551,0.6625562906265259,0.7990217208862305,0.4262213706970215,0.6956691741943359,0.2455494701862335
M,False,0.6886976361274719,0.352204293012619,-0.382948100566864,0.6527392268180847,0.3893462121486664,-0.0316386893391609,0.5707973837852478,0.3719299137592315,-0.5098378658294678,0.540241003036499,0.4994202554225921,0.1369471698999405,0.4609887599945068,0.5011667013168335,-0.1367711424827575,0.6711658835411072,0.5474935173988342,-0.1467187255620956,0.5293960571289062,0.5803766250610352,-0.4544292390346527,0.6135287880897522,0.6349225640296936,0.217691496014595,0.5045978426933289,0.6624156832695007,-0.1099032461643219
M,False,0.65652996301651,0.3225533962249756,-0.4913983941078186,0.6289824843406677,0.3615143299102783,-0.0585831440985202,0.5324199199676514,0.3372001647949219,-0.5848553776741028,0.5401937961578369,0.5023791193962097,0.1579297631978988,0.4584380686283111,0.4977321326732635,-0.1579134911298751,0.5845605134963989,0.5885834097862244,0.2505075633525848,0.5032229423522949,0.6002146005630493,-0.0347455143928527,0.533840000629425,0.6635720133781433,0.6542268991470337,0.4479353427886963,0.6875039935112,0.2864540815353393
M,False,0.6665882468223572,0.3455309867858886,-0.3427141010761261,0.6328811645507812,0.3731663823127746,0.0649371147155761,0.5464184880256653,0.3585103750228882,-0.4532241523265838,0.5393009781837463,0.4973555207252502,0.1566560268402099,0.4609329104423523,0.5033730268478394,-0.1566702276468277,0.6690174341201782,0.5511797666549683,-0.0082694366574287,0.5927953124046326,0.5680544376373291,-0.2952837347984314,0.5509228706359863,0.5926805138587952,0.328750878572464,0.4692871868610382,0.6160839200019836,0.2289044260978698
M,False,0.661551833152771,0.3288700878620147,-0.4021577835083008,0.6308170557022095,0.3655059039592743,0.0661349296569824,0.5480585098266602,0.340246170759201,-0.529495894908905,0.5396215319633484,0.4995502531528473,0.1763430833816528,0.460841566324234,0.5016096234321594,-0.1762737035751342,0.6461784839630127,0.5636886954307556,-0.0036442414857447,0.5709437131881714,0.5855173468589783,-0.3564105033874511,0.5349791646003723,0.6138738393783569,0.4190938174724579,0.454171359539032,0.6430240273475647,0.1339473128318786
M,False,0.6126011610031128,0.3109352588653564,-0.3364175260066986,0.5911131501197815,0.3485369682312011,0.0571326576173305,0.4872119724750519,0.3366436064243316,-0.4082774519920349,0.540917694568634,0.5010411739349365,0.1380448192358017,0.4590446054935455,0.5001447796821594,-0.1380634903907776,0.5907147526741028,0.5918071866035461,0.1755755245685577,0.5018747448921204,0.6036033034324646,-0.0985540747642517,0.5173182487487793,0.6511814594268799,0.700863778591156,0.4201497137546539,0.6846306324005127,0.2146381586790084
M,False,0.5980746746063232,0.3138981759548187,-0.2870165705680847,0.5739037394523621,0.3575431406497955,0.1131264343857765,0.4814922511577606,0.3475308418273926,-0.4279111623764038,0.5392746329307556,0.4991613328456878,0.1625670939683914,0.4598648250102997,0.5012513995170593,-0.1625231504440307,0.6415610909461975,0.5684574246406555,0.0632255300879478,0.5453559756278992,0.5932908654212952,-0.3006761074066162,0.5346742868423462,0.6156489253044128,0.6055242419242859,0.4394373595714569,0.6542855501174927,0.1163186952471733
M,False,0.6034576892852783,0.3159610033035278,-0.3098724484443664,0.5866173505783081,0.3573589920997619,0.0943896099925041,0.4816864430904388,0.3516294658184051,-0.4117100834846496,0.5402581095695496,0.5007793307304382,0.1454152315855026,0.4596688449382782,0.5000430345535278,-0.1454537659883499,0.6138923764228821,0.585807204246521,0.0190142225474119,0.5091858506202698,0.6005417108535767,-0.25055992603302,0.5079061985015869,0.6370889544487,0.5652830004692078,0.4147955477237701,0.6698617935180664,0.0019208278972655
M,False,0.3530279099941253,0.3284029960632324,-0.3500012755393982,0.4703391492366791,0.3468879759311676,-0.4594477117061615,0.3938322365283966,0.3615128099918365,0.1198792606592178,0.5389382839202881,0.5008533000946045,-0.1714755892753601,0.4608323872089386,0.4994701147079468,0.1713431924581527,0.5156482458114624,0.6058834195137024,-0.1227995678782463,0.4000990092754364,0.5809900760650635,0.0679803863167762,0.5294585227966309,0.7008078098297119,0.1806965768337249,0.4225440919399261,0.6722831130027771,0.3978812098503113
M,False,0.3122049868106842,0.3602722585201263,-0.555696427822113,0.4295383095741272,0.3801210224628448,-0.7246655225753784,0.345892459154129,0.384020060300827,-0.1856921315193176,0.5385960936546326,0.5047799348831177,-0.1614993661642074,0.4602923393249511,0.4962500035762787,0.1613927334547042,0.4839211702346802,0.5845643877983093,-0.4301301538944244,0.338377833366394,0.5490957498550415,-0.0051573198288679,0.5061641931533813,0.6576519012451172,-0.1301775425672531,0.3960980772972107,0.6331031918525696,0.3594687283039093
M,False,0.3109354972839355,0.3687479197978973,-0.438597559928894,0.4099104404449463,0.3876395225524902,-0.6444454193115234,0.3542230129241943,0.3880114257335663,-0.1089816093444824,0.5352188944816589,0.5055355429649353,-0.1694487631320953,0.4633347988128662,0.4949332773685455,0.1694300323724746,0.4588518738746643,0.5706174969673157,-0.4418509006500244,0.3216552734375,0.5353575944900513,0.0471107065677642,0.4976111650466919,0.6443958282470703,-0.1222094148397445,0.3965440988540649,0.6179062128067017,0.35788294672966
M,False,0.3393804430961609,0.3165381252765655,-0.2881761193275451,0.46147620677948,0.3384111523628235,-0.4693525731563568,0.3796981573104858,0.3539210557937622,0.1026236787438392,0.5395690202713013,0.4999626874923706,-0.1701102703809738,0.4614325761795044,0.5003688335418701,0.1698417663574218,0.5144442319869995,0.6092466115951538,-0.0593096688389778,0.4089211225509643,0.5855044722557068,0.3947855234146118,0.5284016132354736,0.7052928805351257,0.2219104468822479,0.4280937910079956,0.6754059791564941,0.7851184606552124
M,False,0.3585426807403564,0.3231295943260193,-0.3681189715862274,0.4785220623016357,0.3462938964366913,-0.468006819486618,0.3929811716079712,0.361998051404953,0.0967384725809097,0.5394712090492249,0.5010995268821716,-0.16623555123806,0.4593843221664428,0.4997605383396148,0.1661050468683242,0.5111631751060486,0.6056082844734192,-0.1467357873916626,0.3889028429985046,0.579322338104248,0.1402884423732757,0.523500919342041,0.7046472430229187,0.0999356508255004,0.4156654477119446,0.6710518002510071,0.509219765663147
M,False,0.3262049257755279,0.365889310836792,-0.3787808716297149,0.4203397929668426,0.3803533613681793,-0.5647159814834595,0.3604554235935211,0.3885133862495422,-0.0398599058389663,0.5374853610992432,0.5037201046943665,-0.1626010090112686,0.4638107717037201,0.4974916875362396,0.1625613123178482,0.4652771055698395,0.5710422992706299,-0.4396057724952698,0.3254599869251251,0.5383982062339783,0.035950519144535,0.4946707785129547,0.6491603851318359,-0.1402244716882705,0.3916924893856048,0.6237631440162659,0.357669472694397
M,False,0.3319207429885864,0.353316992521286,-0.4116982817649841,0.4335099458694458,0.3739614486694336,-0.5938787460327148,0.366485059261322,0.3785548508167267,-0.0487751364707946,0.5401480197906494,0.503497838973999,-0.1701630651950836,0.4589869379997253,0.497017353773117,0.1702055782079696,0.4716909527778625,0.578393280506134,-0.2840300798416137,0.3369065523147583,0.5398520231246948,0.0465500690042972,0.510998010635376,0.6511628031730652,0.0841979011893272,0.4049896001815796,0.6172575950622559,0.4222254753112793
M,False,0.3684792816638946,0.3343645334243774,-0.325730413198471,0.4907322824001312,0.3532716333866119,-0.4622055888175964,0.3917155563831329,0.369009792804718,0.0380081869661808,0.54178386926651,0.50102698802948,-0.1411320120096206,0.4591681063175201,0.4998960494995117,0.1409738212823867,0.4986465871334076,0.5949960947036743,-0.2042293697595596,0.3647675812244415,0.5702847242355347,-0.0365392118692398,0.5223735570907593,0.6847180128097534,0.0260244831442832,0.4191361367702484,0.6546838283538818,0.2620200514793396
M,False,0.3252053558826446,0.3557058572769165,-0.3132786750793457,0.4356127679347992,0.3507397174835205,-0.5232719779014587,0.3687141239643097,0.3709087371826172,0.0098377773538231,0.5398985147476196,0.5005240440368652,-0.1690607666969299,0.4606641829013824,0.50104820728302,0.1689801514148712,0.4906288087368011,0.5854648947715759,-0.1674417406320572,0.3531676828861236,0.5577393770217896,0.0831506177783012,0.5050646066665649,0.6715445518493652,0.0871061906218528,0.4021736681461334,0.6464034914970398,0.4053652286529541
M,False,0.2890006005764007,0.3517464995384216,-0.3741058111190796,0.3952451646327972,0.3663069307804107,-0.563745379447937,0.3432782590389251,0.3753453493118286,-0.031033881008625,0.5371508002281189,0.5003072023391724,-0.1584633439779281,0.4624223411083221,0.4997777342796325,0.1584203988313675,0.4884073436260223,0.5893359780311584,-0.1486098021268844,0.3634354174137115,0.5652347207069397,0.1894908249378204,0.4858984053134918,0.6834999322891235,0.0036048835609108,0.3777856528759002,0.655739426612854,0.4337108135223388
M,False,0.2914824187755584,0.3491216003894806,-0.3283818662166595,0.4041706621646881,0.3546304702758789,-0.5191815495491028,0.3501474559307098,0.3689917027950287,0.0148624237626791,0.5369296669960022,0.4995925724506378,-0.1637310683727264,0.4637728035449981,0.5016318559646606,0.1636409610509872,0.489131897687912,0.5927945971488953,-0.1558415740728378,0.3595373928546905,0.5639663934707642,0.1791522055864334,0.4965622127056122,0.681557834148407,0.0322944596409797,0.3993646800518036,0.6591293811798096,0.4558174610137939
M,False,0.3166052997112274,0.3354251384735107,-0.4393553435802459,0.4379653930664062,0.3510262668132782,-0.6034320592880249,0.3636837601661682,0.3642272353172302,-0.0541899278759956,0.5383732914924622,0.4993610084056854,-0.1589138954877853,0.4610465168952942,0.5021909475326538,0.1586582362651825,0.5121683478355408,0.6036384701728821,-0.0956798940896987,0.3961280584335327,0.5798025727272034,0.1915346086025238,0.5141475796699524,0.6996344327926636,0.1489376872777938,0.4095958471298218,0.6722828149795532,0.523298978805542
M,False,0.2682614028453827,0.42328742146492,-0.5391828417778015,0.3644174337387085,0.4283503592014313,-0.7356938719749451,0.3060214519500732,0.4181895554065704,-0.204752430319786,0.5361762642860413,0.5043622255325317,-0.1729677021503448,0.4640356302261352,0.4968214929103851,0.172913908958435,0.4515440464019775,0.5823279619216919,-0.3415971100330353,0.3176954388618469,0.5487247705459595,0.0283691808581352,0.4701430201530456,0.6651602983474731,-0.0617960393428802,0.3609705567359924,0.6396670937538147,0.2786411345005035
M,False,0.3008383512496948,0.3623806834220886,-0.5247665047645569,0.4143151044845581,0.367423266172409,-0.6400107741355896,0.3439473807811737,0.3773134052753448,-0.1344710290431976,0.5389128923416138,0.5006545186042786,-0.166979044675827,0.4606707096099853,0.4999707341194153,0.1666793078184127,0.4851287603378296,0.58812016248703,-0.364402025938034,0.3459811210632324,0.5591850876808167,0.0772948935627937,0.5012894868850708,0.6784937977790833,-0.172538623213768,0.3908345103263855,0.645950973033905,0.4063464701175689
M,False,0.3339448869228363,0.3578089773654938,-0.5111523270606995,0.4320529401302337,0.3797204792499542,-0.7027091383934021,0.365226000547409,0.3843069076538086,-0.1563225537538528,0.5374513268470764,0.5044618844985962,-0.1659663319587707,0.4626969993114471,0.4958858788013458,0.165796011686325,0.4835961163043976,0.5809492468833923,-0.4259157180786133,0.3413964807987213,0.5455305576324463,-0.0580050088465213,0.5053113102912903,0.6552909016609192,-0.1076011061668396,0.3991041481494903,0.6310964822769165,0.284449428319931
M,False,0.2844813466072082,0.3774593770503998,-0.4615435600280761,0.3899452984333038,0.3933558464050293,-0.6709662675857544,0.3306065499782562,0.3953734338283539,-0.0960064232349395,0.5371381640434265,0.5043244957923889,-0.1792184859514236,0.4630893766880035,0.497164785861969,0.1791517734527588,0.4691894352436065,0.5757789611816406,-0.6135812997817993,0.3180548250675201,0.538366973400116,-0.0230975747108459,0.4968196451663971,0.6500461101531982,-0.2990732789039612,0.3782031834125519,0.625046968460083,0.2766523361206054
M,False,0.3541617095470428,0.3289728760719299,-0.428068608045578,0.4675824046134949,0.3483042120933532,-0.5426216125488281,0.3741078376770019,0.3606231212615967,-0.0169800091534852,0.5395923256874084,0.5009702444076538,-0.1544226258993148,0.4607581496238708,0.4999127984046936,0.1540480703115463,0.5030221939086914,0.5941038131713867,-0.075027123093605,0.3738181293010711,0.5729663968086243,0.1958721876144409,0.5271716117858887,0.6818925142288208,0.2475918680429458,0.4205629229545593,0.654803991317749,0.6023373007774353
M,False,0.3095890879631042,0.3699206411838531,-0.4920563101768493,0.4140608608722687,0.3906905353069305,-0.7011620402336121,0.340887039899826,0.3932887315750122,-0.1188018321990966,0.5384158492088318,0.5030751824378967,-0.1790737360715866,0.4601300060749054,0.4972088038921356,0.1790713220834732,0.4732820093631744,0.5695462822914124,-0.6492133140563965,0.3185377418994903,0.531176745891571,-0.0085560260340571,0.4978502690792084,0.6474575996398926,-0.3777531385421753,0.3862438499927521,0.6173050403594971,0.3081828355789184
M,False,0.309285432100296,0.3689603507518768,-0.4816591143608093,0.4179629385471344,0.3840735554695129,-0.6800296902656555,0.3454396724700928,0.3881282806396484,-0.1183502078056335,0.5387704372406006,0.5034109950065613,-0.1686389148235321,0.4612079560756683,0.4976980984210968,0.1685982495546341,0.4746517837047577,0.5701879858970642,-0.6203193068504333,0.3275299370288849,0.5354158878326416,-0.0425762571394443,0.4976595938205719,0.6524335741996765,-0.3441938161849975,0.3885503113269806,0.6220744848251343,0.2776609361171722
M,False,0.3428270816802978,0.325164794921875,-0.3845421969890594,0.4630420506000519,0.3455720543861389,-0.5209739804267883,0.3778783082962036,0.3598407804965973,0.0052167531102895,0.5425596833229065,0.4994663000106811,-0.1596834510564804,0.4583345949649811,0.5007740259170532,0.1594422310590744,0.5009751915931702,0.5939845442771912,-0.0142211867496371,0.3709010481834411,0.56668621301651,0.1948893517255783,0.5191594958305359,0.6817951798439026,0.290026307106018,0.4133935868740082,0.6511794924736023,0.5878446102142334
M,False,0.3347991704940796,0.3527700006961822,-0.4125688970088959,0.4269583225250244,0.3769857287406921,-0.5952588319778442,0.3650753200054168,0.3798511326313019,-0.0648153126239776,0.5374037027359009,0.5040899515151978,-0.1739305257797241,0.463815689086914,0.4960684478282928,0.1737622916698455,0.4689725041389465,0.575445830821991,-0.3102965056896209,0.3293207883834839,0.5465589165687561,0.1343248188495636,0.5067725777626038,0.6493827700614929,-0.0199416019022464,0.4019640684127807,0.6284077763557434,0.49430713057518
M,False,0.3882233798503876,0.3020551204681396,-0.3139373362064361,0.5044640898704529,0.3293823599815368,-0.4596134126186371,0.4107598066329956,0.3434090614318847,0.0989681407809257,0.5401377081871033,0.5011677145957947,-0.155670166015625,0.4603322148323059,0.4998913407325744,0.1552788019180297,0.5175139307975769,0.6048758029937744,0.0129057681187987,0.3957812190055847,0.5789809823036194,0.1398050487041473,0.5369165539741516,0.6930741667747498,0.4101991653442383,0.4326820969581604,0.6607423424720764,0.559257447719574
M,False,0.32024946808815,0.3568744957447052,-0.5288055539131165,0.4278868436813354,0.3826673030853271,-0.7079485058784485,0.3415631949901581,0.3868498504161834,-0.1404188722372055,0.5387664437294006,0.50361567735672,-0.1749904304742813,0.4604517221450805,0.4969825446605682,0.174869105219841,0.4675154089927673,0.572258710861206,-0.577899158000946,0.3324324488639831,0.5389488935470581,-0.0017745754448696,0.4964092969894409,0.6496504545211792,-0.2855742275714874,0.3908318281173706,0.6215928792953491,0.3477491438388824
M,False,0.3492680788040161,0.3079634010791778,-0.4640351831912994,0.4638795554637909,0.3338773548603058,-0.6076990962028503,0.3712023496627807,0.3515121042728424,-0.0621032379567623,0.5405960083007812,0.5001842975616455,-0.1628026813268661,0.4593173563480377,0.5009368658065796,0.1623083800077438,0.5091147422790527,0.6036695241928101,0.0198727995157241,0.4032519161701202,0.5797465443611145,0.4845185875892639,0.5194161534309387,0.6973870396614075,0.3066392242908478,0.4176376760005951,0.6672901511192322,0.9195600748062134
M,False,0.6502317786216736,0.3292309939861297,-0.4141803979873657,0.6153128147125244,0.3663706183433532,-0.0411827862262725,0.5241290926933289,0.3487051129341125,-0.5033732056617737,0.5425634384155273,0.5009117126464844,0.1313502937555313,0.4578284323215484,0.5001218914985657,-0.1312694400548935,0.6037060618400574,0.5802700519561768,0.2126107513904571,0.4832084476947784,0.599544882774353,-0.0699996799230575,0.5728781819343567,0.669922411441803,0.5094970464706421,0.4656311869621277,0.6989413499832153,0.1624990999698639
M,False,0.69301438331604,0.3659582436084747,-0.3943407833576202,0.6586557030677795,0.3898659646511078,-0.05503785982728,0.5853540897369385,0.3828672468662262,-0.5452879071235657,0.5378906726837158,0.4972061812877655,0.1500051617622375,0.4621647298336029,0.5037198662757874,-0.1498408615589141,0.6758633852005005,0.5518109202384949,-0.0574932396411895,0.5345149636268616,0.5813405513763428,-0.4053816795349121,0.6137480139732361,0.6327407956123352,0.2635733485221863,0.4950214326381683,0.661680281162262,-0.1427544206380844
M,False,0.6917207837104797,0.3705473840236664,-0.3900474607944488,0.6589383482933044,0.3937999010086059,-0.0592067465186119,0.5960438847541809,0.3839957416057586,-0.5471644401550293,0.5390220284461975,0.496787816286087,0.1445006430149078,0.4608900249004364,0.5035610795021057,-0.1443851441144943,0.6842404007911682,0.5365613698959351,-0.0938046053051948,0.5502419471740723,0.569342851638794,-0.5076845288276672,0.614887535572052,0.6173112392425537,0.1970067024230957,0.5043675303459167,0.6412485837936401,-0.1306122690439224
M,False,0.6547564268112183,0.3145423531532287,-0.4235982596874237,0.6210006475448608,0.3612268567085266,-0.0121486512944102,0.527696967124939,0.3395106792449951,-0.5244751572608948,0.541508138179779,0.5012437701225281,0.1484515964984893,0.457791656255722,0.4990028142929077,-0.1483831703662872,0.5918871760368347,0.5857446193695068,0.3562167584896087,0.4841733872890472,0.6018186807632446,0.058455042541027,0.568662703037262,0.6726031303405762,0.7237585783004761,0.4614713191986084,0.7042075991630554,0.3659014701843261
M,False,0.641071081161499,0.3239783048629761,-0.3993678689002991,0.6074597239494324,0.3623096346855163,0.0077331555075943,0.5173656940460205,0.3426042795181274,-0.4924971461296081,0.5435971021652222,0.5007334351539612,0.1367935538291931,0.4578373730182647,0.5001344084739685,-0.1366811245679855,0.6082066297531128,0.5761719942092896,0.1788414120674133,0.4856156408786773,0.5987775921821594,-0.0291589610278606,0.5798282623291016,0.6677897572517395,0.4822531938552856,0.4699465036392212,0.6992435455322266,0.2378244400024414
M,False,0.6843897700309753,0.3660419881343841,-0.3210917115211487,0.6461694240570068,0.3942536115646362,-0.0209345687180757,0.5820626616477966,0.3822159767150879,-0.4963462054729461,0.5393598079681396,0.4975527226924896,0.1352666765451431,0.4619884192943573,0.5026792883872986,-0.1350631713867187,0.6790580749511719,0.5351729393005371,-0.1132154315710067,0.5465701818466187,0.5633407831192017,-0.5039035081863403,0.6124524474143982,0.6211128830909729,0.1435448378324508,0.5121104717254639,0.6466217637062073,-0.2216648608446121
M,False,0.6737496852874756,0.3561457693576813,-0.3144564032554626,0.6399729251861572,0.3873579204082489,0.0213507320731878,0.5767820477485657,0.3734348118305206,-0.4837556183338165,0.5372709035873413,0.4974593818187713,0.1492570340633392,0.4634981453418731,0.5029974579811096,-0.1490325927734375,0.6816020607948303,0.5423593521118164,-0.0225752741098403,0.5458916425704956,0.5771381855010986,-0.270137220621109,0.6057614088058472,0.6187394857406616,0.3089303076267242,0.4948833584785461,0.6491453051567078,0.0810006633400917
M,False,0.6361798048019409,0.3324579000473022,-0.3181441128253937,0.6053759455680847,0.3680914044380188,0.0092377616092562,0.510502278804779,0.3530819416046142,-0.453360915184021,0.5428504943847656,0.5009504556655884,0.1345254778861999,0.4577105343341827,0.5003558993339539,-0.1344244629144668,0.6353136897087097,0.5720717310905457,0.0404694825410842,0.5041713118553162,0.5918081998825073,-0.1397913247346878,0.5820594429969788,0.6519105434417725,0.3651080727577209,0.4752584397792816,0.6830003261566162,0.1073635444045066
M,False,0.6732473373413086,0.3565478324890136,-0.3569480180740356,0.6377978920936584,0.3815822303295135,-0.0112569648772478,0.5643749237060547,0.3586097955703735,-0.4872234463691711,0.5401158332824707,0.5009869933128357,0.1385520845651626,0.459112673997879,0.5000771880149841,-0.138393372297287,0.653606653213501,0.5586442947387695,-0.1344488710165023,0.5181117057800293,0.5876709818840027,-0.428782045841217,0.6056417226791382,0.6524839997291565,0.1919362843036651,0.4988347589969635,0.6759552955627441,-0.1551699340343475
M,False,0.7036742568016052,0.3526144325733185,-0.3932112157344818,0.6685125231742859,0.3860605657100677,-0.0377664007246494,0.5993432402610779,0.3679483532905578,-0.5232331156730652,0.5387799739837646,0.5006150603294373,0.1562721133232116,0.4626301825046539,0.499630331993103,-0.1560733169317245,0.6369204521179199,0.5666104555130005,0.1151672676205635,0.5222447514533997,0.5859986543655396,-0.348008245229721,0.6263523101806641,0.6561101675033569,0.4739974737167358,0.5139750838279724,0.688859760761261,-0.1583357006311416
M,False,0.7060821056365967,0.3506465554237366,-0.3977938592433929,0.6679073572158813,0.3801868557929992,-0.0068719321861863,0.5883805155754089,0.3586373329162597,-0.549166738986969,0.5403770804405212,0.5020833015441895,0.167563334107399,0.4608169496059418,0.4984543621540069,-0.1672681272029876,0.64666348695755,0.5646333694458008,0.0164038781076669,0.5217346549034119,0.5844417810440063,-0.441802978515625,0.6116957664489746,0.6567456722259521,0.3808953166007995,0.5012227892875671,0.6817082762718201,-0.1993865966796875
M,False,0.6745734214782715,0.3329695165157318,-0.4784562289714813,0.646461546421051,0.3717638254165649,-0.0754192620515823,0.5603867769241333,0.3500722050666809,-0.5764346718788147,0.5434820055961609,0.5026525855064392,0.1501851975917816,0.457626074552536,0.4989926218986511,-0.1501973420381546,0.6061277985572815,0.5781590938568115,0.2340610474348068,0.4904805719852447,0.598243772983551,-0.0077387783676385,0.5931780338287354,0.6699784994125366,0.6345228552818298,0.4798091053962707,0.6975953578948975,0.3250968158245086
M,False,0.734082043170929,0.4151767492294311,-0.4653636217117309,0.6944767832756042,0.41120645403862,-0.1727731376886367,0.6258681416511536,0.4239694774150848,-0.6236413717269897,0.538837194442749,0.4960500001907348,0.1428255587816238,0.4611296057701111,0.5039812922477722,-0.1424836665391922,0.6795312166213989,0.5464058518409729,0.0632910057902336,0.5439522862434387,0.5717154145240784,-0.5194340348243713,0.6355196237564087,0.6351785063743591,0.329261302947998,0.5291836857795715,0.6596402525901794,-0.3531661331653595
M,False,0.6933286190032959,0.3638701140880584,-0.5059464573860168,0.668249249458313,0.3914358615875244,-0.1313244104385376,0.5790117383003235,0.3712441921234131,-0.5893111824989319,0.540655791759491,0.5010795593261719,0.1474691480398178,0.4589990079402923,0.4990454912185669,-0.1473206728696823,0.6509660482406616,0.5648932456970215,-0.0652925297617912,0.5193037390708923,0.584530234336853,-0.506829559803009,0.604934811592102,0.6530934572219849,0.3290530741214752,0.5011335611343384,0.6757561564445496,-0.2390660643577575
M,False,0.678458034992218,0.3620162904262543,-0.3906064629554748,0.6491844058036804,0.3870732188224792,-0.0499588251113891,0.5719553828239441,0.3801381886005401,-0.5140514969825745,0.537992537021637,0.4969798624515533,0.1346595138311386,0.4618226289749145,0.5036826729774475,-0.1345846056938171,0.6767553091049194,0.5446035861968994,-0.0829867124557495,0.5393860936164856,0.5754318833351135,-0.3851911425590515,0.6176130771636963,0.630845844745636,0.2329821288585662,0.5039606094360352,0.6513863205909729,-0.0587588883936405
M,False,0.7079166173934937,0.3781192004680633,-0.4009444713592529,0.6718918085098267,0.4030629992485046,-0.088981494307518,0.5962910056114197,0.3896346688270569,-0.5427523851394653,0.5398762822151184,0.4983874559402466,0.1362152695655822,0.4615549147129059,0.502193808555603,-0.1360481083393097,0.6769987940788269,0.5410951375961304,-0.1161190196871757,0.5338461995124817,0.5675512552261353,-0.5086318254470825,0.6145649552345276,0.6261751055717468,0.2135711461305618,0.5080050826072693,0.6494121551513672,-0.1816926449537277
M,False,0.6497477889060974,0.3315906226634979,-0.4335319995880127,0.630194365978241,0.3656416535377502,-0.038053959608078,0.5300654768943787,0.3496676981449127,-0.512039840221405,0.5418648719787598,0.501970648765564,0.1390082389116287,0.4567459225654602,0.4993903934955597,-0.1389266699552536,0.629895031452179,0.5762229561805725,-0.0530726835131645,0.4990057647228241,0.5932657122612,-0.133039116859436,0.5707874894142151,0.6558716893196106,0.3174717724323272,0.4670590758323669,0.6825722455978394,0.1769936680793762
M,False,0.6939445734024048,0.3726091086864471,-0.3928436934947967,0.6576404571533203,0.3913845419883728,-0.0828648582100868,0.590232253074646,0.3944962918758392,-0.5756199359893799,0.5389605164527893,0.4968536794185638,0.1469527333974838,0.4624370038509369,0.5042182803153992,-0.146767720580101,0.6814305186271667,0.5359548330307007,-0.0325401425361633,0.5281396508216858,0.5709927082061768,-0.4674360752105713,0.6147273182868958,0.6181938052177429,0.3124100863933563,0.4997397363185882,0.6458401083946228,-0.1827915608882904
M,False,0.6929070353507996,0.3705433309078216,-0.3690303564071655,0.658770740032196,0.3960508406162262,-0.0588680058717727,0.583134114742279,0.3852273523807525,-0.5311905145645142,0.5388785004615784,0.499675840139389,0.142560139298439,0.4619578421115875,0.5019616484642029,-0.1423576474189758,0.6766650080680847,0.5379577875137329,-0.0937001779675483,0.5391682982444763,0.5661270618438721,-0.5666215419769287,0.61659836769104,0.6242777705192566,0.2242223173379898,0.5053572058677673,0.6507536172866821,-0.2804157733917236
M,False,0.6582889556884766,0.3293103575706482,-0.432794451713562,0.6388170719146729,0.3717138171195984,-0.0454135835170745,0.5421972870826721,0.3518147468566894,-0.5099906325340271,0.5433703660964966,0.5018673539161682,0.1403291672468185,0.4554060697555542,0.4993456900119781,-0.1402366906404495,0.6389284729957581,0.5694490671157837,-0.1397696882486343,0.5073482394218445,0.5920485258102417,-0.2790521681308746,0.5905051231384277,0.6556224226951599,0.2508400976657867,0.4831548035144806,0.681514322757721,0.0448740124702453
M,False,0.6744197607040405,0.3511475622653961,-0.368628978729248,0.6417158842086792,0.3866866528987884,-0.0354646928608417,0.56589275598526,0.3732129633426666,-0.5081846117973328,0.5375407338142395,0.4978086650371551,0.1419993937015533,0.462673544883728,0.5029381513595581,-0.1418374627828598,0.6725542545318604,0.5411290526390076,-0.0984104946255683,0.544788658618927,0.571121335029602,-0.4544748365879059,0.6098828315734863,0.6243703365325928,0.2378989905118942,0.5000945329666138,0.6458308100700378,-0.0660372525453567
M,False,0.6126278638839722,0.3064782619476318,-0.3927087783813476,0.5973446369171143,0.3475422859191894,0.0242655612528324,0.4920145571231842,0.3340702652931213,-0.4859571754932403,0.5428803563117981,0.499900758266449,0.1470447331666946,0.4572631120681762,0.501239538192749,-0.1470483243465423,0.6091004610061646,0.5794991254806519,0.2352634221315384,0.4865791797637939,0.6024448275566101,-0.0118691595271229,0.5698436498641968,0.6600509881973267,0.630666196346283,0.4623456001281738,0.6973386406898499,0.2917673885822296
M,False,0.6868616938591003,0.3579721748828888,-0.3538210988044739,0.6510013937950134,0.3842286765575409,-0.0355278737843036,0.581148624420166,0.3858074247837066,-0.5517787933349609,0.5368947982788086,0.4962885081768036,0.1537123918533325,0.4624845385551452,0.504382312297821,-0.1535457968711853,0.6767230033874512,0.5402157306671143,-0.0132118752226233,0.535879373550415,0.5743322968482971,-0.4131798446178436,0.6140902638435364,0.6186326742172241,0.3531824946403503,0.5021916031837463,0.6515576243400574,-0.0917265340685844
M,False,0.6445009708404541,0.3073694705963135,-0.5115519165992737,0.631635308265686,0.3565431237220764,-0.0204086266458034,0.5330997109413147,0.3360471129417419,-0.5380623936653137,0.5452058911323547,0.501757800579071,0.1544619798660278,0.454745352268219,0.498354434967041,-0.1545911580324173,0.6029823422431946,0.5793233513832092,0.1490049660205841,0.4895043969154358,0.6005562543869019,-0.0203312616795301,0.5777504444122314,0.6664025187492371,0.536574125289917,0.47469562292099,0.6970313787460327,0.327150285243988
M,False,0.3508437275886535,0.341234803199768,-0.2873720526695251,0.4292762875556946,0.3727893531322479,-0.534640371799469,0.4002925157546997,0.3740980923175812,0.0447479374706745,0.525659441947937,0.5064206123352051,-0.1837783902883529,0.4739075303077698,0.4952300190925598,0.1838460862636566,0.3800660073757171,0.5594574213027954,-0.1681847721338272,0.3285195529460907,0.5308170914649963,0.2980128228664398,0.4714078307151794,0.6280426979064941,0.1911441087722778,0.4223009347915649,0.600965142250061,0.6182569265365601
M,False,0.3770471811294555,0.3195284605026245,-0.1228466928005218,0.4651436805725097,0.3516836166381836,-0.4005796909332275,0.4207018613815307,0.356029748916626,0.2015737295150756,0.526951253414154,0.5022780299186707,-0.1839237958192825,0.4725032448768616,0.4977977871894836,0.1837600320577621,0.4363292455673218,0.6048578023910522,-0.1737352758646011,0.3792592287063598,0.5795954465866089,0.2609453499317169,0.4983285069465637,0.6993274688720703,-0.0634892806410789,0.4419834613800049,0.6631159782409668,0.5078355669975281
M,False,0.4499629735946655,0.311337798833847,-0.1112369447946548,0.5373997092247009,0.3445904552936554,-0.3659156262874603,0.4689878225326538,0.3547422289848327,0.2201740890741348,0.5287162661552429,0.5039491653442383,-0.1731556802988052,0.4716733694076538,0.4975053071975708,0.1728271245956421,0.4418697953224182,0.6076502799987793,-0.2233581990003585,0.382697731256485,0.579308032989502,0.163947582244873,0.5333921313285828,0.6828587651252747,0.0220716036856174,0.4747108817100525,0.6534767746925354,0.4861531555652618
M,False,0.4623591899871826,0.3174649775028229,-0.2204508483409881,0.5422952175140381,0.3519564568996429,-0.4660792052745819,0.476742148399353,0.3569822311401367,0.1352186650037765,0.5258570909500122,0.5063835978507996,-0.1899097859859466,0.4740809202194214,0.4941164851188659,0.1897142231464386,0.3849840462207794,0.5766900181770325,-0.2757649719715118,0.3297073245048523,0.5367076992988586,0.230879470705986,0.5277131795883179,0.6102885603904724,0.1114898920059204,0.4728299975395202,0.5743471384048462,0.5773814916610718
M,False,0.4309242665767669,0.3291467726230621,-0.2985386252403259,0.5133302807807922,0.3708318769931793,-0.5028725862503052,0.4499328434467315,0.3714523911476135,0.0912652388215065,0.5250908732414246,0.5057889223098755,-0.1840115487575531,0.4738973081111908,0.4955445528030395,0.1839668005704879,0.3846900761127472,0.5703558921813965,-0.2801155149936676,0.316904067993164,0.5286884307861328,0.1917356848716735,0.5226391553878784,0.6234071850776672,-0.015011828392744,0.4315280616283417,0.5911442041397095,0.4366450011730194
M,False,0.4089511036872864,0.3139136135578155,-0.1930960714817047,0.4999916553497314,0.3473846018314361,-0.4780144095420837,0.4447821974754333,0.3550381958484649,0.18145851790905,0.5295349359512329,0.5022725462913513,-0.196844682097435,0.471898078918457,0.4982695281505584,0.1967060416936874,0.4586284756660461,0.6062654256820679,-0.2374115735292434,0.3815712034702301,0.5810787677764893,0.2942281663417816,0.5346119403839111,0.6968168020248413,-0.1182877495884895,0.4601626992225647,0.6597317457199097,0.6241901516914368
M,False,0.3347215950489044,0.3620787262916565,-0.3419701159000397,0.4212962687015533,0.3967969119548797,-0.5222287178039551,0.378373771905899,0.3909016847610473,-0.0363040454685688,0.5234649181365967,0.5077444911003113,-0.1607047617435455,0.4752885401248932,0.4930890798568725,0.1606137454509735,0.3672562539577484,0.5453141927719116,-0.2602939307689667,0.3254557847976684,0.5215752720832825,0.2308757156133651,0.4290764033794403,0.6361361145973206,-0.0163281820714473,0.3802877962589264,0.6008514761924744,0.544363796710968
M,False,0.3768645524978637,0.3285396695137024,-0.1374879330396652,0.4577252566814422,0.3576903045177459,-0.4123563766479492,0.4150282442569732,0.3642558753490448,0.1842288672924041,0.5259847640991211,0.5033811330795288,-0.1916713714599609,0.4745130240917206,0.4969483911991119,0.1916244775056839,0.4234350621700287,0.5908083915710449,-0.1939416527748108,0.3619024455547333,0.5644785165786743,0.2191319614648819,0.4678728878498077,0.6830949187278748,-0.0716891959309578,0.4171814024448395,0.6517127752304077,0.4333865344524383
M,False,0.3635686635971069,0.3185224533081054,-0.1828200221061706,0.4479917883872986,0.3517771959304809,-0.4279981255531311,0.4068855047225952,0.3568263649940491,0.1417409628629684,0.5246666073799133,0.5023559331893921,-0.1723588556051254,0.4748752117156982,0.4986349046230316,0.1722256690263748,0.4663497805595398,0.6021125912666321,-0.1102680340409278,0.3951546251773834,0.5743605494499207,0.3028101325035095,0.4818307757377624,0.7011804580688477,0.0016222526319324,0.4153620600700378,0.6681004166603088,0.5509092807769775
M,False,0.3825292289257049,0.3193306624889374,-0.1572977304458618,0.481963574886322,0.3463048338890075,-0.4305668175220489,0.4167500734329223,0.3597888946533203,0.2045236527919769,0.52924644947052,0.5014732480049133,-0.1912431716918945,0.4703052043914795,0.4991948902606964,0.1910151094198227,0.4514843225479126,0.6082846522331238,-0.182486206293106,0.3850321471691131,0.5768800973892212,0.2965956926345825,0.489920437335968,0.7018225193023682,-0.0550059229135513,0.4213727712631225,0.6681732535362244,0.5634856820106506
M,False,0.3186342418193817,0.3622778356075287,-0.4207388758659363,0.4123367667198181,0.3912036716938019,-0.5988840460777283,0.3428917825222015,0.397945374250412,-0.0659488141536712,0.5311381220817566,0.5033812522888184,-0.1705680936574936,0.4677268266677856,0.49791219830513,0.1705945134162902,0.4191832542419433,0.590288519859314,-0.3613875806331634,0.3353806138038635,0.5614675879478455,0.0982197597622871,0.4671292304992676,0.6752476096153259,-0.1236619427800178,0.4018906354904175,0.642857015132904,0.4107271432876587
M,False,0.3265448808670044,0.3553373217582702,-0.377744048833847,0.4227539896965027,0.3862184882164001,-0.5340493321418762,0.3528138101100921,0.398347407579422,-0.0303660668432712,0.5305968523025513,0.503334105014801,-0.1669642031192779,0.468952476978302,0.4977508187294006,0.166971668601036,0.4086045026779175,0.5863140821456909,-0.2917814254760742,0.3345213234424591,0.5571483373641968,0.1566542237997055,0.4739062786102295,0.6663432717323303,-0.0281083546578884,0.4052281975746155,0.634138286113739,0.4721502959728241
M,False,0.3861247897148132,0.319117397069931,-0.3422313332557678,0.4808073937892914,0.3597181439399719,-0.3883979022502899,0.4113346338272095,0.3715932667255401,0.1561535596847534,0.530275285243988,0.502776026725769,-0.1822751611471176,0.4682464301586151,0.4983162581920624,0.1821613311767578,0.4241990149021148,0.5965964794158936,-0.2624887526035309,0.3488228619098663,0.5661683678627014,0.119868479669094,0.4801302850246429,0.6799333691596985,0.0582605302333831,0.4119642972946167,0.6486995816230774,0.4353218972682953
M,False,0.3808428645133972,0.3319793045520782,-0.348599910736084,0.4729558229446411,0.3694524765014648,-0.5053840279579163,0.4004881978034973,0.3775458335876465,0.0122701507061719,0.5306410193443298,0.5032487511634827,-0.1653004437685012,0.4698664546012878,0.4974316954612732,0.1653845608234405,0.3994126319885254,0.5744715929031372,-0.3020625114440918,0.3299051523208618,0.5459113717079163,0.1284335851669311,0.48018479347229,0.6489519476890564,0.0235066395252943,0.4218389391899109,0.6212481260299683,0.3949137330055237
M,False,0.3849163353443146,0.3170653283596039,-0.2071153223514557,0.4695265591144562,0.3553377687931061,-0.4636462926864624,0.4223426580429077,0.3588142693042755,0.1670657098293304,0.5264967679977417,0.5037178993225098,-0.193537101149559,0.4726393520832062,0.4977627098560333,0.1935950666666031,0.4444729387760162,0.6035993695259094,-0.1068298146128654,0.3714855313301086,0.5735746622085571,0.2390694618225097,0.4758665263652801,0.6976921558380127,0.0854835212230682,0.4181910455226898,0.6657605767250061,0.5142703652381897
M,False,0.4633598625659942,0.3117943108081817,-0.1982751637697219,0.5523268580436707,0.349768191576004,-0.4363714456558227,0.4727045893669128,0.3568127453327179,0.1959758996963501,0.5289422869682312,0.5026594400405884,-0.1931369602680206,0.4707296788692474,0.4974381029605865,0.1928598433732986,0.4509278833866119,0.6041628122329712,-0.2536188960075378,0.3806933462619781,0.5831286907196045,0.1990172266960144,0.524750828742981,0.6865071058273315,0.0389682799577713,0.4718136787414551,0.6624977588653564,0.5708367824554443
M,False,0.4454565644264221,0.3149027824401855,-0.3081021904945373,0.5238776803016663,0.3536696434020996,-0.5344058871269226,0.4609472751617431,0.3579291105270386,0.1156370565295219,0.5269787311553955,0.5060553550720215,-0.1996223777532577,0.4736260771751404,0.4954680502414703,0.1996293514966964,0.3853626549243927,0.5820817351341248,-0.333707332611084,0.3276092410087585,0.5391174554824829,0.2256104946136474,0.5172918438911438,0.6208900809288025,0.0966460481286048,0.4626506567001343,0.5913090705871582,0.561632513999939
M,False,0.3985163271427154,0.3105973601341247,-0.1528916656970977,0.4864159822463989,0.3514407873153686,-0.4334348738193512,0.4363210797309875,0.3586569130420685,0.2290559858083725,0.5281987190246582,0.5011860728263855,-0.2001014053821563,0.4730875194072723,0.4996930360794067,0.1999423801898956,0.4427522122859955,0.6070860624313354,-0.2210258245468139,0.3841291069984436,0.5882242918014526,0.2600727677345276,0.5075005292892456,0.7010994553565979,-0.0327994711697101,0.4563997983932495,0.676622748374939,0.5541353821754456
M,False,0.4452055096626282,0.3153001368045807,-0.2305420786142349,0.5308166146278381,0.3498247563838959,-0.4321492612361908,0.4650726318359375,0.3577544391155243,0.1943484991788864,0.5281751751899719,0.5045063495635986,-0.1990315467119217,0.472884863615036,0.4966764152050018,0.198978990316391,0.4374641180038452,0.6052209138870239,-0.2043973058462143,0.3570599555969238,0.5653346180915833,0.2549566626548767,0.5246149301528931,0.6746456623077393,0.119523674249649,0.4578997790813446,0.6384916305541992,0.6547368764877319
M,False,0.424414187669754,0.3078580498695373,-0.1452477872371673,0.5162942409515381,0.3444276452064514,-0.4174468219280243,0.4466425776481628,0.3541938066482544,0.2104010730981826,0.5301032662391663,0.5008015632629395,-0.1849610358476638,0.4713456034660339,0.4993475675582886,0.1847287267446518,0.4742921888828277,0.6064280867576599,-0.1976647973060608,0.407367080450058,0.594150722026825,0.3382816314697265,0.5208781361579895,0.7070171236991882,-0.1168264299631118,0.4631778001785278,0.6803264021873474,0.620823323726654
M,False,0.4447953402996063,0.3110993802547455,-0.1807356178760528,0.5343070030212402,0.3458985686302185,-0.4269810318946838,0.4616143703460693,0.35393887758255,0.2069362848997116,0.529100239276886,0.5038308501243591,-0.1935211569070816,0.471457690000534,0.4964408278465271,0.193649873137474,0.4204862415790558,0.5921552181243896,-0.2740773856639862,0.3429817259311676,0.5512990951538086,0.1524082422256469,0.5194234251976013,0.6553124785423279,0.0993386134505271,0.4506076276302337,0.6261027455329895,0.4671540558338165
M,False,0.3964329659938812,0.3215581476688385,-0.2072944939136505,0.483029156923294,0.3592948317527771,-0.3848892748355865,0.4282462000846863,0.3662845194339752,0.1955106556415558,0.5276895761489868,0.5033645629882812,-0.1871923208236694,0.4728162586688995,0.4978415071964264,0.1872320026159286,0.4086464047431946,0.5966398119926453,-0.236487790942192,0.3561981916427612,0.5752847194671631,0.2783530354499817,0.49588742852211,0.6869442462921143,-0.0798493847250938,0.4211597442626953,0.6491141319274902,0.5681602954864502
M,False,0.428273856639862,0.3158589005470276,-0.1921569555997848,0.5213934183120728,0.3482811152935028,-0.4488933086395263,0.4542291462421417,0.3583876490592956,0.1978674381971359,0.5306077599525452,0.5016849040985107,-0.1930331140756607,0.4706820547580719,0.4995219111442566,0.1929153800010681,0.4699610769748688,0.6079801321029663,-0.1959767639636993,0.4164047539234161,0.591455340385437,0.3980919420719147,0.5065853595733643,0.7042223215103149,-0.0820386260747909,0.4472702145576477,0.6769537925720215,0.7105965614318848
M,False,0.4232516884803772,0.3214681148529053,-0.2037817537784576,0.5102964043617249,0.354966789484024,-0.490385502576828,0.4473355114459991,0.3630701899528503,0.1844261586666107,0.524204671382904,0.5048853158950806,-0.2094670236110687,0.4743789732456207,0.4952302575111389,0.209420308470726,0.387662798166275,0.5828863978385925,-0.2841779589653015,0.3348834216594696,0.5500927567481995,0.228776067495346,0.5123974084854126,0.6364179849624634,0.0620045065879821,0.4577318131923675,0.6087779998779297,0.5440965890884399
M,False,0.3524555563926697,0.3310056626796722,-0.1712366938591003,0.4282855689525604,0.3630001246929168,-0.4281501770019531,0.4005662500858307,0.3647039830684662,0.1347976326942443,0.5243315100669861,0.504227340221405,-0.1852825134992599,0.4769102036952972,0.4971401691436767,0.185170516371727,0.4253908097743988,0.590198278427124,-0.2461907714605331,0.3725212514400482,0.5722534656524658,0.2045228630304336,0.4690838158130646,0.6928958892822266,-0.1843461543321609,0.4068939983844757,0.6625577807426453,0.4086845815181732
M,False,0.3766041696071625,0.3140032887458801,-0.1475898921489715,0.4556507766246795,0.3538889288902282,-0.4015594124794006,0.4276206195354461,0.3586977124214172,0.2019287049770355,0.5240556597709656,0.5029216408729553,-0.1891334950923919,0.4752483069896698,0.4973562359809875,0.1891426742076873,0.4137718379497528,0.5995258688926697,-0.2042029649019241,0.3645643889904022,0.5752776861190796,0.3083895742893219,0.4704336822032928,0.6958234906196594,-0.1009284555912017,0.4105632901191711,0.6595859527587891,0.5640992522239685
M,False,0.4057987928390503,0.3172032535076141,-0.2512152791023254,0.483134001493454,0.35712331533432,-0.3847461938858032,0.4352777898311615,0.3627811372280121,0.1792162656784057,0.5261273384094238,0.5049836039543152,-0.1833553165197372,0.473754733800888,0.4955850541591644,0.1833904683589935,0.3888972699642181,0.5820901989936829,-0.2130779772996902,0.3390431702136993,0.5565795302391052,0.2661441564559936,0.4941902458667755,0.6526211500167847,0.0784213319420814,0.4257983863353729,0.6185514330863953,0.559841513633728
M,False,0.3800970315933227,0.3279622197151184,-0.3095089793205261,0.4565262496471405,0.3674265146255493,-0.5338852405548096,0.4111691415309906,0.3680550158023834,0.043195080012083,0.524243950843811,0.5072043538093567,-0.1821580976247787,0.4770696461200714,0.4941587448120117,0.1821803003549575,0.3644828498363495,0.5582239031791687,-0.2097328454256057,0.3309774696826935,0.5359788537025452,0.2782436311244964,0.4714062511920929,0.6385900974273682,0.0235009230673313,0.4088505804538727,0.6036484837532043,0.5802785158157349
M,False,0.4150969982147217,0.3128157258033752,-0.1222240999341011,0.4957406520843506,0.3431238830089569,-0.4035172462463379,0.4519522786140442,0.3479504287242889,0.19582299888134,0.5252358913421631,0.5045437216758728,-0.194848820567131,0.4751557111740112,0.4969933927059173,0.1945812702178955,0.4303603172302246,0.6035385131835938,-0.0870029553771019,0.3857552111148834,0.5723544359207153,0.2675122916698456,0.4832631349563598,0.6905052065849304,0.1114295572042465,0.4330915808677673,0.6565202474594116,0.5684226751327515
M,False,0.381498634815216,0.3193734884262085,-0.0962735638022422,0.4619973003864288,0.3512679040431976,-0.3871798515319824,0.4190393984317779,0.357877105474472,0.2188993841409683,0.5244196057319641,0.5048084855079651,-0.197120264172554,0.4741102159023285,0.4962581098079681,0.197000190615654,0.3966396152973175,0.5899184346199036,-0.2074675559997558,0.3603602945804596,0.5702434778213501,0.2706843316555023,0.4752005040645599,0.6874353885650635,-0.0774774551391601,0.4118823111057281,0.6547151207923889,0.5403364896774292
M,False,0.4293200969696045,0.3007977604866028,-0.0844881311058998,0.5127048492431641,0.3384928107261657,-0.3805776238441467,0.4704180955886841,0.3445776402950287,0.2172854095697403,0.5237032771110535,0.5027695298194885,-0.1759524345397949,0.4756552577018738,0.4980028867721557,0.1756630390882492,0.4682584404945373,0.6114926338195801,-0.0721732974052429,0.4200888276100158,0.5903509855270386,0.3275429308414459,0.4890370368957519,0.710161566734314,0.0574755109846591,0.4360756278038025,0.6778333187103271,0.5643738508224487
M,False,0.3938656449317932,0.3220615088939667,-0.3302794694900512,0.4795266389846802,0.3583551049232483,-0.5048255324363708,0.4213182330131531,0.3614373803138733,0.0415822714567184,0.5273825526237488,0.5049229264259338,-0.1754950582981109,0.4728528261184692,0.4951175153255462,0.1754104942083358,0.369205117225647,0.5667307376861572,-0.2420418560504913,0.3253387212753296,0.5415447354316711,0.2321294546127319,0.4904539585113525,0.6342170834541321,0.0983108878135681,0.4180471897125244,0.600861668586731,0.5214647650718689
M,False,0.3489698767662048,0.3182243704795837,-0.0996587425470352,0.4416516721248626,0.3516481220722198,-0.3552548289299011,0.401305228471756,0.3570237457752228,0.1893848925828933,0.5260406136512756,0.5023720860481262,-0.1662712097167968,0.4742559492588043,0.4978834092617035,0.1660896986722946,0.4330393970012665,0.6013143658638,-0.151453360915184,0.3862433731555938,0.5830296874046326,0.2056064903736114,0.493012934923172,0.7012452483177185,-0.0348610840737819,0.4309958517551422,0.6701778769493103,0.4016241729259491
M,False,0.4131717979907989,0.3042321801185608,-0.1217341125011444,0.5113811492919922,0.3363786339759826,-0.3898926675319671,0.439350813627243,0.3502079248428345,0.2279778122901916,0.5279563069343567,0.5016756653785706,-0.1870292127132415,0.4734488427639007,0.4996301233768463,0.1866198033094406,0.4883975684642792,0.6130472421646118,-0.1610922366380691,0.4236522018909454,0.5895534157752991,0.3168529868125915,0.5324397087097168,0.7105673551559448,-0.0469236299395561,0.4791010320186615,0.6802034974098206,0.5858029723167419
M,False,0.4213328957557678,0.3153910040855407,-0.106670506298542,0.5068926215171814,0.3464143872261047,-0.3956187963485718,0.4505824744701385,0.3548886179924011,0.2195422798395156,0.5243092775344849,0.5043050050735474,-0.1874619573354721,0.4746387302875519,0.4963904023170471,0.1875151693820953,0.4114305973052978,0.5850663781166077,-0.258042961359024,0.3439752161502838,0.5485726594924927,0.2096342593431472,0.5304149389266968,0.6359227299690247,0.0771037712693214,0.4517957270145416,0.612126350402832,0.509118914604187
M,False,0.6514143943786621,0.3457944095134735,-0.2484669089317321,0.6086362600326538,0.3794805705547333,0.0790485739707946,0.569205641746521,0.37321537733078,-0.4261994659900665,0.5266780257225037,0.4942101836204529,0.1552770882844925,0.4722637236118316,0.506049633026123,-0.1551845073699951,0.6732876300811768,0.5308941602706909,0.066560722887516,0.5874134302139282,0.5523101091384888,-0.2968739867210388,0.578173041343689,0.6004339456558228,0.2328347861766815,0.5218523740768433,0.6268653273582458,-0.0507464259862899
M,False,0.6279484033584595,0.3185015916824341,-0.2065138071775436,0.5863522887229919,0.3624089658260345,0.1730824410915374,0.535132884979248,0.3503105044364929,-0.3770670592784881,0.5268164873123169,0.4987531304359436,0.1727824360132217,0.4718644618988037,0.5012826323509216,-0.1727467477321624,0.6229634881019592,0.5860797762870789,0.2050480842590332,0.569740355014801,0.6038821339607239,-0.1540864109992981,0.5611670613288879,0.6689730882644653,0.4076045751571655,0.5000209212303162,0.696143627166748,-0.0094035947695374
M,False,0.5524190664291382,0.3106021881103515,-0.2343330830335617,0.52918541431427,0.3598183393478393,0.1739229708909988,0.4673371016979217,0.3484076559543609,-0.3811777830123901,0.5275459289550781,0.4987696409225464,0.163515567779541,0.4710034728050232,0.5017874240875244,-0.1635913550853729,0.6210458278656006,0.5831405520439148,0.1267241537570953,0.5539177060127258,0.6066151857376099,-0.2118493020534515,0.5311123728752136,0.6578954458236694,0.4937728345394134,0.4608081579208374,0.6842771172523499,0.0153101123869419
M,False,0.5429761409759521,0.3244031071662903,-0.179087221622467,0.5240854620933533,0.3636454939842224,0.2129155099391937,0.4605484008789062,0.3614157736301422,-0.3703016340732574,0.5270233750343323,0.4955503344535827,0.1788720786571502,0.4732552170753479,0.5046835541725159,-0.1789912432432174,0.6818444132804871,0.54627525806427,0.0817582756280899,0.6107822060585022,0.5866082310676575,-0.2837677896022796,0.5203267335891724,0.5870293378829956,0.3825473487377167,0.4695671498775482,0.6201848983764648,0.0400971360504627
M,False,0.5675003528594971,0.334649384021759,-0.2500680685043335,0.548399806022644,0.3775240778923034,0.152346983551979,0.4854527115821838,0.3745366930961609,-0.3612070381641388,0.5254902839660645,0.4969175457954407,0.1598496288061142,0.4731205701828003,0.5040925145149231,-0.1599448323249817,0.6803145408630371,0.5373401045799255,0.0735424160957336,0.6060366630554199,0.5868485569953918,-0.3053922355175018,0.563444197177887,0.5931717157363892,0.3751861453056335,0.4826972186565399,0.6283794641494751,0.0283442866057157
M,False,0.592186450958252,0.3140175640583038,-0.3171010613441467,0.5574918985366821,0.3631722033023834,0.1548764705657959,0.5035136938095093,0.3522649705410003,-0.4444094896316528,0.5285122394561768,0.4995487928390503,0.1827297210693359,0.4714148640632629,0.5006087422370911,-0.1828275918960571,0.6190284490585327,0.5863407850265503,0.2631333768367767,0.5484122037887573,0.6070806384086609,-0.2075947672128677,0.5461053848266602,0.6708691716194153,0.5939397811889648,0.4767414033412933,0.7025871872901917,-0.0367436073720455
M,False,0.6721461415290833,0.3684155941009521,-0.2093619108200073,0.6099455952644348,0.3962996900081634,0.059460699558258,0.5818899273872375,0.4002805650234222,-0.428663820028305,0.5197157263755798,0.4945868253707886,0.16255484521389,0.4797435104846954,0.50597083568573,-0.1623792797327041,0.6738882660865784,0.5258685946464539,0.1890710294246673,0.6373494863510132,0.5547036528587341,-0.2105632573366165,0.6032184362411499,0.6101632714271545,0.338702380657196,0.5675978064537048,0.6371021270751953,-0.0603446885943412
M,False,0.6338557600975037,0.3288857042789459,-0.2139152884483337,0.5810838341712952,0.3685468733310699,0.1487228572368621,0.5514492392539978,0.3612852990627289,-0.4447924494743347,0.5247538089752197,0.4978950917720794,0.1827065795660019,0.4758871793746948,0.5032577514648438,-0.182695060968399,0.6429395079612732,0.5621721744537354,0.1601989418268203,0.5766155123710632,0.5900725722312927,-0.1667886227369308,0.5980967283248901,0.6506687998771667,0.402934581041336,0.5379747748374939,0.6836245656013489,0.0383180491626262
M,False,0.633891761302948,0.3190809786319732,-0.1741045117378235,0.604133665561676,0.3664745092391968,0.1220878213644027,0.545994222164154,0.3511477708816528,-0.3791119754314422,0.5321791768074036,0.5007877945899963,0.1535901725292205,0.4675733745098114,0.5003849864006042,-0.1533962488174438,0.5962976813316345,0.5825920104980469,0.206708550453186,0.5243886113166809,0.5983190536499023,-0.0463032871484756,0.5765677094459534,0.6734591126441956,0.4015330076217651,0.5101271867752075,0.7022923231124878,0.1049785390496254
M,False,0.6193780303001404,0.3189462125301361,-0.1541181653738021,0.5904041528701782,0.3671546280384063,0.1682262867689132,0.5216960906982422,0.3500895798206329,-0.3453574180603027,0.5310364365577698,0.5006228089332581,0.1576474756002426,0.4683331549167633,0.5003848671913147,-0.1574775278568267,0.6147024631500244,0.5851350426673889,0.1373708397150039,0.5466859340667725,0.6043853759765625,-0.1894423961639404,0.5670444369316101,0.6756327152252197,0.3017593920230865,0.5114126801490784,0.700157642364502,-0.1120143830776214
M,False,0.6844362616539001,0.3649578690528869,-0.3549949526786804,0.6456201672554016,0.394116997718811,-0.0179111622273921,0.5829824209213257,0.3923646211624145,-0.5177797079086304,0.529861569404602,0.497268408536911,0.1640555262565612,0.4690558314323425,0.5031499862670898,-0.1638990640640258,0.6603795289993286,0.562516987323761,0.1226272210478782,0.5868328213691711,0.5855633616447449,-0.3239673376083374,0.6009836792945862,0.6426526308059692,0.3514198362827301,0.5356340408325195,0.674872875213623,-0.2088725864887237
M,False,0.6806355118751526,0.3619348704814911,-0.3011364638805389,0.6354910731315613,0.395324170589447,0.0072507704608142,0.581164538860321,0.3920438289642334,-0.5012686252593994,0.5285953879356384,0.4973416626453399,0.1674910634756088,0.4716663360595703,0.5042690634727478,-0.1673133671283722,0.6641703248023987,0.5579376220703125,0.1485747992992401,0.5961236357688904,0.5857903957366943,-0.2819611430168152,0.5954493284225464,0.6358693838119507,0.3860896229743957,0.531407356262207,0.6693392992019653,-0.1288391798734665
M,False,0.6179038286209106,0.3169350922107696,-0.2873041927814483,0.5855868458747864,0.3689756095409393,0.1431006491184234,0.5179893970489502,0.3583517968654632,-0.453364610671997,0.5291721820831299,0.4974219501018524,0.1821559965610504,0.4717385768890381,0.503240704536438,-0.182072713971138,0.6549322605133057,0.5642924904823303,0.0858382582664489,0.5913667678833008,0.5977185964584351,-0.2910594940185547,0.5895596742630005,0.6470999121665955,0.4061020314693451,0.5278145670890808,0.675412118434906,-0.0213971082121133
M,False,0.6258609890937805,0.3326525688171386,-0.2574268877506256,0.5991895794868469,0.380339115858078,0.1088495329022407,0.5279558300971985,0.3693630993366241,-0.3928582668304443,0.5292304754257202,0.4971924424171448,0.158341184258461,0.4695464968681335,0.5039186477661133,-0.1582564115524292,0.6742944121360779,0.5500808954238892,0.059089045971632,0.6007537245750427,0.5816450715065002,-0.2503649890422821,0.5962512493133545,0.6262685656547546,0.3156753182411194,0.530708372592926,0.6508017778396606,0.0716570019721984
M,False,0.6146455407142639,0.314880222082138,-0.3238900899887085,0.5865858793258667,0.3666686713695526,0.134495735168457,0.5247927308082581,0.3559533357620239,-0.4316618144512176,0.5305668115615845,0.4994180500507355,0.1707711517810821,0.4707891643047333,0.5019882917404175,-0.1708321273326873,0.6292591691017151,0.5762898325920105,0.101710744202137,0.5641821622848511,0.5989812612533569,-0.2063720673322677,0.581049382686615,0.6674600839614868,0.3208556473255157,0.5307576060295105,0.6928865909576416,-0.0344612374901771
M,False,0.5341183543205261,0.313789039850235,-0.2751820385456085,0.5202280879020691,0.3616699874401092,0.1740466654300689,0.4447701871395111,0.3533734977245331,-0.4397695958614349,0.5301487445831299,0.4986908733844757,0.1828291565179824,0.4702674448490143,0.5023691058158875,-0.183032602071762,0.6202943325042725,0.5877322554588318,0.1301024109125137,0.5464228987693787,0.6120913624763489,-0.2253382503986358,0.5271850228309631,0.6662613749504089,0.5528057813644409,0.4723309278488159,0.691530704498291,0.0236797221004962
M,False,0.5603470206260681,0.3193752765655517,-0.2233533561229705,0.5448302626609802,0.3684426844120025,0.1848959028720855,0.4744406342506408,0.3600618839263916,-0.396921694278717,0.5280752182006836,0.4968050420284271,0.1746504008769989,0.4704829752445221,0.5042489171028137,-0.1745725870132446,0.6793707609176636,0.5495012998580933,0.0635120943188667,0.6103143692016602,0.5915921330451965,-0.2908166050910949,0.5413956642150879,0.5989303588867188,0.3973528742790222,0.4796537160873413,0.6318126916885376,0.1044441759586334
M,False,0.6008908152580261,0.3106317520141601,-0.300826758146286,0.5707908272743225,0.3621902763843536,0.1368664056062698,0.5092658996582031,0.3517892956733703,-0.4115609526634216,0.5296594500541687,0.5005276799201965,0.1703164428472519,0.47025927901268,0.500467836856842,-0.1704052984714508,0.6122320294380188,0.5901412963867188,0.2084180414676666,0.5529982447624207,0.6056287288665771,-0.1657717674970626,0.5348646640777588,0.6765530109405518,0.4532350301742553,0.4906088709831238,0.7007678747177124,-0.0160999316722154
M,False,0.5554336905479431,0.3135141432285309,-0.2992213666439056,0.5350115299224854,0.360999196767807,0.1794148534536361,0.4683812856674194,0.3542780578136444,-0.4395967721939087,0.5287728905677795,0.4991518557071686,0.179899588227272,0.4716379344463348,0.501634955406189,-0.1800438016653061,0.6432923078536987,0.5738095641136169,0.0738201886415481,0.5642842650413513,0.605078399181366,-0.2481630742549896,0.5480346083641052,0.6457751989364624,0.5267584323883057,0.4692849218845367,0.6748806238174438,0.0857941284775734
M,False,0.5805486440658569,0.307901918888092,-0.1454862207174301,0.5508078932762146,0.3573700189590454,0.1746421903371811,0.4925347566604614,0.347784161567688,-0.370518147945404,0.528049647808075,0.5003147125244141,0.1680110394954681,0.4709212779998779,0.5004865527153015,-0.168000191450119,0.5938122868537903,0.5944873094558716,0.2446299046278,0.5368103981018066,0.6086567640304565,-0.1552507579326629,0.5430200099945068,0.6824899911880493,0.4425556659698486,0.4828606843948364,0.7101777791976929,-0.058862492442131
M,False,0.5559849143028259,0.3091387748718261,-0.2843635976314544,0.5397632718086243,0.3610477447509765,0.168641984462738,0.4705683290958404,0.3475702702999115,-0.4570647180080414,0.5295681357383728,0.4974090456962585,0.1836501210927963,0.4713537693023681,0.5028476119041443,-0.1835644692182541,0.659636914730072,0.5516287088394165,0.0832971930503845,0.5711734890937805,0.5970187187194824,-0.2764917910099029,0.5458970069885254,0.6257354617118835,0.4997768700122833,0.4804679155349731,0.6606312990188599,0.0288337729871273
M,False,0.601805567741394,0.3208216428756714,-0.2140199840068817,0.5616960525512695,0.3688240349292755,0.193283125758171,0.5084274411201477,0.3601791560649872,-0.4170560836791992,0.5289955735206604,0.4989608824253082,0.1884682923555374,0.4719502329826355,0.5021504163742065,-0.1884980350732803,0.6419308185577393,0.5838396549224854,0.1332871466875076,0.5918982028961182,0.6001930236816406,-0.2693890035152435,0.5562058091163635,0.6621375679969788,0.4433734714984894,0.5072252750396729,0.6817103624343872,-0.0374578014016151
M,False,0.5749509930610657,0.3112287819385528,-0.2157981991767883,0.542813241481781,0.3591461777687073,0.188469111919403,0.4821004867553711,0.3465872406959533,-0.4228288233280182,0.527665913105011,0.5003607273101807,0.1880022436380386,0.4715601503849029,0.5008450150489807,-0.1880398541688919,0.5906515121459961,0.5930339097976685,0.281598299741745,0.5325409770011902,0.6116271615028381,-0.1849496960639953,0.5497683882713318,0.6800202131271362,0.5417476296424866,0.4946157038211822,0.7089044451713562,-0.0556754395365715
M,False,0.5781312584877014,0.3238526582717895,-0.2513826191425323,0.5578908324241638,0.3694400191307068,0.1857057362794876,0.4891447424888611,0.3603482544422149,-0.4006294310092926,0.5278414487838745,0.4988130927085876,0.1784305125474929,0.4735168218612671,0.5026453733444214,-0.1784108430147171,0.6704332232475281,0.5613461136817932,0.0863295570015907,0.604211688041687,0.5953505635261536,-0.2905328273773193,0.5679994225502014,0.61220383644104,0.4275072813034057,0.5002631545066833,0.6386196613311768,0.1508008241653442
M,False,0.6511923670768738,0.3333507478237152,-0.1905481368303299,0.6121880412101746,0.3769265115261078,0.1120221316814422,0.5685929656028748,0.3628177642822265,-0.3695926964282989,0.5279971361160278,0.4992070198059082,0.1528155505657196,0.4710503816604614,0.5016054511070251,-0.1525510549545288,0.6310203075408936,0.5764785408973694,0.0998570397496223,0.5664302110671997,0.5912048816680908,-0.2244389355182647,0.6066994667053223,0.6666315197944641,0.263163298368454,0.535718560218811,0.6964974403381348,-0.1397492289543151
M,False,0.6228896379470825,0.3161140084266662,-0.1688056141138076,0.5656453967094421,0.362953633069992,0.1983863413333892,0.5492451190948486,0.356061041355133,-0.4320796132087707,0.5207681655883789,0.4977570176124573,0.2042691856622696,0.4796962141990661,0.5034480690956116,-0.20423024892807,0.6281862258911133,0.5829514265060425,0.3071415424346924,0.5937142372131348,0.5999376177787781,-0.1462224423885345,0.583922266960144,0.663310706615448,0.559454619884491,0.5327288508415222,0.6944181323051453,0.0576228685677051
M,False,0.5911955833435059,0.3198808133602142,-0.3024749159812927,0.5589615702629089,0.3684683442115783,0.1729039847850799,0.5028678774833679,0.3588931858539581,-0.4374681115150451,0.5267183780670166,0.4975306093692779,0.1864254623651504,0.4725736677646637,0.5037358403205872,-0.1864402592182159,0.6667556762695312,0.5612819790840149,0.1227130442857742,0.6058929562568665,0.5957552790641785,-0.2757159769535064,0.5773990750312805,0.6297734975814819,0.4463116228580475,0.5072274208068848,0.6503641605377197,0.152663454413414
M,False,0.624439537525177,0.3346068561077118,-0.1515998542308807,0.5918550491333008,0.3820688128471374,0.1495390683412552,0.544199526309967,0.371658980846405,-0.3487269580364227,0.5227367281913757,0.4953954219818115,0.1618867516517639,0.4766906797885895,0.5046224594116211,-0.1617923080921173,0.6727297902107239,0.5392361879348755,0.1589189022779464,0.6295310854911804,0.5700247883796692,-0.2045774757862091,0.5849069356918335,0.6099830865859985,0.3604715466499328,0.5364765524864197,0.6441814303398132,0.0496685244143009
M,False,0.59183269739151,0.3131410777568817,-0.1738786846399307,0.5611001253128052,0.3587208092212677,0.1720135062932968,0.5047944188117981,0.3479571938514709,-0.3621972203254699,0.5284234881401062,0.4988476932048797,0.1672327369451522,0.4705288112163543,0.5020695924758911,-0.1671764999628067,0.617392897605896,0.5836789011955261,0.1827778816223144,0.5683149099349976,0.6019270420074463,-0.1526985019445419,0.5818343758583069,0.6750972867012024,0.4027116000652313,0.5197445750236511,0.6912614107131958,0.0129734305664896
M,False,0.6227630972862244,0.3213427364826202,-0.1990537345409393,0.5767519474029541,0.3646754026412964,0.1645306050777435,0.5386549830436707,0.3541245758533478,-0.397924393415451,0.5258898138999939,0.4977162778377533,0.1772534996271133,0.4730655252933502,0.5029043555259705,-0.1772280633449554,0.6445282697677612,0.5738171935081482,0.1537584513425827,0.5934860706329346,0.5963278412818909,-0.2176937460899353,0.596462607383728,0.6550014615058899,0.4170148074626922,0.5259469151496887,0.689762532711029,-0.0375610776245594
M,False,0.5727217793464661,0.3000392317771911,-0.2002328783273697,0.5333228707313538,0.3507929444313049,0.1712695360183715,0.4934419095516205,0.3403189182281494,-0.4081698954105377,0.5276118516921997,0.4994682371616363,0.1743275821208953,0.471918374300003,0.5011886954307556,-0.1743660122156143,0.5904628038406372,0.5916424989700317,0.3588312268257141,0.5409196019172668,0.613493800163269,-0.0675470456480979,0.5664994716644287,0.6823045611381531,0.6248292922973633,0.5131053924560547,0.7160107493400574,0.0978512912988662
M,False,0.6101396083831787,0.3246136605739593,-0.1953643411397934,0.5727022886276245,0.3708281219005584,0.1747565269470214,0.5168488025665283,0.3607528507709503,-0.3730256557464599,0.5252426266670227,0.4963195621967315,0.1714192032814026,0.4761856198310852,0.5039892196655273,-0.1713261306285858,0.6742052435874939,0.5484042167663574,0.1526202112436294,0.6361945867538452,0.572651207447052,-0.2196673154830932,0.5729696750640869,0.6091582775115967,0.3922326266765594,0.5164805054664612,0.6357635259628296,0.109413556754589
M,False,0.6551123261451721,0.3159583210945129,-0.3047130703926086,0.6040085554122925,0.36592897772789,0.1027316376566886,0.5579673051834106,0.3511176705360412,-0.4587741792201996,0.5280470848083496,0.5005061030387878,0.1727080941200256,0.4714914262294769,0.5005030632019043,-0.1727184653282165,0.6165611147880554,0.5888891220092773,0.2630430459976196,0.5710551738739014,0.6049625277519226,-0.0995922088623046,0.5680209994316101,0.6702215671539307,0.5525869131088257,0.5148394107818604,0.7024106979370117,0.1249654814600944
M,False,0.5897034406661987,0.3025714159011841,-0.2381136119365692,0.5585949420928955,0.3547965288162231,0.1705145984888076,0.4941228032112121,0.3371480703353882,-0.4053116738796234,0.5272140502929688,0.5005342960357666,0.1769048869609832,0.4735336601734161,0.4998912513256073,-0.1769992411136627,0.582935631275177,0.5927401185035706,0.3614143133163452,0.5088183283805847,0.6115686893463135,-0.1207345724105835,0.5407593846321106,0.6763513684272766,0.6701744198799133,0.4680531024932861,0.712437093257904,-0.012563849799335
M,False,0.5836086273193359,0.3180890679359436,-0.2386517971754074,0.5582523345947266,0.3615633845329284,0.1832138299942016,0.501322329044342,0.3518356680870056,-0.4157577455043793,0.5282460451126099,0.4973326325416565,0.1796193867921829,0.4712338149547577,0.5028918981552124,-0.1795074790716171,0.6614294648170471,0.5561856031417847,0.0947644636034965,0.5816840529441833,0.5936192870140076,-0.2530714273452759,0.5447370409965515,0.6154577732086182,0.3690328896045685,0.4653564095497131,0.6427547335624695,0.1281853914260864
M,False,0.3416344821453094,0.3330119252204895,-0.3765504062175751,0.4186909198760986,0.3723840117454529,-0.5689011216163635,0.3922248482704162,0.3683951497077942,-0.0029992249328643,0.5253191590309143,0.5046933889389038,-0.1798910647630691,0.4740293025970459,0.4963695406913757,0.1797495037317276,0.4205107688903808,0.588762640953064,-0.2155231684446334,0.3446263670921325,0.5579550862312317,0.2679737508296966,0.4549065232276916,0.6792388558387756,-0.0259258840233087,0.38629812002182,0.6459603905677795,0.5632461905479431
M,False,0.3247708678245544,0.3400537371635437,-0.2369702309370041,0.3876579403877258,0.3760004639625549,-0.4709908366203308,0.3717072010040283,0.3750002086162567,0.081989049911499,0.5251860618591309,0.5059866905212402,-0.173602819442749,0.4757174253463745,0.4952553808689117,0.1736009567975998,0.4226934313774109,0.5859277248382568,-0.1274204552173614,0.3508397340774536,0.5581712126731873,0.2705436050891876,0.4459251761436462,0.6825674176216125,0.0118461139500141,0.3894094824790954,0.6503711342811584,0.4893392026424408
M,False,0.3190110027790069,0.3353070020675659,-0.3116782009601593,0.3928456306457519,0.3712264001369476,-0.5383487939834595,0.3571766018867492,0.3726761937141418,0.0359307676553726,0.5270435214042664,0.5039774179458618,-0.1844312250614166,0.4717673063278198,0.4968122839927673,0.1843890100717544,0.4154965281486511,0.5848357677459717,-0.207610547542572,0.3503081202507019,0.5601617097854614,0.2893299162387848,0.4395388960838318,0.6841878890991211,-0.0468392185866832,0.3844465017318725,0.6536856889724731,0.5569612979888916
M,False,0.3880579471588135,0.313956618309021,-0.158749058842659,0.4610558748245239,0.3452921509742737,-0.4368566870689392,0.4270027875900268,0.354113221168518,0.1895709633827209,0.5233432054519653,0.5026201009750366,-0.2028790116310119,0.4781166315078735,0.4977070093154907,0.20255908370018,0.4337969422340393,0.5948315858840942,-0.1485618501901626,0.3772481381893158,0.5635524988174438,0.2917768955230713,0.4740593433380127,0.6880788803100586,0.0193000212311744,0.4099289178848266,0.650708794593811,0.583276629447937
M,False,0.3469702005386352,0.3261860311031341,-0.2201136797666549,0.4139708876609802,0.363427996635437,-0.4668031632900238,0.3993738889694214,0.3660450279712677,0.1084306165575981,0.5225950479507446,0.5050233602523804,-0.1819686144590377,0.478676438331604,0.496084988117218,0.1819336265325546,0.404059886932373,0.5856325626373291,-0.1933000087738037,0.353543758392334,0.5613545179367065,0.2822694182395935,0.4688928127288818,0.6807056665420532,-0.0740779042243957,0.4042026400566101,0.647550106048584,0.5309345126152039
M,False,0.377886563539505,0.3018727302551269,-0.2060166001319885,0.4541861116886139,0.3353609144687652,-0.4520921409130096,0.4210143387317657,0.3392112553119659,0.1165854483842849,0.52604079246521,0.5047605037689209,-0.1868263483047485,0.4749944508075714,0.4958494007587433,0.186636209487915,0.4465009868144989,0.5972045660018921,0.0227959640324115,0.3797191679477691,0.5665175318717957,0.3593621253967285,0.4671980440616607,0.6904358267784119,0.3027113974094391,0.4158633053302765,0.6523831486701965,0.7288122773170471
M,False,0.3783881664276123,0.3052926063537597,-0.2452707290649414,0.4492169618606567,0.3417411744594574,-0.5113161206245422,0.4317961931228637,0.3431080877780914,0.0783381015062332,0.5240121483802795,0.5055735111236572,-0.1921098679304123,0.4766435623168945,0.4950665831565857,0.1918994188308715,0.4368048310279846,0.5935333967208862,0.077982060611248,0.3813096880912781,0.5639591217041016,0.4382550418376922,0.4650497436523437,0.6845242977142334,0.3880948424339294,0.4088479876518249,0.6496126651763916,0.8475067615509033
M,False,0.3409193754196167,0.3466747999191284,-0.3477974832057953,0.4067860841751098,0.3830272257328033,-0.5413634181022644,0.3670668601989746,0.3828164041042328,-0.0234665032476186,0.5299820899963379,0.5057434439659119,-0.1643099039793014,0.4688816666603088,0.4954528212547302,0.164359837770462,0.4109101891517639,0.5667259097099304,-0.3396899700164795,0.3325437009334564,0.5358107089996338,0.1601781249046325,0.4564904570579529,0.6527780890464783,-0.1189994439482688,0.394152820110321,0.6177396774291992,0.4396690428256988
M,False,0.3539785146713257,0.3264786899089813,-0.2744281589984894,0.4085894227027893,0.3648117482662201,-0.5005239844322205,0.4018450379371643,0.3591439425945282,0.0438597239553928,0.5210242867469788,0.5066763162612915,-0.1776772141456604,0.478280246257782,0.4938738942146301,0.177495464682579,0.4057886004447937,0.5862162113189697,-0.1172555983066558,0.3592047095298767,0.5627962946891785,0.2833081185817718,0.450501799583435,0.6823285222053528,0.0543148517608642,0.4022801518440246,0.6526952981948853,0.5371997952461243
M,False,0.3259369134902954,0.3471226990222931,-0.3066315650939941,0.4029673337936401,0.3872064352035522,-0.528577983379364,0.3747957944869995,0.3855408132076263,0.0224326737225055,0.5289405584335327,0.5047433972358704,-0.1757126748561859,0.4710676670074463,0.4960510432720184,0.1757881641387939,0.404931366443634,0.5682585835456848,-0.288251519203186,0.3348456919193268,0.5396314859390259,0.1913358122110366,0.4710513949394226,0.6510688662528992,-0.0363313816487789,0.3995236754417419,0.619640588760376,0.4851580560207367
M,False,0.3376247882843017,0.3392250537872314,-0.2474280297756195,0.396564245223999,0.3764328360557556,-0.4737663567066192,0.3851203918457031,0.369025707244873,0.0536159873008728,0.5264180898666382,0.5077797770500183,-0.1648971140384674,0.4738734364509582,0.4935800731182098,0.164888247847557,0.4094025492668152,0.5817159414291382,-0.1160353347659111,0.3387913703918457,0.5412367582321167,0.2795194387435913,0.4542579650878906,0.6640545725822449,0.0357345454394817,0.3890572786331177,0.6258851289749146,0.5131230354309082
M,False,0.352857232093811,0.3365398943424225,-0.398189514875412,0.4205561578273773,0.3761113584041595,-0.5811636447906494,0.3870395720005035,0.3759557604789734,-0.0299035385251045,0.5281152129173279,0.5027667880058289,-0.1789083480834961,0.4716351330280304,0.4973527789115906,0.1788328737020492,0.4217753708362579,0.5808666348457336,-0.351932018995285,0.3503369688987732,0.5589078664779663,0.1830853670835495,0.4670474231243133,0.6765425205230713,-0.2123252302408218,0.3958132565021515,0.6454420685768127,0.4667722880840301
M,False,0.3617949783802032,0.3176301121711731,-0.0845937356352806,0.418608546257019,0.3550048470497131,-0.3632107675075531,0.4222018718719482,0.3546456098556518,0.1926063299179077,0.5178860425949097,0.5044853687286377,-0.1879750937223434,0.4820926189422607,0.4956487715244293,0.1878422349691391,0.4184433221817016,0.5856865644454956,-0.1564365476369857,0.3777041733264923,0.5672829151153564,0.2730922400951385,0.4706774950027466,0.683593213558197,-0.0349589437246322,0.4087141156196594,0.6486682295799255,0.5102460980415344
M,False,0.3610173165798187,0.327379435300827,-0.1525386869907379,0.427116334438324,0.3588719964027405,-0.4051422476768493,0.4165279865264892,0.3600022792816162,0.1325841546058654,0.5222887992858887,0.505101203918457,-0.1812876760959625,0.4777901768684387,0.4956751465797424,0.181084468960762,0.4221313595771789,0.5876161456108093,-0.1103317737579345,0.3689388334751129,0.5622120499610901,0.269239217042923,0.4742132425308227,0.6773026585578918,0.0738175958395004,0.4209786653518677,0.6427512764930725,0.529284656047821
M,False,0.3284951448440552,0.3395596146583557,-0.196661040186882,0.3950447142124176,0.3689490258693695,-0.4307505488395691,0.3811143934726715,0.3683538436889648,0.1077698469161987,0.5213322639465332,0.5053996443748474,-0.1757437288761139,0.4773180782794952,0.4958960115909576,0.1756917983293533,0.4139239490032196,0.5843611359596252,-0.116601288318634,0.3694161176681518,0.5645760893821716,0.3165712058544159,0.4581219851970672,0.681370735168457,0.0196675211191177,0.4097495973110199,0.6533154845237732,0.5570070147514343
M,False,0.3692842125892639,0.3199740052223205,-0.1325769275426864,0.4379511475563049,0.3551252484321594,-0.4232825934886932,0.42428719997406,0.3556212186813354,0.1666915714740753,0.5224132537841797,0.5039753913879395,-0.2000222951173782,0.4789871573448181,0.4964863061904907,0.199934720993042,0.423223614692688,0.5854275822639465,-0.1699273586273193,0.3738194108009338,0.560335099697113,0.2744369804859161,0.4784073829650879,0.6792698502540588,-0.0277938414365053,0.4147653579711914,0.6455440521240234,0.5434247851371765
M,False,0.3229168057441711,0.3451427519321441,-0.3147061467170715,0.3948362469673157,0.376368910074234,-0.5380019545555115,0.3697283267974853,0.3752814829349518,0.0042622508481144,0.5266464352607727,0.5059249401092529,-0.1720934063196182,0.4734819531440735,0.4953568577766418,0.1720007359981537,0.4030318260192871,0.5874938368797302,-0.1403341442346573,0.346081018447876,0.55484539270401,0.2932518422603607,0.4554209113121032,0.6674626469612122,0.0311105214059352,0.4007241725921631,0.6387829184532166,0.5736513733863831
M,False,0.3786940574645996,0.3230904936790466,-0.1413757055997848,0.4634425640106201,0.3532479703426361,-0.4217364192008972,0.4203826785087585,0.3586156368255615,0.1975068897008896,0.5277570486068726,0.503818154335022,-0.1922476142644882,0.4718703627586365,0.4973881244659424,0.1922385394573211,0.4332382082939148,0.5923295617103577,-0.2082331925630569,0.3651065826416015,0.564175009727478,0.2036366611719131,0.4805049896240234,0.6844841837882996,-0.0393416099250316,0.4134339690208435,0.6478627324104309,0.4584279656410217
M,False,0.6623090505599976,0.3337472081184387,-0.2453994452953338,0.6228143572807312,0.3794934749603271,0.0818395167589187,0.5664159655570984,0.3656806349754333,-0.4210101664066314,0.5296478867530823,0.4975090026855469,0.1558670848608017,0.4703674912452698,0.5034584999084473,-0.1556766033172607,0.6546658873558044,0.5585982203483582,0.0036736188922077,0.5842528939247131,0.5838826894760132,-0.3179040551185608,0.6225454211235046,0.6465293765068054,0.2195882350206375,0.5480996370315552,0.6798030138015747,-0.15947225689888
M,False,0.6827555894851685,0.3413511216640472,-0.2192523032426834,0.6231448650360107,0.3795101940631866,0.0673875510692596,0.616935670375824,0.3790668547153473,-0.4381996095180511,0.5255746245384216,0.4953652322292328,0.1583258658647537,0.4745376110076904,0.5051605105400085,-0.1581275314092636,0.6501020789146423,0.5568052530288696,0.1561812311410904,0.5804940462112427,0.5805454254150391,-0.2473221570253372,0.6233054399490356,0.6488245129585266,0.3633195757865906,0.5582768321037292,0.6822649240493774,-0.1809748858213424
M,False,0.6908406615257263,0.3381246030330658,-0.2144831717014312,0.6361732482910156,0.381095290184021,0.0826302319765091,0.618135392665863,0.3734613060951233,-0.4221985638141632,0.5260821580886841,0.4964831471443176,0.154850885272026,0.474412202835083,0.5036789774894714,-0.1545864939689636,0.6507861614227295,0.5599312782287598,0.135868951678276,0.5949072241783142,0.5801739692687988,-0.2245115339756012,0.6300150752067566,0.6516244411468506,0.3321702182292938,0.5639710426330566,0.684590220451355,-0.1416760087013244
M,False,0.6139262318611145,0.3153739869594574,-0.1923339664936065,0.5898714065551758,0.3642816841602325,0.1687993854284286,0.5386491417884827,0.3500348031520843,-0.3856879472732544,0.5270677804946899,0.4989475905895233,0.1732395440340042,0.4736581146717071,0.5018644332885742,-0.1732002198696136,0.6232644319534302,0.5717383623123169,0.1963193714618683,0.5563672780990601,0.5948447585105896,-0.1530822813510894,0.594836413860321,0.6583760380744934,0.3838619291782379,0.5284207463264465,0.6901878118515015,-0.018836822360754
M,False,0.6643694639205933,0.3262165188789367,-0.1590687483549118,0.6026520133018494,0.3707698583602905,0.1362617462873459,0.5937375426292419,0.36563640832901,-0.3988661170005798,0.5247837901115417,0.4976103603839874,0.1718582212924957,0.4746711254119873,0.5031020641326904,-0.1718098372220993,0.6497859358787537,0.5637660026550293,0.209281638264656,0.5902625322341919,0.5867880582809448,-0.1328936964273452,0.609814465045929,0.6499854326248169,0.4155588448047638,0.541569709777832,0.6821787357330322,0.0609992481768131
M,False,0.6262000799179077,0.3076184391975403,-0.1683801710605621,0.5913114547729492,0.3589771389961242,0.1218373700976371,0.5446329116821289,0.3445231020450592,-0.357588917016983,0.5296952128410339,0.4988879263401031,0.1463639587163925,0.4705852270126343,0.5018184185028076,-0.1463143676519394,0.6254346370697021,0.5742154717445374,0.2048470973968505,0.5458839535713196,0.599054217338562,-0.0480476021766662,0.5916130542755127,0.6656827926635742,0.4004034996032715,0.5338107943534851,0.6948221921920776,0.1285982578992843
M,False,0.6210052967071533,0.3098937273025512,-0.169555127620697,0.5803655385971069,0.3586475253105163,0.1449643969535827,0.5500158667564392,0.3483415842056274,-0.3685099184513092,0.5268165469169617,0.4983234405517578,0.1569972783327102,0.471807062625885,0.5025400519371033,-0.157045692205429,0.6183485984802246,0.5736299753189087,0.2171744406223297,0.5559777617454529,0.5939876437187195,-0.0575866773724556,0.5902223587036133,0.6606060266494751,0.4028134942054748,0.5248562097549438,0.693671703338623,0.0911307334899902
M,False,0.6702480912208557,0.3461015224456787,-0.2591995596885681,0.625755250453949,0.3873764872550964,0.0323846526443958,0.6038397550582886,0.3819252550601959,-0.436869353055954,0.5288106799125671,0.4966414868831634,0.1438935846090316,0.4705474078655243,0.5049687623977661,-0.1437180489301681,0.669498860836029,0.5380451083183289,0.0857668966054916,0.5712727308273315,0.5634008646011353,-0.2399923801422119,0.6131274104118347,0.6221548318862915,0.2711767256259918,0.5491883158683777,0.6533152461051941,-0.0989763364195823
M,False,0.6574888229370117,0.3282390236854553,-0.1677375137805938,0.6052728891372681,0.3655970394611358,0.1024745553731918,0.5936819314956665,0.3679507970809936,-0.4000711143016815,0.5271292924880981,0.4953029453754425,0.1656733006238937,0.473572701215744,0.5047078132629395,-0.1655605584383011,0.6396952867507935,0.5649629235267639,0.180664449930191,0.583658754825592,0.5830481052398682,-0.1981593668460846,0.6107341051101685,0.6547369956970215,0.3313915729522705,0.5469894409179688,0.684517502784729,-0.1296232193708419
M,False,0.6739803552627563,0.3560311198234558,-0.2743387818336487,0.6237385869026184,0.3939352035522461,0.0508303456008434,0.5837475061416626,0.3859587609767914,-0.4573214948177337,0.5280641913414001,0.4978934228420257,0.1581867188215255,0.472233384847641,0.5025444626808167,-0.1581386625766754,0.6590868234634399,0.5430004596710205,0.0951128453016281,0.5832504034042358,0.5723676085472107,-0.2402196824550628,0.5934571027755737,0.624374508857727,0.3419462442398071,0.5316213965415955,0.6555331945419312,-0.0030494821257889
M,False,0.6655099987983704,0.3451117873191833,-0.3253794014453888,0.6239794492721558,0.3825186192989349,0.0164380874484777,0.5929686427116394,0.3768725991249084,-0.4656653702259063,0.5311084389686584,0.4966541528701782,0.1494534164667129,0.4701347351074219,0.5035454034805298,-0.149397537112236,0.6609252095222473,0.548021674156189,0.0138507457450032,0.5860918164253235,0.5760366320610046,-0.3375779986381531,0.6118340492248535,0.6325822472572327,0.2236427515745163,0.5469295978546143,0.6677603125572205,-0.1833177953958511
M,False,0.6622112393379211,0.3381938934326172,-0.3103637993335724,0.6154966354370117,0.3805916309356689,0.0270935762673616,0.5909412503242493,0.3729702830314636,-0.4895374476909637,0.5265839695930481,0.4966503381729126,0.1638788133859634,0.4737550318241119,0.5046775341033936,-0.1637245714664459,0.6545062065124512,0.5576322674751282,0.0764163583517074,0.5846781730651855,0.5821589231491089,-0.325409859418869,0.6135677695274353,0.6450644731521606,0.304947555065155,0.5464577674865723,0.6798055171966553,-0.20303475856781
M,False,0.6460316181182861,0.3185417056083679,-0.1868716925382614,0.6018649935722351,0.3650476932525635,0.1217317730188369,0.5696564316749573,0.3579227924346924,-0.4118780195713043,0.5283395648002625,0.497317373752594,0.1720951497554779,0.4728680551052093,0.5032404065132141,-0.1719136238098144,0.6268956661224365,0.5653326511383057,0.2381590604782104,0.5640468001365662,0.5894894599914551,-0.0951295271515846,0.594542384147644,0.6527777910232544,0.4425749182701111,0.5323300361633301,0.680677056312561,0.0769707933068275
M,False,0.6419985890388489,0.3248512744903564,-0.1835216432809829,0.597852349281311,0.3670030534267425,0.1276653707027435,0.5674735903739929,0.359210729598999,-0.407537579536438,0.5313454270362854,0.497360497713089,0.1703121662139892,0.4701302051544189,0.5040388107299805,-0.1701910495758056,0.6311350464820862,0.5615206360816956,0.1732607185840606,0.5609508156776428,0.5842819213867188,-0.1503835469484329,0.5872154235839844,0.6455337405204773,0.4034568071365356,0.5277661681175232,0.6698497533798218,0.047372743487358
M,False,0.6801288723945618,0.339139461517334,-0.1626035422086715,0.6198921799659729,0.3756859898567199,0.1202688813209533,0.6052207946777344,0.3750855922698974,-0.4050182104110718,0.5275025367736816,0.4971480369567871,0.1667227149009704,0.4724310338497162,0.504272997379303,-0.1665322333574295,0.6348022222518921,0.5697001814842224,0.1835329383611679,0.5796869397163391,0.5870643258094788,-0.1672021150588989,0.6048843860626221,0.6543077230453491,0.3892141282558441,0.5404813289642334,0.6852861046791077,-0.0572828277945518
M,False,0.6294711828231812,0.3209047019481659,-0.1526251137256622,0.590736985206604,0.3649847507476806,0.1384997367858886,0.5570489168167114,0.3565225601196289,-0.3704211413860321,0.5274242162704468,0.498016357421875,0.1612612456083297,0.4725731313228607,0.5033016204833984,-0.1611023843288421,0.6260860562324524,0.5651549696922302,0.1766386777162552,0.5618694424629211,0.5852420926094055,-0.1626871079206466,0.5843200087547302,0.6495392918586731,0.3427061140537262,0.5206385850906372,0.6757466197013855,-0.0404351837933063
M,False,0.6856493353843689,0.3469796180725097,-0.1871910095214843,0.6282593011856079,0.3829350471496582,0.098754733800888,0.6183019876480103,0.3767452836036682,-0.4075770974159241,0.5268352627754211,0.4958465695381164,0.1612204760313034,0.473380833864212,0.5044813752174377,-0.1609108597040176,0.659447431564331,0.5538806319236755,0.1195094212889671,0.5853845477104187,0.5736565589904785,-0.2533430457115173,0.6153613924980164,0.64090895652771,0.3098516464233398,0.5527264475822449,0.6673673391342163,-0.1334253400564193
M,False,0.6296772956848145,0.3245630860328674,-0.2740029394626617,0.5971112847328186,0.3663036823272705,0.1463621854782104,0.5371976494789124,0.3559490442276001,-0.3912879228591919,0.5306326746940613,0.4990730881690979,0.1650833785533905,0.4701138436794281,0.5025192499160767,-0.1650315076112747,0.6434091329574585,0.5646050572395325,0.0511193163692951,0.5707077980041504,0.5945670008659363,-0.2934088110923767,0.5943285822868347,0.6511106491088867,0.3045929372310638,0.5289129614830017,0.6834259629249573,-0.1361028403043747
M,False,0.3538192510604858,0.3578260540962219,-0.2432789057493209,0.4324450492858886,0.3817514181137085,-0.4268767535686493,0.3912304639816284,0.3902811706066131,0.026716073974967,0.5232559442520142,0.504317581653595,-0.1443255096673965,0.4768642783164978,0.496710866689682,0.1442563831806183,0.4073089361190796,0.5344568490982056,-0.3621484637260437,0.3369797468185425,0.5230271220207214,0.1996978819370269,0.4584702849388122,0.6137385964393616,-0.1309078782796859,0.4100146293640136,0.5900453925132751,0.3807784616947174
M,False,0.3389192223548889,0.3550383746623993,-0.2123599350452423,0.4232116937637329,0.3745092749595642,-0.4204869568347931,0.3808556795120239,0.3866603076457977,0.0708437860012054,0.5226581692695618,0.5046277046203613,-0.1561967432498932,0.4774105548858642,0.4955000579357147,0.1561575978994369,0.3771460056304931,0.5444244146347046,-0.2498666793107986,0.3494274616241455,0.5334133505821228,0.2763149440288543,0.4889636635780334,0.6223267912864685,-0.066417172551155,0.4229670763015747,0.5916166305541992,0.4927443563938141
M,False,0.3339241743087768,0.3591680228710174,-0.1415741443634033,0.4004693627357483,0.3811725080013275,-0.3915978968143463,0.3915975689888,0.3841412365436554,0.1246623769402504,0.5167196989059448,0.5054927468299866,-0.1713401228189468,0.4821032285690307,0.4950844347476959,0.1714116781949997,0.3605348467826843,0.5409123301506042,-0.2259571403264999,0.3474060893058777,0.5297343134880066,0.3114032447338104,0.494585633277893,0.6133454442024231,-0.0401126630604267,0.4404818415641784,0.5850675106048584,0.4888179898262024
M,False,0.3702620565891266,0.3344854116439819,-0.1085147559642791,0.442656010389328,0.3578044176101684,-0.3885756731033325,0.4319399893283844,0.364164650440216,0.1500544548034668,0.5152591466903687,0.5064855813980103,-0.1843781769275665,0.4845958054065704,0.4946998059749603,0.184274360537529,0.3869712650775909,0.5628576278686523,-0.030636167153716,0.3713208734989166,0.5481454133987427,0.3284192383289337,0.4796333014965057,0.6414860486984253,0.2175144404172897,0.4282159507274627,0.6103476285934448,0.6429378986358643
M,False,0.4012029469013214,0.3451668620109558,-0.4455396831035614,0.4414465725421905,0.3710751235485077,-0.4246496558189392,0.4228170216083526,0.3764514029026031,0.0982706174254417,0.5152521133422852,0.5059285163879395,-0.1674288809299469,0.4838675558567047,0.4945456087589264,0.1673411875963211,0.3647657632827759,0.5439804792404175,-0.1467636376619339,0.3523361086845398,0.5309512615203857,0.2486479878425598,0.4986158311367035,0.6112987399101257,0.1267326921224594,0.4293458163738251,0.5815595388412476,0.4992346167564392
M,False,0.3595704734325409,0.3384109735488891,-0.1409926265478134,0.4454587399959564,0.3579056560993194,-0.3653734624385834,0.3976902067661285,0.3759351968765259,0.1725619882345199,0.5242470502853394,0.4997977316379547,-0.168815329670906,0.476525217294693,0.5006469488143921,0.1687381416559219,0.4645363986492157,0.5874215960502625,-0.1318130493164062,0.4071156680583954,0.5735377073287964,0.2169999629259109,0.4751255810260772,0.6765965223312378,-0.0244951155036687,0.4373414218425751,0.6554700136184692,0.4025173485279083
M,False,0.3801890313625335,0.3410993814468384,-0.0572439581155777,0.4517326653003692,0.3519083261489868,-0.3092395663261413,0.4233514964580536,0.3647110760211944,0.2139138877391815,0.5126009583473206,0.5013472437858582,-0.1791147142648697,0.4869888126850128,0.4988369941711426,0.1788123250007629,0.4109863936901092,0.5720056295394897,-0.0968901216983795,0.3983588516712188,0.5610309839248657,0.2450179457664489,0.4702236354351043,0.6583071351051331,0.1037245690822601,0.4509564936161041,0.6386805176734924,0.4937459230422973
M,False,0.3375697731971741,0.3801707923412323,-0.1289087086915969,0.4085134267807007,0.3858850002288818,-0.3613467514514923,0.3986661434173584,0.3897119462490082,0.1416409313678741,0.5110686421394348,0.5052000880241394,-0.1578994840383529,0.4887042641639709,0.4955114722251892,0.1578458100557327,0.3602694869041443,0.5348368883132935,-0.140870913863182,0.3533951640129089,0.5258929133415222,0.2500205934047699,0.4490529894828796,0.616992712020874,0.0790349543094635,0.4212943911552429,0.600470244884491,0.4916082918643951
M,False,0.3306413292884826,0.3665469288825989,-0.1520839780569076,0.4045989513397217,0.3651300966739654,-0.3824420273303985,0.3892105221748352,0.375050276517868,0.1304308772087097,0.5148312449455261,0.5018678903579712,-0.1598510593175888,0.4851888418197632,0.498180091381073,0.1595556586980819,0.4343341588973999,0.5799711346626282,0.0196229610592126,0.4142155647277832,0.568851888179779,0.3307752609252929,0.4591550827026367,0.6705379486083984,0.2384043186903,0.4296844601631164,0.6531930565834045,0.5860849618911743
M,False,0.6452417373657227,0.3575568497180938,-0.1814305335283279,0.6195616722106934,0.3929078280925751,0.1336481869220733,0.5682953596115112,0.377079963684082,-0.3730664849281311,0.5295233726501465,0.5000980496406555,0.1441021412611007,0.4710296988487243,0.5008875131607056,-0.1436556726694107,0.6636754870414734,0.5221136808395386,-0.0034733216743916,0.5709569454193115,0.5256521701812744,-0.4839601814746856,0.5855897068977356,0.5949497818946838,0.1428819447755813,0.5342198014259338,0.6096659302711487,-0.2964651584625244
M,False,0.6635425090789795,0.3572315871715545,-0.0486468449234962,0.6059203743934631,0.3895101547241211,0.2108204662799835,0.5935174822807312,0.3777564465999603,-0.3077057600021362,0.5124679207801819,0.4955184757709503,0.1655528545379638,0.487307071685791,0.5058651566505432,-0.1654072999954223,0.650297224521637,0.5375096201896667,0.2180002331733703,0.6311277747154236,0.5477020144462585,-0.1910759657621383,0.5844937562942505,0.599293053150177,0.3440724909305572,0.5187001824378967,0.622277557849884,-0.024901445955038
M,False,0.6641766428947449,0.3595030605792999,-0.1169013381004333,0.6195738911628723,0.3906681537628174,0.192459225654602,0.5890982747077942,0.3783726096153259,-0.3523477017879486,0.5229755640029907,0.4983004033565521,0.1699152886867523,0.478128582239151,0.5024634003639221,-0.1697823852300644,0.6598749160766602,0.5331920385360718,0.172059953212738,0.6318783164024353,0.5395910143852234,-0.2448127418756485,0.5628945827484131,0.5927558541297913,0.2968378961086273,0.5063306093215942,0.6101603507995605,-0.0339838899672031
M,False,0.6294237971305847,0.3407550156116485,-0.0882171690464019,0.5898457765579224,0.37698695063591,0.2240578383207321,0.559490978717804,0.3594230413436889,-0.3374535143375397,0.519977867603302,0.4971267580986023,0.1771852076053619,0.4810500741004944,0.5037767291069031,-0.1770119816064834,0.6392500400543213,0.554105281829834,0.2253050804138183,0.6199050545692444,0.5631812810897827,-0.1758996248245239,0.5797326564788818,0.6268644332885742,0.3949018120765686,0.5198894143104553,0.6461259126663208,0.0288174375891685
M,False,0.5902072191238403,0.3496120572090149,-0.4499518573284149,0.5920130610466003,0.3857487440109253,0.0772691220045089,0.5465575456619263,0.373706042766571,-0.4130118787288666,0.5214606523513794,0.4961050748825073,0.1570824384689331,0.4798976480960846,0.5042657852172852,-0.1573471873998642,0.6485493779182434,0.5381485223770142,0.1801836639642715,0.6248670816421509,0.5516576766967773,-0.2355599701404571,0.5746051073074341,0.5904464721679688,0.3764842450618744,0.5076594948768616,0.6117735505104065,0.0841654390096664
M,False,0.6412268877029419,0.3350570201873779,-0.2006848603487014,0.6141124963760376,0.3809051811695099,0.1218432262539863,0.5557519793510437,0.3573578894138336,-0.373058408498764,0.5314838290214539,0.5026209354400635,0.1444578766822815,0.4686837792396545,0.49840247631073,-0.1442711353302002,0.5919209122657776,0.574131190776825,0.1892031580209732,0.5272236466407776,0.5806629657745361,-0.0459367930889129,0.566561222076416,0.6592782735824585,0.3900333344936371,0.516210675239563,0.6738647222518921,0.1213511228561401
M,False,0.6181851029396057,0.3449373245239258,-0.0707821398973465,0.5927330255508423,0.3720151782035827,0.2026332318782806,0.5514030456542969,0.3553544878959656,-0.2797183990478515,0.5217347145080566,0.4995019435882568,0.1517984271049499,0.4783570170402527,0.501242458820343,-0.1516535729169845,0.6094238758087158,0.5645609498023987,0.1725497543811798,0.5891664624214172,0.5722578167915344,-0.1262021213769912,0.5615888833999634,0.6411763429641724,0.3109024465084076,0.5323569774627686,0.656764030456543,0.005785817746073
M,False,0.658669114112854,0.3801541030406952,-0.0287854317575693,0.6041566729545593,0.3921413421630859,0.2142716646194458,0.6004937291145325,0.382608950138092,-0.2881760895252228,0.5097846388816833,0.49485844373703,0.1628526449203491,0.4896685779094696,0.505378246307373,-0.1628598272800445,0.6450381278991699,0.5238412022590637,0.2347776889801025,0.6387311220169067,0.5318398475646973,-0.1702782958745956,0.5894215703010559,0.5973545908927917,0.3608590960502624,0.5538980960845947,0.6153353452682495,0.0033893955405801
M,False,0.6635829210281372,0.3672903180122375,-0.08051498234272,0.6256306767463684,0.3805803656578064,0.1838055253028869,0.5895190238952637,0.3647990822792053,-0.3043022751808166,0.5266345143318176,0.5008061528205872,0.1522196978330612,0.473924458026886,0.5003204941749573,-0.1520380675792694,0.5905117392539978,0.568376362323761,0.1752444058656692,0.5598410964012146,0.576630175113678,-0.1114086657762527,0.5789873003959656,0.6585483551025391,0.3180426061153412,0.5371991395950317,0.6718919277191162,0.0024734116159379
M,False,0.3444458246231079,0.3500523269176483,-0.1189697012305259,0.4248653054237366,0.3653180301189422,-0.3459557592868805,0.3982519507408142,0.3785628378391266,0.161353200674057,0.5157305002212524,0.5027129650115967,-0.1580303311347961,0.4829055070877075,0.4983956217765808,0.1578194200992584,0.4314970970153808,0.5760683417320251,-0.0470432229340076,0.3991751670837402,0.5631518959999084,0.246118888258934,0.4365652203559875,0.6633607745170593,0.1383144557476043,0.4141974449157715,0.6470116972923279,0.4613015949726105
M,False,0.3393740057945251,0.3623269498348236,-0.1883523017168045,0.404956042766571,0.3904900252819061,-0.3930950760841369,0.3837147951126098,0.3913503587245941,0.0723510831594467,0.5201252102851868,0.5058552026748657,-0.1529182642698288,0.4807627201080322,0.4952859580516815,0.1529962569475174,0.3874479532241821,0.5582020282745361,-0.1999029070138931,0.3573965430259704,0.5414619445800781,0.1710894107818603,0.4284952878952026,0.6394079923629761,-0.0870548337697982,0.4033852219581604,0.6200349926948547,0.2884851098060608
M,False,0.3699926435947418,0.3619046807289123,-0.1075262650847435,0.4491258561611175,0.3688644468784332,-0.3587066233158111,0.4284872114658355,0.3770912587642669,0.1601332575082779,0.5137173533439636,0.5051450133323669,-0.17369344830513,0.4874259531497955,0.4964662194252014,0.1736431419849395,0.3587479293346405,0.5412678122520447,-0.0545012392103672,0.3533753752708435,0.5318421721458435,0.3047545850276947,0.4614554345607757,0.6127266883850098,0.2399407029151916,0.4396112263202667,0.5967204570770264,0.5934248566627502
M,False,0.3840924501419067,0.3433634042739868,-0.1564668715000152,0.4513599276542663,0.3654939830303192,-0.4042434692382812,0.4326393604278564,0.3742420375347137,0.1473627090454101,0.5116739869117737,0.5043699145317078,-0.1841000020503997,0.4893089234828949,0.4970035254955292,0.184010848402977,0.3774204552173614,0.5565299391746521,-0.0725513473153114,0.3744944334030151,0.5460391640663147,0.3002215921878814,0.4934763312339782,0.6193490028381348,0.2138079106807708,0.4647488296031952,0.6025682687759399,0.6065787076950073
M,False,0.3523273766040802,0.3608082234859466,-0.1781482994556427,0.4106113314628601,0.3863579034805298,-0.4245908260345459,0.4206463694572449,0.3826758861541748,0.0997485890984535,0.5157227516174316,0.5056576132774353,-0.1806498765945434,0.4833958446979522,0.4946525394916534,0.1807094812393188,0.3898332118988037,0.5578990578651428,-0.0740996375679969,0.3685759603977203,0.5458548069000244,0.2644544243812561,0.4966274499893188,0.622907280921936,0.2018192112445831,0.463822066783905,0.6028174757957458,0.5588406920433044
M,False,0.3831387162208557,0.349534273147583,-0.146320179104805,0.4509592354297638,0.3694684207439422,-0.403120219707489,0.4333217144012451,0.376118391752243,0.1557440608739853,0.5151203870773315,0.502895176410675,-0.1865971535444259,0.4847468733787536,0.4977072775363922,0.1865443736314773,0.3877539336681366,0.5543109774589539,-0.1116256341338157,0.369467169046402,0.5450735092163086,0.295976459980011,0.498055100440979,0.6142579317092896,0.1848229616880417,0.4659397006034851,0.5977635979652405,0.587415874004364
M,False,0.377413272857666,0.3541968166828155,-0.1226726919412612,0.4395167827606201,0.3753741383552551,-0.3867753446102142,0.432536780834198,0.3801074028015136,0.1578988283872604,0.5121524333953857,0.5041439533233643,-0.1853788644075393,0.4875867962837219,0.4968376159667969,0.185374841094017,0.3860761523246765,0.5555479526519775,-0.1098503842949867,0.3764441609382629,0.5454817414283752,0.2559047937393188,0.493840605020523,0.6241018176078796,0.1382005512714386,0.4651398360729217,0.6084020137786865,0.538860023021698
M,False,0.3104795217514038,0.389826238155365,-0.2507110834121704,0.3841502070426941,0.4141259789466858,-0.4345159232616424,0.3620028495788574,0.418150931596756,0.0204703230410814,0.5162394046783447,0.5035681128501892,-0.1469557285308838,0.4848934412002563,0.4977754652500152,0.1471024453639984,0.3865610957145691,0.5311585664749146,-0.3013304471969604,0.3572553992271423,0.5260494947433472,0.1402234435081482,0.4391748905181885,0.6179998517036438,-0.1484083980321884,0.403528094291687,0.6023083329200745,0.3059531450271606
M,False,0.3519090414047241,0.3577423691749573,-0.1749541163444519,0.4257358014583587,0.3794241547584533,-0.3487514555454254,0.3971898555755615,0.3910354673862457,0.1750541776418686,0.5238443613052368,0.500508189201355,-0.1670467853546142,0.4760236740112304,0.4995434582233429,0.1671808511018753,0.4484944343566894,0.5791440010070801,-0.1321038901805877,0.4024342894554138,0.5653973817825317,0.1304478347301483,0.4581665396690368,0.6629250645637512,0.0122086564078927,0.4287600219249725,0.6529183983802795,0.3236612975597381
M,False,0.3170681893825531,0.3929908871650696,-0.1739355325698852,0.3941355049610138,0.3942150473594665,-0.3958182632923126,0.3707284033298492,0.4015184044837951,0.0914302840828895,0.518832266330719,0.5030497312545776,-0.1592550873756408,0.4806858599185943,0.4985637068748474,0.1592956334352493,0.3968742787837982,0.543286919593811,-0.329412430524826,0.3630924820899963,0.5335959196090698,0.1942307353019714,0.4320080578327179,0.6300511360168457,-0.2140837907791137,0.3986275494098663,0.6124075055122375,0.3520159125328064
M,False,0.35919389128685,0.3580090999603271,-0.1369316130876541,0.4279492795467376,0.3809881508350372,-0.3641240894794464,0.4207852780818939,0.3843225538730621,0.1368473470211029,0.5167681574821472,0.5030781030654907,-0.1613897383213043,0.4847109019756317,0.4985475540161133,0.1613475382328033,0.4173948466777801,0.5663949847221375,-0.0420940704643726,0.3929231464862823,0.553724467754364,0.2401023060083389,0.4405800402164459,0.6535881757736206,0.1440954655408859,0.4186367094516754,0.6348353624343872,0.4458709061145782
M,False,0.3524048328399658,0.3707367181777954,-0.222586303949356,0.4206907153129577,0.3965544700622558,-0.4054960906505584,0.3924696445465088,0.401424765586853,0.045529555529356,0.5222376585006714,0.5041800737380981,-0.139849841594696,0.4774779081344604,0.4962992370128631,0.1400028020143509,0.3991178274154663,0.5395998954772949,-0.3437398970127105,0.3551242351531982,0.5295678973197937,0.1518466770648956,0.4477403163909912,0.6165881156921387,-0.1128121614456176,0.4174061715602875,0.600045919418335,0.3631639778614044
M,False,0.3404912054538727,0.3668479323387146,-0.2011735290288925,0.4008467495441437,0.3911096751689911,-0.4046913087368011,0.3917056322097778,0.3952089846134186,0.0709634646773338,0.516421377658844,0.50407475233078,-0.1532385349273681,0.48396897315979,0.4967418611049652,0.1532107442617416,0.3891814947128296,0.5515863299369812,-0.075537621974945,0.3712162375450134,0.5386084914207458,0.2513719797134399,0.4380410313606262,0.6331310272216797,0.1177520155906677,0.4170961380004883,0.6151548624038696,0.4843857288360595
M,False,0.3887129724025726,0.3444305658340454,-0.1660373508930206,0.4613582789897918,0.3669550120830536,-0.4054613709449768,0.4210885465145111,0.3784699440002441,0.137352779507637,0.5177726745605469,0.5023068189620972,-0.1728976517915725,0.4833137094974518,0.4986311793327331,0.1727601587772369,0.3896181285381317,0.5543695688247681,-0.1233703941106796,0.3707838058471679,0.5459690690040588,0.2646447420120239,0.5068543553352356,0.609878659248352,0.1829547882080078,0.4671973884105682,0.5932331085205078,0.5465754270553589
M,False,0.3594274222850799,0.3547990322113037,-0.152441531419754,0.4268724620342254,0.3788968026638031,-0.3890290558338165,0.4053037464618683,0.3859266638755798,0.1324136704206466,0.5189695358276367,0.5041540861129761,-0.1675058305263519,0.4824707806110382,0.4967331290245056,0.1675763130187988,0.3846375644207001,0.5500402450561523,-0.1392171084880828,0.3687090873718261,0.5382018685340881,0.2579664587974548,0.4850839078426361,0.6209696531295776,0.0912065654993057,0.4557981789112091,0.6011579036712646,0.4616687595844269
M,False,0.3905167877674103,0.3559593558311462,-0.1950188130140304,0.4608994424343109,0.3783929347991943,-0.4194062054157257,0.4167341291904449,0.3868113756179809,0.1095480695366859,0.5214778184890747,0.5035377144813538,-0.1661601513624191,0.4796642959117889,0.4975588023662567,0.1661041229963302,0.3705073595046997,0.5369682312011719,-0.1632150709629058,0.3473757803440094,0.5292251110076904,0.2421715557575225,0.4970272481441498,0.5887182354927063,0.1568221598863601,0.4562278687953949,0.5738320350646973,0.4608940184116363
M,False,0.3906880915164947,0.3342793583869934,-0.2193882316350937,0.4633543193340301,0.3646100461483001,-0.4023276567459106,0.4119457304477691,0.3833877146244049,0.1310267746448516,0.5234217643737793,0.5012004971504211,-0.1659754365682602,0.4774762690067291,0.4997962117195129,0.1656983941793441,0.4619939625263214,0.5900677442550659,-0.1274686604738235,0.413041204214096,0.5789116621017456,0.1801209449768066,0.5059908032417297,0.6692004203796387,0.0187574550509452,0.4738406240940094,0.6543180346488953,0.379985898733139
M,False,0.3131337165832519,0.3590501546859741,-0.2250291109085083,0.383743017911911,0.3837860226631164,-0.4557307064533233,0.3646827042102813,0.388470709323883,0.082034982740879,0.5167361497879028,0.5031235814094543,-0.1711375564336776,0.4846043288707733,0.4973266124725342,0.1711915433406829,0.4159485399723053,0.5680409669876099,-0.1006129086017608,0.4021607339382171,0.5573763251304626,0.2553356289863586,0.4417751133441925,0.6542390584945679,0.0873844400048255,0.4261461198329925,0.6408795714378357,0.4739626348018646
M,False,0.3356081247329712,0.3525881469249725,-0.2027290910482406,0.4069232940673828,0.3778217732906341,-0.4220869839191437,0.4142310619354248,0.376470685005188,0.0927699506282806,0.5183326005935669,0.5034756660461426,-0.1621081233024597,0.4814774990081787,0.4978890717029571,0.1620507538318634,0.4014683961868286,0.566540002822876,-0.0075935083441436,0.3762223720550537,0.5560710430145264,0.3197638690471649,0.4425966739654541,0.6518094539642334,0.2229889333248138,0.4236510992050171,0.6343399882316589,0.5904157757759094
M,False,0.3720220923423767,0.333634465932846,-0.1759834289550781,0.4452162384986877,0.3638007044792175,-0.3928260505199432,0.4009814858436584,0.3769699931144714,0.1218472272157669,0.5197363495826721,0.5026352405548096,-0.1636815965175628,0.4793818593025207,0.4988895952701568,0.1635320484638214,0.4314488172531128,0.5779451727867126,-0.1102828755974769,0.3948717713356018,0.5636751651763916,0.2111960798501968,0.4737169742584228,0.6604097485542297,0.0505964085459709,0.4449455142021179,0.6430917978286743,0.422213464975357
M,False,0.3401271402835846,0.3668655455112457,-0.1980555951595306,0.4061501622200012,0.3942994773387909,-0.3995105922222137,0.3852676153182983,0.3987067937850952,0.0825724005699157,0.5172499418258667,0.5040521025657654,-0.1511771976947784,0.4826268851757049,0.4964205324649811,0.1513730883598327,0.3807911574840545,0.5388438105583191,-0.2300731986761093,0.3588983714580536,0.5292252898216248,0.2227669656276703,0.4683350622653961,0.6088904738426208,0.0395401492714881,0.4351959526538849,0.5912474393844604,0.4552372097969055
M,False,0.3260500133037567,0.3727301061153412,-0.2599503099918365,0.3929499983787536,0.3979937434196472,-0.4525045156478882,0.3731534481048584,0.3984062075614929,0.014834402129054,0.5181360244750977,0.5051771998405457,-0.1540218591690063,0.4833272695541382,0.4961552917957306,0.1540782749652862,0.3682124614715576,0.534993052482605,-0.2530673444271087,0.3470107913017273,0.5248752236366272,0.2303604036569595,0.422031044960022,0.6201224327087402,-0.1058615669608116,0.3949796557426452,0.5993590950965881,0.4247134029865265
M,False,0.6491300463676453,0.3483864963054657,-0.2373221665620803,0.6177552938461304,0.3851670324802398,0.1352161467075348,0.5621936917304993,0.3641290962696075,-0.3660948574542999,0.5280827879905701,0.5006653666496277,0.1501622498035431,0.472613662481308,0.5001159906387329,-0.1500156670808792,0.5960714221000671,0.5617856979370117,0.1783903390169143,0.549497127532959,0.5726050734519958,-0.0711410418152809,0.587148904800415,0.6489812135696411,0.3643770515918731,0.5447309613227844,0.6610148549079895,0.0888848677277565
M,False,0.6551520824432373,0.3614474236965179,-0.1221919730305671,0.6136497855186462,0.4007952213287353,0.179132878780365,0.5850797891616821,0.3804332911968231,-0.3240745365619659,0.5186983942985535,0.4980446696281433,0.1529363393783569,0.4798388183116913,0.5027344226837158,-0.1526398062705993,0.6421704292297363,0.5405576825141907,0.129903644323349,0.6100569367408752,0.5498170256614685,-0.1943396627902984,0.5980502963066101,0.6214309334754944,0.2228070348501205,0.560814380645752,0.6392241716384888,-0.0793389901518821
M,False,0.625974714756012,0.3648442327976227,-0.0790231078863143,0.5882927775382996,0.3848492205142975,0.2033569067716598,0.5606776475906372,0.3688946068286896,-0.3059269189834595,0.5130550265312195,0.4949890077114105,0.1622365564107895,0.4855929315090179,0.5054234862327576,-0.162177100777626,0.6536012887954712,0.534735381603241,0.1710930466651916,0.6365858316421509,0.5470840930938721,-0.1829228699207306,0.5745538473129272,0.5998157858848572,0.261017769575119,0.5418320298194885,0.6145668625831604,0.0404144041240215
M,False,0.6111063957214355,0.3477213680744171,-0.2067742943763733,0.5848905444145203,0.387457400560379,0.1835299730300903,0.545660674571991,0.3671310544013977,-0.4171675741672516,0.5215209722518921,0.4975805580615997,0.1785022765398025,0.4773505330085754,0.5031678080558777,-0.1784120798110962,0.6366891860961914,0.55046546459198,0.2182677388191223,0.6059093475341797,0.5646820664405823,-0.2239523380994796,0.5493870973587036,0.6058960556983948,0.4258190393447876,0.5010456442832947,0.619849681854248,0.1223513036966323
M,False,0.6557952761650085,0.3613512217998504,-0.2341856062412262,0.6154130697250366,0.3988424837589264,0.1661051213741302,0.5806244015693665,0.378772497177124,-0.4092038869857788,0.5256673097610474,0.4998079836368561,0.1719494313001632,0.4750893115997314,0.5015887022018433,-0.1718311905860901,0.6450181007385254,0.5472524166107178,0.1380825787782669,0.60823655128479,0.5580050349235535,-0.2330173701047897,0.5519656538963318,0.6139315962791443,0.2737301290035248,0.5075290203094482,0.6227242946624756,0.0497780963778495
M,False,0.6124609708786011,0.3518786430358886,-0.2022792398929596,0.5865325331687927,0.3855431675910949,0.1828445196151733,0.5500690340995789,0.3676823675632477,-0.4115296006202698,0.5219263434410095,0.4979148209095001,0.1776830554008484,0.4793363213539123,0.5034795999526978,-0.1776328831911087,0.6365717649459839,0.5472152829170227,0.2318272590637207,0.6075714826583862,0.5601692795753479,-0.2283051460981369,0.5313453078269958,0.5993085503578186,0.4078987538814544,0.4977552890777588,0.6116511225700378,0.1346296966075897
M,False,0.6198607087135315,0.3525286316871643,-0.1596042811870575,0.5780974626541138,0.3875006437301636,0.1795049756765365,0.5602972507476807,0.3754826784133911,-0.4059191942214966,0.5146239399909973,0.4961000084877014,0.1840662658214569,0.4845007061958313,0.5039290189743042,-0.1840061992406845,0.6266242861747742,0.5461230874061584,0.253594309091568,0.6098665595054626,0.5571430325508118,-0.2030545324087143,0.5462225675582886,0.6117498278617859,0.4246937036514282,0.499906837940216,0.6234052777290344,0.0764591842889785
M,False,0.6841054558753967,0.3879457414150238,-0.1854755282402038,0.635150671005249,0.4200165271759033,0.121664859354496,0.6181579232215881,0.4084787368774414,-0.4051626324653625,0.5157564878463745,0.4969392716884613,0.1667255312204361,0.4842095971107483,0.5031610131263733,-0.1664456129074096,0.6386907696723938,0.5231420993804932,0.1937995105981826,0.6149266958236694,0.5296921730041504,-0.2564418911933899,0.6004665493965149,0.6001848578453064,0.3044770359992981,0.5644744038581848,0.6142028570175171,-0.1391942650079727
M,False,0.6479974985122681,0.3566980361938476,-0.2401973754167556,0.6151318550109863,0.4011682271957397,0.0829522162675857,0.5748821496963501,0.3807088732719421,-0.4064887166023254,0.5261849761009216,0.5012321472167969,0.1510019302368164,0.4727087318897247,0.5003652572631836,-0.1507187485694885,0.5954394936561584,0.5638236403465271,0.0946537181735038,0.5513435006141663,0.5694617629051208,-0.1965102404356002,0.5816330909729004,0.6514097452163696,0.2174048125743866,0.5390177369117737,0.6587349772453308,-0.0727799385786056
M,False,0.679536759853363,0.3952513337135315,-0.0961219146847724,0.6274860501289368,0.4045042991638183,0.1801964044570922,0.6152135133743286,0.3922831416130066,-0.3378320336341858,0.5107247233390808,0.497673749923706,0.1691780537366867,0.4882948100566864,0.5031174421310425,-0.1689778119325637,0.6322953104972839,0.5383967757225037,0.1768484860658645,0.6153125762939453,0.5404714941978455,-0.2199576646089553,0.6004080176353455,0.6167258620262146,0.2784366309642792,0.5762433409690857,0.628870964050293,-0.0944068729877471
M,False,0.6389525532722473,0.3549304604530334,-0.2420617491006851,0.6052772998809814,0.3975632190704345,0.0737560987472534,0.5612895488739014,0.3788632452487945,-0.3821370005607605,0.5268310308456421,0.4993310570716858,0.1418571770191192,0.4727585911750793,0.5018104910850525,-0.1415897160768509,0.6156834959983826,0.5516358613967896,0.0378435663878917,0.5784353017807007,0.5592234134674072,-0.3285588920116424,0.5953672528266907,0.6398769617080688,0.1494451314210891,0.5569878220558167,0.6487756967544556,-0.2750515341758728
M,False,0.6490041613578796,0.3703268468379974,-0.1625972688198089,0.5982849597930908,0.4036333560943603,0.1156089305877685,0.5904550552368164,0.39382004737854,-0.3864862620830536,0.5173600912094116,0.4955761730670929,0.156446635723114,0.4839067161083221,0.5049320459365845,-0.1562617868185043,0.6449654698371887,0.5286124348640442,0.1341718435287475,0.6032900810241699,0.5312138795852661,-0.2391786426305771,0.5923364162445068,0.603159487247467,0.216494619846344,0.5505260825157166,0.6184787750244141,-0.1070384532213211
M,False,0.6557162404060364,0.3657366633415222,-0.2171173393726349,0.6214194893836975,0.4015770256519317,0.085549421608448,0.5914068818092346,0.385458767414093,-0.4130370616912842,0.523017406463623,0.4971008598804474,0.1509378850460052,0.4769880771636963,0.5040563344955444,-0.1506610810756683,0.6385491490364075,0.5363768339157104,0.0720652043819427,0.6015335321426392,0.54463130235672,-0.2624912559986114,0.6005284786224365,0.6147392988204956,0.1592579931020736,0.5528992414474487,0.6301491856575012,-0.104493536055088
M,False,0.6127539873123169,0.3486800193786621,-0.1694445312023162,0.5907750725746155,0.3903526067733764,0.2039379477500915,0.544971764087677,0.3697882890701294,-0.3525028228759765,0.5232982039451599,0.4989938735961914,0.1689931005239486,0.4773987531661987,0.5025486350059509,-0.1688272953033447,0.6326085925102234,0.5498143434524536,0.1492914408445358,0.6031736731529236,0.5582613348960876,-0.2061243653297424,0.5287686586380005,0.6065121293067932,0.3186220824718475,0.4905548393726349,0.6145957708358765,0.074330523610115
M,False,0.6375818252563477,0.3608324229717254,-0.1528210788965225,0.6051692962646484,0.4008724689483642,0.1753277033567428,0.5678004026412964,0.3791108429431915,-0.3387061953544616,0.5230422019958496,0.498958557844162,0.1605279445648193,0.4763566553592682,0.501979649066925,-0.160350352525711,0.6311046481132507,0.5436943173408508,0.1398309469223022,0.6058119535446167,0.5514644384384155,-0.1957937330007553,0.5520606637001038,0.6125326752662659,0.2625779807567596,0.5122562646865845,0.6233822703361511,-0.0506739430129528
M,False,0.6088223457336426,0.3585548102855682,-0.1337332278490066,0.5727770328521729,0.3974322080612182,0.1847822964191436,0.5570645928382874,0.3811241388320923,-0.3584584295749664,0.5153524875640869,0.4968056678771972,0.1626578867435455,0.4842957258224487,0.5040323734283447,-0.1626724898815155,0.6534707546234131,0.5317235589027405,0.175704687833786,0.6311816573143005,0.5412173867225647,-0.2180734127759933,0.5451048016548157,0.583966851234436,0.3043007552623749,0.5019566416740417,0.5929078459739685,0.0956844538450241
M,False,0.6161628365516663,0.3340311050415039,-0.2473062425851822,0.5956556797027588,0.3822489082813263,0.1552793681621551,0.5448354482650757,0.3591229021549225,-0.3965441584587097,0.5260762572288513,0.5028315186500549,0.167462408542633,0.4750020802021026,0.4978071749210357,-0.1674902439117431,0.5877838134765625,0.5768643021583557,0.2202561944723129,0.5483660697937012,0.5803460478782654,-0.0801064595580101,0.5320592522621155,0.6571963429450989,0.4327471256256103,0.5008922219276428,0.6646184325218201,0.1158203482627868
M,False,0.6804400086402893,0.3682095110416412,-0.1899855583906173,0.6351363658905029,0.3996897637844085,0.1083092913031578,0.6115758419036865,0.3815995752811432,-0.4158478081226349,0.5232424736022949,0.4989916682243347,0.1593034416437149,0.4762019217014313,0.5017753839492798,-0.1589371562004089,0.6011062860488892,0.5594311952590942,0.1988867372274398,0.5682287812232971,0.5661242008209229,-0.0983945131301879,0.5826314091682434,0.6419892311096191,0.3841100931167602,0.5468924641609192,0.6557496786117554,0.0588923580944538
M,False,0.659079372882843,0.3522690832614898,-0.1848727464675903,0.6210618019104004,0.3922449350357055,0.1129834875464439,0.5801411867141724,0.3755567967891693,-0.3741691708564758,0.5263965129852295,0.4991635978221893,0.1542799323797226,0.4739037454128265,0.5021305084228516,-0.1539772152900695,0.6288574934005737,0.5537570714950562,0.0958881750702858,0.5914952754974365,0.5583868026733398,-0.2811829745769501,0.5903013348579407,0.6375482082366943,0.2225995361804962,0.5536115169525146,0.6484031677246094,-0.1485162079334259
M,False,0.6252425909042358,0.3321817219257355,-0.1547084152698516,0.605830729007721,0.3816027641296386,0.1626565009355545,0.5496081709861755,0.3607290685176849,-0.3243038654327392,0.5273680686950684,0.4999653398990631,0.1479310989379882,0.4711894392967224,0.5006369948387146,-0.1477152109146118,0.6059389114379883,0.5606735348701477,0.1586653590202331,0.5635706186294556,0.5707565546035767,-0.1178371086716651,0.5625896453857422,0.640475869178772,0.314760684967041,0.5242226719856262,0.6505862474441528,0.0552515611052513
M,False,0.661206066608429,0.3699180781841278,-0.185953751206398,0.6094770431518555,0.4005478322505951,0.0966619178652763,0.6008594036102295,0.3946168124675751,-0.4003227055072784,0.5160843729972839,0.4944801330566406,0.1592245697975158,0.4849176108837127,0.5063929557800293,-0.1591105014085769,0.6400883197784424,0.5283995866775513,0.2269346117973327,0.6222483515739441,0.5379372239112854,-0.1628201156854629,0.5740407109260559,0.5908563733100891,0.3836759328842163,0.5321398377418518,0.6096845269203186,0.0407503955066204
M,False,0.6605505347251892,0.3730292320251465,-0.1893684118986129,0.6245948076248169,0.4065472185611725,0.1087214574217796,0.5894080996513367,0.3919456899166107,-0.3749937117099762,0.5249254107475281,0.4977851510047912,0.145313560962677,0.4745901823043823,0.5032286643981934,-0.1450615376234054,0.6502073407173157,0.5252808332443237,0.0492279008030891,0.6043652892112732,0.5308988690376282,-0.3103513121604919,0.6052684783935547,0.6045087575912476,0.1247313991189003,0.5663001537322998,0.6201694011688232,-0.1778852641582489
M,True,0.3926226794719696,0.2678225934505462,-0.0335672982037067,0.4262838363647461,0.300627589225769,-0.1835983842611313,0.4366515278816223,0.3071922063827514,0.1262101978063583,0.500921368598938,0.5038722157478333,-0.1013905256986618,0.5006785988807678,0.4970654249191284,0.101381629705429,0.4302328824996948,0.6025912761688232,-0.0842398405075073,0.4363099336624145,0.5885704755783081,0.1117273494601249,0.4642987847328186,0.7517021298408508,0.0187614243477582,0.4657127261161804,0.7385166883468628,0.2208742499351501
M,True,0.3868498206138611,0.2909640669822693,-0.0494875386357307,0.4231261312961578,0.3229554295539856,-0.1919915378093719,0.4308589398860931,0.3279377222061157,0.1180482134222984,0.5011698603630066,0.504460334777832,-0.0985117852687835,0.5002620816230774,0.4967435598373413,0.0985260978341102,0.4172222316265106,0.5707160234451294,-0.0724703297019004,0.4245103299617767,0.5598084330558777,0.1305714398622512,0.4638213217258453,0.7075414061546326,0.0608643591403961,0.4650465548038482,0.6975457072257996,0.2617225050926208
M,True,0.4068347513675689,0.2385458499193191,-0.031104389578104,0.4374955594539642,0.2685219943523407,-0.1779244393110275,0.4419673681259155,0.29005828499794,0.1359936147928238,0.5025967359542847,0.5001193284988403,-0.099053144454956,0.4982195496559143,0.4984138011932373,0.0990095436573028,0.4642171859741211,0.65470290184021,-0.0664913281798362,0.4629364609718323,0.6409817337989807,0.1281394064426422,0.4811323881149292,0.8132328987121582,0.0060716494917869,0.4777500629425049,0.7961692214012146,0.214510291814804
M,True,0.3753282427787781,0.3328866958618164,-0.0006815941305831,0.411600112915039,0.3185447156429291,-0.1629514843225479,0.4118212163448334,0.3393062353134155,0.1625033468008041,0.502217710018158,0.5001690983772278,-0.1108992397785186,0.4988851845264435,0.4985466599464416,0.1108870953321456,0.4436679184436798,0.6257361769676208,-0.0934966281056404,0.4457443654537201,0.6161256432533264,0.1139610782265663,0.4612117707729339,0.7856665849685669,-0.0121496561914682,0.4614192545413971,0.7774189710617065,0.2090694457292556
M,True,0.3984657824039459,0.2822358906269073,-0.0326171964406967,0.4313773512840271,0.3154523074626922,-0.1744229942560196,0.4394819736480713,0.3256304264068603,0.1259960085153579,0.5009601712226868,0.5020064115524292,-0.0952947065234184,0.4994869828224182,0.4970030188560486,0.0952960103750228,0.421241819858551,0.5704399347305298,-0.0752450227737426,0.4252940714359283,0.5620937943458557,0.1014280840754509,0.4555846452713012,0.718141496181488,0.032683216035366,0.4562098383903503,0.704714834690094,0.214898332953453
M,True,0.3905830979347229,0.2603475153446197,-0.0482667088508605,0.422932893037796,0.3094927966594696,-0.1873699426651001,0.4274909496307373,0.3071829080581665,0.1132470071315765,0.501446008682251,0.5041674971580505,-0.0996312052011489,0.4995233416557312,0.4963282942771911,0.099665455520153,0.4152185916900635,0.5576836466789246,-0.0784889757633209,0.4207937121391296,0.5483345985412598,0.1204530745744705,0.4505250453948974,0.7156469821929932,0.0404396206140518,0.4519568085670471,0.7061307430267334,0.2411613464355468
M,True,0.4188511967658996,0.2246608138084411,-0.0202762726694345,0.4493078589439392,0.2691414058208465,-0.1685589700937271,0.4494403004646301,0.2920115292072296,0.1534210294485092,0.5035287141799927,0.5001881718635559,-0.1015703678131103,0.4980760812759399,0.4994114339351654,0.1015589609742164,0.4466998875141144,0.637762725353241,-0.0968535989522934,0.4461073279380798,0.6262837052345276,0.0962579995393753,0.4666557908058166,0.8049396872520447,-0.0306328386068344,0.46385258436203,0.7864610552787781,0.1809577792882919
M,True,0.4070253074169159,0.2372066974639892,-0.0280220005661249,0.4344006180763244,0.2801690995693207,-0.1758324056863784,0.4447836875915527,0.290264219045639,0.1386883556842804,0.5009158849716187,0.5023543238639832,-0.1017468944191932,0.4999237656593323,0.4967454373836517,0.101717472076416,0.4401842355728149,0.6262449622154236,-0.0894576013088226,0.4457359611988067,0.6153748631477356,0.1089002341032028,0.4687644839286804,0.7857897281646729,-0.0119796665385365,0.4674881100654602,0.768205463886261,0.2005191147327423
M,True,0.3895643353462219,0.2666938900947571,-0.0327869653701782,0.4189601838588714,0.3148015737533569,-0.1820547580718994,0.4292870163917541,0.3155392110347748,0.1424283236265182,0.5021927952766418,0.5022523403167725,-0.105912871658802,0.4990253448486328,0.4976621270179748,0.1059471666812896,0.431426078081131,0.6073254942893982,-0.0966792702674865,0.4349869191646576,0.5979703664779663,0.1048256456851959,0.4649619162082672,0.762299656867981,0.0003741958935279,0.4651274085044861,0.7500218152999878,0.2093797624111175
M,True,0.3984658718109131,0.2527239024639129,-0.033318817615509,0.4282617568969726,0.2961197793483734,-0.1870002150535583,0.4395796656608581,0.2972644567489624,0.135046899318695,0.5014405846595764,0.5042763352394104,-0.1056702360510826,0.4995002448558807,0.4969331920146942,0.1056612208485603,0.4306119680404663,0.6055737733840942,-0.1020824611186981,0.4368582963943481,0.5939580798149109,0.1117789074778556,0.4690092802047729,0.7592082619667053,-0.0096582565456628,0.4698023796081543,0.7441722750663757,0.2124950140714645
M,True,0.4057744443416595,0.2394869923591613,-0.0402528420090675,0.4386565685272217,0.2746843993663788,-0.1795448362827301,0.441791832447052,0.2918675243854522,0.1367871761322021,0.5028346180915833,0.5016037821769714,-0.0967271924018859,0.4982438385486603,0.498703271150589,0.0966887474060058,0.4674488306045532,0.6599512100219727,-0.0496251434087753,0.4653552174568176,0.6481419801712036,0.1356551200151443,0.4751874208450317,0.8232139348983765,0.0282846987247467,0.4723015129566192,0.8037468791007996,0.2244044691324234
M,True,0.4104766249656677,0.2296213209629058,-0.0439397506415843,0.443595290184021,0.2714562118053436,-0.1885370165109634,0.4447404146194458,0.2884269654750824,0.1331610828638076,0.5032976269721985,0.4991047084331512,-0.0994289591908454,0.4970989823341369,0.5016053318977356,0.0993936732411384,0.4614683985710144,0.6490874886512756,-0.0572718940675258,0.4596695899963379,0.6406806707382202,0.1411794573068618,0.4659392833709717,0.8119511604309082,0.0201987717300653,0.4640937447547912,0.8004475235939026,0.2265977263450622
M,True,0.3969431519508362,0.2635058164596557,-0.024135822430253,0.427926629781723,0.3067247569561004,-0.1658853888511657,0.435119479894638,0.3153808116912842,0.1394493877887725,0.4991310536861419,0.502247154712677,-0.0989326685667038,0.5009307861328125,0.4966952502727508,0.0989335253834724,0.4154564440250397,0.567101240158081,-0.096135526895523,0.4233207106590271,0.5604234337806702,0.1137269735336303,0.4593153297901153,0.7142302393913269,0.0237161591649055,0.4611182510852813,0.7062985301017761,0.2291421741247177
M,True,0.3976210653781891,0.2785567343235016,-0.0213068202137947,0.4286943972110748,0.3137902617454529,-0.1693262159824371,0.4445388317108154,0.3126486241817474,0.1283305287361145,0.4975502789020538,0.5050124526023865,-0.0956617668271064,0.5031166076660156,0.495703786611557,0.0956844538450241,0.4184297025203705,0.5788418650627136,-0.0807548612356185,0.4265487492084503,0.5674681663513184,0.1137057468295097,0.4649473130702972,0.7208544611930847,0.0277654845267534,0.4669104814529419,0.708075225353241,0.2233652174472808
M,True,0.4141044318675995,0.236731931567192,-0.0244784690439701,0.4503859579563141,0.2678966224193573,-0.1706185191869735,0.4512101709842682,0.2899567186832428,0.1530093401670456,0.5021752119064331,0.4991095960140228,-0.102552480995655,0.4983739256858825,0.4999237358570099,0.1025099456310272,0.4666526913642883,0.662550687789917,-0.080906718969345,0.4661904573440552,0.651867687702179,0.1226852387189865,0.4850797057151794,0.8269162774085999,-0.0147912055253982,0.4844990670681,0.8099781274795532,0.1948213428258896
M,True,0.394090324640274,0.2622480690479278,-0.0730750411748886,0.4276558756828308,0.3133525252342224,-0.2082075327634811,0.4364005327224731,0.3117687404155731,0.0979156717658042,0.5026397705078125,0.504828155040741,-0.0975895673036575,0.4974695146083832,0.4961147010326385,0.0976110473275184,0.429413229227066,0.5924375653266907,-0.0654437690973281,0.4333411157131195,0.5763591527938843,0.1402555704116821,0.4684422314167022,0.735762357711792,0.0587974563241004,0.4677254557609558,0.7161104083061218,0.2735146284103393
M,True,0.3918046057224273,0.2825554013252258,-0.0442335158586502,0.4235801100730896,0.3184436857700348,-0.192503347992897,0.4386361241340637,0.322185754776001,0.1147471368312835,0.4984227418899536,0.5026133060455322,-0.0986245796084404,0.5023407340049744,0.496073842048645,0.0986414924263954,0.4192125499248504,0.5734960436820984,-0.0340260900557041,0.4274963736534118,0.5621805787086487,0.1531731635332107,0.4551634192466736,0.7199241518974304,0.1113959029316902,0.4582397937774658,0.7066670060157776,0.2909857630729675
M,True,0.6066842675209045,0.2666688859462738,-0.0292339287698268,0.5691273212432861,0.3109672665596008,0.1405539065599441,0.5766356587409973,0.2992435693740845,-0.1946021318435669,0.5004726052284241,0.4968899488449096,0.1104147434234619,0.5008022785186768,0.5032638311386108,-0.1102738603949546,0.5704298615455627,0.5883623361587524,0.129797101020813,0.5743447542190552,0.5968692898750305,-0.1095689535140991,0.5415809154510498,0.7394930124282837,0.2064473032951355,0.5407543182373047,0.7545132040977478,-0.0253058411180973
M,True,0.6131706833839417,0.2854079604148865,-0.0282775983214378,0.5753558278083801,0.337617963552475,0.1480686217546463,0.579163134098053,0.3093274235725403,-0.1774603873491287,0.502255916595459,0.4983894824981689,0.1062244996428489,0.4987086951732635,0.5026187896728516,-0.1061522364616394,0.5799164772033691,0.5524188280105591,0.1502433568239212,0.584799587726593,0.5585554838180542,-0.0908489823341369,0.5412477850914001,0.6877932548522949,0.2464515119791031,0.5409741401672363,0.701450765132904,0.0266641266644001
M,True,0.5919770002365112,0.2347569316625595,-0.0543277561664581,0.5666520595550537,0.2962596118450165,0.1248177587985992,0.5581339001655579,0.2687124609947204,-0.2083406448364257,0.5049265623092651,0.4999890625476837,0.1026261374354362,0.4953585267066955,0.4996212124824524,-0.1023696959018707,0.5352888107299805,0.6398893594741821,0.1206543743610382,0.5350852608680725,0.6453970074653625,-0.0719260722398758,0.5231199860572815,0.7871360182762146,0.2119763195514679,0.5205463171005249,0.8062009215354919,-0.000983849982731
M,True,0.6236429810523987,0.3324019610881805,0.0163436736911535,0.5881257653236389,0.3436439335346222,0.1670622378587722,0.5950559377670288,0.3215366899967193,-0.1374704986810684,0.5013349652290344,0.4978508651256561,0.0987561643123626,0.5001137256622314,0.5019049048423767,-0.0985564887523651,0.5582753419876099,0.6134544014930725,0.101029522716999,0.5632487535476685,0.6209591627120972,-0.1018056273460388,0.5441077947616577,0.7701333165168762,0.1519884020090103,0.5452445149421692,0.7823539972305298,-0.0462216064333915
M,True,0.60215163230896,0.2837830483913421,-0.0065391240641474,0.5641965866088867,0.3314321637153625,0.1507232934236526,0.5716407299041748,0.3126335144042969,-0.1602476686239242,0.5004483461380005,0.4963110983371734,0.1018302962183952,0.5005003213882446,0.5036101341247559,-0.1017230600118637,0.5785237550735474,0.5588216185569763,0.1210229843854904,0.5832099914550781,0.5680500864982605,-0.1066562831401825,0.5466155409812927,0.7025299668312073,0.1804011762142181,0.5455101132392883,0.7152549028396606,-0.0207074359059333
M,True,0.611594557762146,0.2651084065437317,-0.0352938883006572,0.5807627439498901,0.3274798691272735,0.148514837026596,0.5751867294311523,0.30755415558815,-0.1846325248479843,0.5058478116989136,0.4962421059608459,0.1097171157598495,0.494559645652771,0.5026576519012451,-0.1095010489225387,0.585442841053009,0.5481623411178589,0.123442456126213,0.5838435888290405,0.554027259349823,-0.1346486508846283,0.5533163547515869,0.6968950033187866,0.1890852451324463,0.5498002767562866,0.7138298153877258,-0.0444379784166812
M,True,0.5831653475761414,0.2116332203149795,-0.036718226969242,0.5593889355659485,0.3054078817367553,0.152788296341896,0.5510128140449524,0.2699410319328308,-0.1891859173774719,0.5020729899406433,0.5010387301445007,0.1086805313825607,0.498667448759079,0.4987891316413879,-0.1084469109773635,0.5524200797080994,0.6257748007774353,0.1071645841002464,0.5571796894073486,0.6300996541976929,-0.119253821671009,0.5370011925697327,0.7868890166282654,0.1704770624637603,0.5368461012840271,0.8013138175010681,-0.0620117932558059
M,True,0.598121166229248,0.2370350658893585,-0.0249848905950784,0.5682138800621033,0.3024222254753113,0.1461478918790817,0.5649652481079102,0.2771699428558349,-0.1789800971746444,0.5029632449150085,0.4993109703063965,0.1053341105580329,0.4983597099781036,0.4998430013656616,-0.1050772070884704,0.559851348400116,0.6152585744857788,0.1073014438152313,0.5642005801200867,0.6196562647819519,-0.1216562166810035,0.5385532379150391,0.7715730667114258,0.1736913621425628,0.5388652086257935,0.7839460968971252,-0.0609866641461849
M,True,0.6131994128227234,0.268118292093277,-0.0157182477414608,0.5724261403083801,0.3274308741092682,0.1599146872758865,0.5853349566459656,0.3095889985561371,-0.1850471943616867,0.4984942078590393,0.4958272874355316,0.1152088269591331,0.5023275017738342,0.5038459897041321,-0.1149935126304626,0.5675408244132996,0.5904861092567444,0.1330862641334533,0.5753961801528931,0.6020258665084839,-0.1155153438448906,0.5386952757835388,0.7436399459838867,0.1999801397323608,0.5389810800552368,0.7582205533981323,-0.0414296016097068
M,True,0.6029139161109924,0.2509318590164184,-0.0161165948957204,0.5706536769866943,0.3084709644317627,0.1478083282709121,0.5731552839279175,0.2909055352210998,-0.1666237860918045,0.5013782382011414,0.4970657229423523,0.1036803275346756,0.4988616406917572,0.5018728375434875,-0.1034756228327751,0.5700207352638245,0.5918387174606323,0.116956815123558,0.5735141038894653,0.5990089774131775,-0.1092991158366203,0.5389665961265564,0.7450714111328125,0.1869316548109054,0.538374662399292,0.7592816948890686,-0.0374848693609237
M,True,0.5960078239440918,0.2376329600811004,-0.0392424128949642,0.5649476051330566,0.3053205907344818,0.1339958161115646,0.5602131485939026,0.2737727463245392,-0.2001294642686844,0.5036616325378418,0.4997873902320862,0.1044129580259323,0.4970416724681854,0.4991168975830078,-0.1042036116123199,0.5364819169044495,0.647053599357605,0.1316008865833282,0.5376536250114441,0.6530011892318726,-0.0620807856321334,0.5296608209609985,0.8039263486862183,0.2145936787128448,0.5289530754089355,0.8223851919174194,0.0059963362291455
M,True,0.5908361673355103,0.228740394115448,-0.0305388160049915,0.5609413981437683,0.298288494348526,0.1335048675537109,0.5568816661834717,0.2727634012699127,-0.1884959042072296,0.5031437277793884,0.501081109046936,0.100670501589775,0.4978396594524383,0.4976946711540222,-0.100394070148468,0.5433205962181091,0.6396845579147339,0.1124512329697609,0.5429487824440002,0.6437256336212158,-0.0788602903485298,0.5381107926368713,0.7922185659408569,0.1898683011531829,0.5366931557655334,0.8064401745796204,-0.0212688986212015
M,True,0.6034427881240845,0.2657989859580993,-0.0429053418338298,0.5684430003166199,0.3227855563163757,0.1375448107719421,0.5725487470626831,0.3070553243160248,-0.1923734098672866,0.5004106760025024,0.4935930967330932,0.1082783788442611,0.5011221766471863,0.5061131119728088,-0.1081512719392776,0.5795539617538452,0.562684953212738,0.1429212987422943,0.5823267102241516,0.5718163847923279,-0.106576956808567,0.5427250862121582,0.7052169442176819,0.2206334620714187,0.5417546629905701,0.7196971774101257,-0.0050860554911196
M,True,0.600207507610321,0.2792378664016723,-0.0307306442409753,0.5622161626815796,0.3256246447563171,0.139904111623764,0.5668447017669678,0.308420717716217,-0.190041571855545,0.5007309317588806,0.4954880774021148,0.1109395250678062,0.4994968175888061,0.5058169960975647,-0.110832929611206,0.574094831943512,0.571276843547821,0.1286835670471191,0.5785099267959595,0.5819034576416016,-0.1274114400148391,0.5366417169570923,0.7101768255233765,0.1875413209199905,0.53666752576828,0.7226925492286682,-0.0395963452756404
M,True,0.5806666016578674,0.2324931621551513,-0.049709964543581,0.5528305172920227,0.2865877449512481,0.1295806020498275,0.5463026762008667,0.266230046749115,-0.2094275504350662,0.503005862236023,0.4983654618263244,0.10779370367527,0.4971327185630798,0.501629114151001,-0.1077203527092933,0.5324852466583252,0.648566722869873,0.1551626324653625,0.5322027802467346,0.6577135920524597,-0.0565750487148761,0.5162857174873352,0.8013312220573425,0.2531785368919372,0.5135051608085632,0.818996012210846,0.0363922454416751
M,True,0.6091977953910828,0.2695376276969909,-0.0315068885684013,0.5682423114776611,0.330105721950531,0.1456965804100036,0.5778394937515259,0.3113069534301758,-0.1939027309417724,0.498754620552063,0.4973710775375366,0.1121192276477813,0.501541256904602,0.5035560131072998,-0.1119524985551834,0.5708627104759216,0.5829648971557617,0.1400621980428695,0.5777387619018555,0.5911146402359009,-0.1056136935949325,0.5353571772575378,0.7260834574699402,0.2190810143947601,0.5348007082939148,0.7390267252922058,-0.0134967593476176
M,True,0.6071420907974243,0.2806934416294098,-0.0291088204830884,0.5699368715286255,0.3287257552146911,0.1426119655370712,0.5762737989425659,0.3079745471477508,-0.1877838522195816,0.5015223026275635,0.4967645108699798,0.1086111441254615,0.5000830888748169,0.5042783617973328,-0.108524389564991,0.5759724378585815,0.5603157877922058,0.1412907242774963,0.5812071561813354,0.5680373311042786,-0.1051818802952766,0.5455389022827148,0.7028036713600159,0.2209965586662292,0.544902503490448,0.7185421586036682,-0.0004655361699406
M,True,0.41546431183815,0.1490507274866104,-0.0992925241589546,0.4590291678905487,0.2134256362915039,-0.2537364065647125,0.4546291530132293,0.2171487957239151,0.084126316010952,0.5086067914962769,0.5077486038208008,-0.10920350253582,0.4928993880748749,0.4908396899700165,0.1090893968939781,0.416751503944397,0.6429749131202698,-0.0843914225697517,0.4179201126098633,0.6135958433151245,0.1752096563577652,0.4895731508731842,0.7980226874351501,0.0628744065761566,0.4787960946559906,0.744238018989563,0.3446863293647766
M,True,0.4090388119220733,0.199603334069252,-0.0883893147110939,0.4426057040691376,0.261033296585083,-0.2205315977334976,0.4364488422870636,0.264916330575943,0.0726093277335167,0.5098328590393066,0.5100122690200806,-0.0986915230751037,0.4917913377285003,0.4901149272918701,0.0986702889204025,0.4151758849620819,0.6039042472839355,-0.0765726640820503,0.4104063212871551,0.577937126159668,0.1336891949176788,0.4594020545482635,0.7630518078804016,0.0661283731460571,0.4529828727245331,0.7325007319450378,0.2715619206428528
M,True,0.4023760557174682,0.1970779746770858,-0.0395977459847927,0.4354800581932068,0.2556532621383667,-0.1926381736993789,0.4344508647918701,0.2709868550300598,0.1385731697082519,0.505474865436554,0.5018036961555481,-0.105632409453392,0.4955052137374878,0.4971199035644531,0.1056462973356247,0.4411195516586303,0.6661219596862793,-0.0731318295001983,0.4344093799591064,0.6432206630706787,0.1237032413482666,0.4655681848526001,0.84136962890625,0.0228335559368133,0.4552523493766784,0.8154640197753906,0.2430804222822189
M,True,0.4546256065368652,0.1663808971643448,-0.0641084536910057,0.4896676242351532,0.2270448952913284,-0.229078322649002,0.4859089851379394,0.2311708182096481,0.1147722899913787,0.5068048238754272,0.5052310228347778,-0.1156090945005416,0.4940457642078399,0.4954587817192077,0.1154555529356002,0.4307195544242859,0.6371961236000061,-0.0812428295612335,0.4245858490467071,0.6089116930961609,0.1800848245620727,0.5087664723396301,0.748245120048523,0.0712245404720306,0.5003803372383118,0.705875039100647,0.3443559408187866
M,True,0.5900963544845581,0.1577291637659073,-0.0379658117890358,0.5519194602966309,0.2304639369249344,0.1402582079172134,0.5493641495704651,0.2172867953777313,-0.2097701430320739,0.5059043169021606,0.4909383654594421,0.1152416765689849,0.4954004287719726,0.5091646313667297,-0.1151655614376068,0.5806977152824402,0.6151302456855774,0.181292787194252,0.5856724381446838,0.6441347002983093,-0.0874243080615997,0.5256201028823853,0.7620205879211426,0.307547926902771,0.5160484313964844,0.8001311421394348,0.0427355282008647
M,True,0.5928078293800354,0.1989680677652359,-0.0595801621675491,0.5624212622642517,0.2847472727298736,0.1075307950377464,0.5618520379066467,0.2712091505527496,-0.2098954617977142,0.5082036852836609,0.4900095760822296,0.1049705743789672,0.4924792945384979,0.5093857645988464,-0.1047991141676902,0.5899178385734558,0.580368161201477,0.1225145831704139,0.5855678915977478,0.6082924008369446,-0.1172010004520416,0.5505542159080505,0.7388343811035156,0.1925086379051208,0.5429296493530273,0.7673344612121582,-0.0374406985938549
M,True,0.6021801233291626,0.1947457939386367,-0.0634258612990379,0.5683484673500061,0.2689831852912903,0.130250945687294,0.5669912099838257,0.2513898611068725,-0.2329370677471161,0.5047723054885864,0.4948676526546478,0.1203034743666648,0.4960682094097137,0.5050828456878662,-0.1201120913028717,0.5675248503684998,0.6307381987571716,0.1570835560560226,0.5640520453453064,0.6489096283912659,-0.1033695116639137,0.5463442802429199,0.8002512454986572,0.2571079134941101,0.5386939644813538,0.8316541910171509,-0.0121403243392705
M,True,0.5468440055847168,0.1703482419252395,-0.0418122522532939,0.5223742723464966,0.2481210082769394,0.1355530768632888,0.5086266994476318,0.2307108789682388,-0.2152152210474014,0.5076555013656616,0.4964739084243774,0.1133739873766899,0.4931748211383819,0.5038100481033325,-0.1133433803915977,0.57618248462677,0.6210794448852539,0.1772900819778442,0.5727027058601379,0.6436713933944702,-0.0812216028571128,0.5003005266189575,0.7213171124458313,0.2943399250507355,0.4954213201999664,0.7483981847763062,0.0670304894447326
U,False,0.5116342902183533,0.3172895014286041,-0.2665675282478332,0.5615665912628174,0.3628363311290741,-0.0916464030742645,0.4466273784637451,0.3590728342533111,-0.0921987891197204,0.5419545769691467,0.5008791089057922,-0.0021216527093201,0.459093689918518,0.5005516409873962,0.0019398281583562,0.5479688048362732,0.6010076403617859,-0.0232958197593688,0.447099357843399,0.60122150182724,-0.0079801743850111,0.5504522919654846,0.683749794960022,0.1215603649616241,0.440033882856369,0.684844434261322,0.1395851224660873
U,False,0.5126780271530151,0.330042690038681,-0.3114315867424011,0.564336895942688,0.3629074394702911,-0.1074192151427269,0.4522233009338379,0.3563770949840545,-0.1707817167043686,0.5426321029663086,0.5006626844406128,0.0159388817846775,0.4569087922573089,0.5004164576530457,-0.0161348860710859,0.5576303601264954,0.589817225933075,0.0692603066563606,0.4312274754047394,0.5886787176132202,0.0229628067463636,0.5632572174072266,0.6711926460266113,0.2103278785943985,0.4133297502994537,0.6688563227653503,0.1681020855903625
U,False,0.5090282559394836,0.3250306844711303,-0.3255424201488495,0.5600206255912781,0.3670931756496429,-0.1532261818647384,0.4497180879116058,0.3623934984207153,-0.1707899719476699,0.541795015335083,0.501041829586029,0.0067366948351264,0.4572405815124511,0.4993136525154114,-0.0069582182914018,0.5700110793113708,0.5901196599006653,0.0318049006164073,0.4232096374034881,0.5856705904006958,0.012740071862936,0.5991844534873962,0.6690762639045715,0.1841271519660949,0.4006096124649048,0.6652839183807373,0.1655453294515609
U,False,0.5139802098274231,0.3229709267616272,-0.3208422064781189,0.5596257448196411,0.3652706742286682,-0.1450422257184982,0.4502968192100525,0.3584235906600952,-0.1660350263118744,0.5421246290206909,0.5009596943855286,0.0024718197528272,0.4571460485458374,0.4992110133171081,-0.0027035833336412,0.5695189833641052,0.5911039113998413,0.0030887802131474,0.4224503636360168,0.5866801142692566,0.0287717301398515,0.5956725478172302,0.6683732867240906,0.1984183341264724,0.3990140259265899,0.663488507270813,0.2212640643119812
U,False,0.5166346430778503,0.328120619058609,-0.3292171955108642,0.5658189058303833,0.3658985495567322,-0.1527010649442672,0.4539164304733276,0.3618807196617126,-0.1479552239179611,0.5426422357559204,0.5010401606559753,-0.0026369672268629,0.4564220011234283,0.4996549487113952,0.002383901970461,0.5713134407997131,0.5845848917961121,0.0443633943796157,0.417994350194931,0.5786837339401245,0.0751391500234603,0.5981146097183228,0.6581283807754517,0.232913076877594,0.4022794663906097,0.6521193385124207,0.2746779322624206
U,False,0.5063141584396362,0.3264086246490478,-0.3404540121555328,0.5635907649993896,0.3647357821464538,-0.1545397937297821,0.4471246004104614,0.3611835241317749,-0.1830638796091079,0.542290210723877,0.5012257099151611,2.3818955014576204e-05,0.4566311240196228,0.4999487102031708,-0.000282087305095,0.5681210160255432,0.5904815793037415,0.033210277557373,0.4253787696361542,0.5865585803985596,0.065024510025978,0.5951712131500244,0.6698570251464844,0.2037994563579559,0.3996236622333526,0.666340708732605,0.2697456181049347
U,False,0.5133969783782959,0.3224494457244873,-0.3346807062625885,0.5662820339202881,0.3649802207946777,-0.1528863757848739,0.4531522989273071,0.3592588901519775,-0.168935626745224,0.5435876846313477,0.5015270709991455,0.0013695780653506,0.4574654102325439,0.4999516606330871,-0.0016423850320279,0.5742099285125732,0.5893535614013672,0.0427145808935165,0.4246042370796203,0.5856771469116211,0.0485546551644802,0.6042903661727905,0.6673681139945984,0.2255168259143829,0.4049927294254303,0.6640349626541138,0.2397897243499755
U,False,0.5046721696853638,0.3229728937149048,-0.3372093439102173,0.560926079750061,0.3639799952507019,-0.1716230660676956,0.4456118941307068,0.3582737743854522,-0.163601353764534,0.5436810851097107,0.5010452270507812,-0.0031486095394939,0.4564985632896423,0.4999294579029083,0.0028616155032068,0.5716388821601868,0.5907356142997742,0.0146967992186546,0.4223310947418213,0.58680659532547,0.054328117519617,0.5972772240638733,0.6684719920158386,0.2075577527284622,0.3963560163974762,0.6658173203468323,0.2707824409008026
U,False,0.5218952298164368,0.3289536833763122,-0.3242535889148712,0.5632331371307373,0.3698804676532745,-0.1225525438785553,0.4568847119808197,0.3631368279457092,-0.1862996965646743,0.5408626794815063,0.5011917948722839,0.0203527957201004,0.4595555365085602,0.4993014335632324,-0.0206329729408025,0.5371831655502319,0.5873978734016418,0.1069971472024917,0.4036398828029632,0.5836051106452942,-0.0195155311375856,0.5382428765296936,0.6687259078025818,0.2986522018909454,0.3429869711399078,0.663551390171051,0.1328933387994766
U,False,0.5172200202941895,0.3274164199829101,-0.2786829471588135,0.5611580610275269,0.3706246018409729,-0.099207617342472,0.4573844969272613,0.3605975210666656,-0.137155681848526,0.5406204462051392,0.5011164546012878,0.0018467342015355,0.4595015347003937,0.5004284977912903,-0.0020248638466,0.5404152274131775,0.5912829041481018,0.0166116394102573,0.4305436313152313,0.5917959809303284,0.0205989014357328,0.5399904251098633,0.6755027770996094,0.15315742790699,0.4044104218482971,0.6716030836105347,0.1666101962327957
U,False,0.512280285358429,0.3218598067760467,-0.2855356931686401,0.5564985871315002,0.3647492825984955,-0.086786925792694,0.4475094676017761,0.3591693043708801,-0.14024718105793,0.5416724681854248,0.4997499883174896,0.0144857699051499,0.4595107436180115,0.5010741949081421,-0.0147184403613209,0.5572769045829773,0.5887386798858643,0.0506799779832363,0.4435688853263855,0.5903560519218445,0.0226302053779363,0.5676526427268982,0.6694867014884949,0.1882526576519012,0.4340716600418091,0.6676960587501526,0.1794210821390152
U,False,0.5143505334854126,0.3266345560550689,-0.3148261308670044,0.5641221404075623,0.3681306540966034,-0.1415149420499801,0.4505734145641327,0.3627626299858093,-0.1538618206977844,0.5418517589569092,0.5010934472084045,0.0046869879588484,0.4576055109500885,0.4997633397579193,-0.0049619642086327,0.5536300539970398,0.5886430144309998,0.0545416437089443,0.4343015849590301,0.5870495438575745,0.0570720471441745,0.5555081367492676,0.6639912128448486,0.2617164552211761,0.4244734346866607,0.6626484394073486,0.2783331573009491
U,False,0.5013735890388489,0.3316394090652466,-0.2504313588142395,0.5602151155471802,0.3644339740276336,-0.0429338663816452,0.4396955966949463,0.3640649616718292,-0.0549075379967689,0.5419150590896606,0.5015409588813782,-0.0041088419966399,0.4593587815761566,0.4995445609092712,0.004033101722598,0.5541692972183228,0.5882891416549683,0.068948894739151,0.4412117600440979,0.5853897929191589,0.1245717257261276,0.564849853515625,0.6653762459754944,0.2389155924320221,0.4359949231147766,0.6600861549377441,0.3679671585559845
U,False,0.4939951300621032,0.3278727829456329,-0.2546795606613159,0.5579246878623962,0.3691588640213012,-0.0750926807522773,0.4336028695106506,0.3700655400753021,-0.0672575384378433,0.5421682000160217,0.5000954866409302,-0.0031443999614566,0.4576787054538727,0.500748872756958,0.0029870357830077,0.5576692819595337,0.5955812335014343,0.0104247946292161,0.4459627270698547,0.5946189761161804,0.022443238645792,0.5691686868667603,0.6774512529373169,0.1580866426229477,0.4350440204143524,0.6770146489143372,0.193337857723236
U,False,0.5111151933670044,0.3250901401042938,-0.3310767114162445,0.5640506744384766,0.367655873298645,-0.1192011535167694,0.4474115073680877,0.3638643026351928,-0.2007779330015182,0.5443869233131409,0.5002575516700745,0.0198820028454065,0.4566116034984588,0.5005190372467041,-0.0201252549886703,0.5669136047363281,0.5921395421028137,0.0532298944890499,0.4364899694919586,0.5880008339881897,0.0146160339936614,0.5789244174957275,0.6725429892539978,0.2072379142045974,0.4308193922042846,0.666780412197113,0.198247954249382
U,False,0.5079915523529053,0.3120334446430206,-0.335856169462204,0.5642385482788086,0.3571408092975616,-0.1333433985710144,0.4412819147109985,0.3548620641231537,-0.1935363709926605,0.5431869626045227,0.4998910427093506,0.0230550933629274,0.4562159478664398,0.5005373358726501,-0.0233061984181404,0.5604274868965149,0.5956066846847534,0.0870336666703224,0.4358544051647186,0.5962198376655579,0.0310708228498697,0.5764012932777405,0.6763076186180115,0.243777334690094,0.4258075654506683,0.6755049824714661,0.2250603288412094
U,False,0.5111339688301086,0.3123149275779724,-0.3336592614650726,0.5635294318199158,0.3565759062767029,-0.1093901321291923,0.4429145753383636,0.3550307750701904,-0.201939195394516,0.5431891083717346,0.5003538131713867,0.0288389082998037,0.4554156064987182,0.5007442235946655,-0.0291151348501443,0.5624643564224243,0.5945566892623901,0.0846373662352562,0.4330536425113678,0.5948681235313416,0.0189621113240718,0.5735259652137756,0.6761974096298218,0.2439731359481811,0.4235798120498657,0.6735457181930542,0.2081108540296554
U,False,0.5126544237136841,0.3215250372886657,-0.3363036215305328,0.5629290342330933,0.3655755817890167,-0.1517151296138763,0.4471313059329986,0.3632470369338989,-0.2030478715896606,0.5433264374732971,0.5003474950790405,0.0200294107198715,0.4563415348529815,0.4999355375766754,-0.0202829930931329,0.5668931007385254,0.5874893069267273,0.0772425681352615,0.4268408417701721,0.5847018361091614,-0.0182816702872514,0.5681079626083374,0.6621930003166199,0.2952887117862701,0.4214910268783569,0.6625284552574158,0.1639431267976761
U,False,0.5167471170425415,0.3129781186580658,-0.3143732845783233,0.5670856833457947,0.3578986227512359,-0.1400518864393234,0.4504860341548919,0.3549684584140777,-0.1643293648958206,0.541540801525116,0.5019745230674744,0.0107950093224644,0.4572013318538666,0.4995861351490021,-0.0110442359000444,0.5495733618736267,0.5962256789207458,0.0505386181175708,0.4474115073680877,0.5961769223213196,0.0330588109791278,0.54914391040802,0.6758174300193787,0.2049962729215622,0.4422950446605682,0.6750538349151611,0.2185322344303131
U,False,0.5100396871566772,0.3146597743034363,-0.3158501386642456,0.5682282447814941,0.3608854115009308,-0.1346544772386551,0.4460298717021942,0.3599626123905182,-0.1837559044361114,0.5441234707832336,0.5000790953636169,0.0147520527243614,0.4566979110240936,0.5005970001220703,-0.0149661963805556,0.5665016770362854,0.5930137634277344,0.0552086792886257,0.4442848861217499,0.595373272895813,0.0251755136996507,0.5824642777442932,0.6756193041801453,0.1915512681007385,0.4348672926425934,0.675667405128479,0.1941112577915191
U,False,0.5087774395942688,0.3132157027721405,-0.3265525996685028,0.5618049502372742,0.3585464060306549,-0.0939492210745811,0.4405043125152588,0.3569370210170746,-0.2095074504613876,0.5432705283164978,0.498951643705368,0.030872393399477,0.4562559127807617,0.501125156879425,-0.0311230756342411,0.5641129016876221,0.5919501781463623,0.0847178548574447,0.4371792078018188,0.5935396552085876,0.0421571470797061,0.5779801607131958,0.674735426902771,0.2301783412694931,0.4292435348033905,0.6739833950996399,0.2478102594614029
U,False,0.5046282410621643,0.3135373890399933,-0.306313693523407,0.5616135001182556,0.359957218170166,-0.0965654477477073,0.4430086314678192,0.3558062314987182,-0.1722839623689651,0.5443773865699768,0.4995312988758087,0.0211450885981321,0.4562726616859436,0.5006164312362671,-0.0214098542928695,0.5648159384727478,0.5952219367027283,0.0667871981859207,0.4382238388061523,0.5963667631149292,0.0127092413604259,0.5779697895050049,0.6767467856407166,0.2106190323829651,0.4305011928081512,0.6781961917877197,0.1756926625967025
U,False,0.4926863312721252,0.320575475692749,-0.3548599481582641,0.5504450798034668,0.3624241054058075,-0.1854488849639892,0.4319884181022644,0.3624850809574127,-0.1900576055049896,0.5437394976615906,0.4993463456630707,0.006388509646058,0.4551934599876404,0.5015042424201965,-0.0065962853841483,0.5712825655937195,0.5853113532066345,0.061372585594654,0.4357146620750427,0.583337128162384,0.0986852496862411,0.584909200668335,0.6603773236274719,0.2182790338993072,0.4360151290893554,0.659696638584137,0.3541370630264282
U,False,0.4873999655246734,0.3143528699874878,-0.3122871816158294,0.550912618637085,0.3573234975337982,-0.1512336134910583,0.430745929479599,0.3554089367389679,-0.1558785438537597,0.5434427857398987,0.4992306232452392,0.0036853321362286,0.4575481712818146,0.5017017126083374,-0.0038858011830598,0.5661053657531738,0.598093569278717,0.0444155484437942,0.4404416382312774,0.5992998480796814,0.0250812917947769,0.5809206962585449,0.6775689721107483,0.1898914873600006,0.432773619890213,0.6805917620658875,0.1885552406311035
U,False,0.4886046350002289,0.310211718082428,-0.341570496559143,0.5530315041542053,0.3537203371524811,-0.1661627292633056,0.4325487315654754,0.352328896522522,-0.1908013075590133,0.544917106628418,0.4990356266498565,0.0077119227498769,0.4557417333126068,0.5016378164291382,-0.007985726930201,0.5684685111045837,0.5907485485076904,0.0782975926995277,0.4441272914409637,0.5945935249328613,0.0652864053845405,0.585636556148529,0.6735633015632629,0.2437883913516998,0.4354974627494812,0.6758641004562378,0.2677735686302185
U,False,0.5143663883209229,0.318288505077362,-0.3212423622608185,0.5677047371864319,0.3594479560852051,-0.1441768705844879,0.4525436460971832,0.3532392084598541,-0.1557793468236923,0.5429840683937073,0.5016876459121704,0.0071138571947813,0.4560219943523407,0.4998233616352081,-0.0073070265352725,0.55964595079422,0.5931011438369751,0.0600508339703083,0.4273207485675812,0.5895934700965881,0.0040249633602797,0.5471843481063843,0.6731452345848083,0.2428535223007202,0.429102748632431,0.6763374209403992,0.1657411158084869
U,False,0.498890072107315,0.3158120512962341,-0.3362720906734466,0.5550156831741333,0.3570198714733124,-0.1454396843910217,0.438272088766098,0.3577379584312439,-0.1909076869487762,0.5438672304153442,0.4996599555015564,0.0118640940636396,0.4570226967334747,0.5007587671279907,-0.0121715106070041,0.5613318085670471,0.5924628376960754,0.0840700045228004,0.4375730156898498,0.594363272190094,0.0206713378429412,0.5759517550468445,0.6729874610900879,0.2789165675640106,0.4261082112789154,0.6737924814224243,0.2128590643405914
U,False,0.5092141032218933,0.3217939734458923,-0.3288353085517883,0.5671755075454712,0.3670891225337982,-0.1799468398094177,0.4531773328781128,0.3609697520732879,-0.1624176800251007,0.5424454808235168,0.5018751621246338,-0.0014417177299037,0.456897109746933,0.4996346831321716,0.0011386310216039,0.5590163469314575,0.5932718515396118,0.0551285147666931,0.4380152523517608,0.5911189913749695,0.0150401378050446,0.5699996948242188,0.6736090183258057,0.2237445563077926,0.4209720492362976,0.6738715767860413,0.1627907454967498
U,False,0.5001311898231506,0.3203655183315277,-0.3309488296508789,0.558924674987793,0.3638119399547577,-0.1733158826828003,0.4451677799224853,0.3611703813076019,-0.1698980331420898,0.5429080128669739,0.5013399720191956,0.0020596787799149,0.4583453238010406,0.4998669028282165,-0.0023697330616414,0.5656643509864807,0.5941877365112305,0.0367458239197731,0.4436486363410949,0.5925104022026062,0.0261741392314434,0.5811874270439148,0.674387514591217,0.178923025727272,0.4329125583171844,0.6742491126060486,0.1822959184646606
U,False,0.5046573877334595,0.3203553259372711,-0.3334809839725494,0.5573253631591797,0.3634800016880035,-0.1758792549371719,0.4458234310150146,0.3604487776756286,-0.1761481314897537,0.5429823398590088,0.5009995698928833,-0.0050191665068268,0.4578888416290283,0.5006625056266785,0.0047004758380353,0.5559718012809753,0.5937559604644775,0.0283477306365966,0.4442081749439239,0.5928272604942322,0.0495939590036869,0.5760217905044556,0.6751895546913147,0.1797800362110138,0.4324964582920074,0.6735777258872986,0.223954290151596
U,False,0.5124588012695312,0.322220891714096,-0.3301358819007873,0.5589432120323181,0.3661583364009857,-0.1559155881404876,0.4476409256458282,0.3581920564174652,-0.1834800243377685,0.541809618473053,0.500642716884613,0.0020871062297374,0.4568484425544739,0.4999759197235107,-0.0023169070482254,0.5598664283752441,0.5944209694862366,0.0119215240702033,0.4322979748249054,0.5914875864982605,0.0059335795231163,0.5635282397270203,0.6766284108161926,0.1701820343732834,0.4139403700828552,0.6779158711433411,0.1654880493879318
U,False,0.5042628049850464,0.3159126937389374,-0.3390941619873047,0.557083785533905,0.3635878264904022,-0.1702500879764557,0.4429125189781189,0.3588970601558685,-0.1875055134296417,0.5440312027931213,0.500085711479187,0.0026054088957607,0.4572923183441162,0.5006088614463806,-0.0028817022684961,0.5634930729866028,0.5935571193695068,0.0415251925587654,0.4354710280895233,0.5923129916191101,0.0230737347155809,0.574928879737854,0.6741302609443665,0.2083626687526703,0.4226979315280914,0.6767085194587708,0.1966853588819503
U,False,0.5031747221946716,0.3173948526382446,-0.3278321325778961,0.558958113193512,0.3600586354732513,-0.1433355659246444,0.4422692954540252,0.3560924828052521,-0.165147453546524,0.5431273579597473,0.5009775757789612,0.0089176362380385,0.4570654332637787,0.5005967020988464,-0.0091902241110801,0.5576587319374084,0.5941529273986816,0.0625250861048698,0.4380261301994324,0.5931165218353271,0.0409177988767623,0.5678249597549438,0.6733811497688293,0.2437901049852371,0.4214337766170501,0.6726486086845398,0.2400909215211868
U,False,0.5114107131958008,0.3169739544391632,-0.3230125606060028,0.5664486885070801,0.3618521392345428,-0.1425777524709701,0.4468419253826141,0.357636958360672,-0.1441443562507629,0.5428659319877625,0.5011287331581116,0.0019785650074481,0.4570504128932953,0.4991343319416046,-0.002230210462585,0.556566059589386,0.5923553705215454,0.0655040144920349,0.4388386607170105,0.5896727442741394,0.0633004903793335,0.567947506904602,0.669343113899231,0.2243658453226089,0.424776166677475,0.6686406135559082,0.2575152516365051
U,False,0.5085548758506775,0.3168087899684906,-0.3060778975486755,0.5679828524589539,0.366210788488388,-0.1274380981922149,0.4429670572280884,0.3620423078536987,-0.1339987814426422,0.5432788729667664,0.5002057552337646,0.0026983337011188,0.4557620882987976,0.5002751350402832,-0.0029691117815673,0.5632607340812683,0.5948288440704346,0.0186797827482223,0.4377861022949219,0.5955204963684082,0.0041817021556198,0.5759850740432739,0.6751598119735718,0.1613206416368484,0.4263480901718139,0.6774946451187134,0.1507029980421066
U,False,0.5185349583625793,0.3198809325695038,-0.3012239634990692,0.5682052373886108,0.3662340044975281,-0.1309718042612075,0.4500178098678589,0.3578130602836609,-0.1242904067039489,0.543104887008667,0.501804769039154,-0.0031740933191031,0.4575972855091095,0.4994406700134277,0.0029378079343587,0.5579550862312317,0.5971344113349915,0.0156717225909233,0.4379419386386871,0.594001054763794,0.0284283217042684,0.5666933059692383,0.677778422832489,0.1756769716739654,0.4249942898750305,0.6759740114212036,0.1919253468513488
U,False,0.5111982226371765,0.3232442736625671,-0.3261018097400665,0.5635252594947815,0.3661399483680725,-0.1396811604499817,0.4482316374778747,0.3581536412239074,-0.1559434533119201,0.5413004159927368,0.5015029907226562,-0.0007669773185625,0.4574622809886932,0.4986009001731872,0.0005377323832362,0.5533666014671326,0.5916606783866882,0.0363163463771343,0.4357293844223022,0.5865815877914429,0.0576643198728561,0.5638140439987183,0.6703372597694397,0.198810338973999,0.4196543395519256,0.6677212119102478,0.2678841650485992
U,False,0.5144177079200745,0.3245772421360016,-0.2914220988750458,0.5670645833015442,0.3696507513523102,-0.1132718026638031,0.4466332793235779,0.3599958717823028,-0.1171228289604187,0.5429472923278809,0.5015261173248291,-0.0005617526476271,0.4567152559757232,0.5000104904174805,0.0003660077636595,0.5588772296905518,0.596579909324646,0.0121198426932096,0.4329302310943603,0.5929744243621826,0.0114246485754847,0.5667014122009277,0.6791752576828003,0.1651691347360611,0.4150094091892242,0.6788129210472107,0.1625059098005294
U,False,0.5168103575706482,0.3223162591457367,-0.2971347868442535,0.5683398842811584,0.3697958290576935,-0.1110722422599792,0.4461946189403534,0.3596171736717224,-0.1243195161223411,0.5432136058807373,0.5013641715049744,0.0011040199315175,0.456147700548172,0.4999866783618927,-0.0012898066779598,0.5586017966270447,0.5980218648910522,0.0062797470018267,0.4360801577568054,0.5952926874160767,0.0030804143752902,0.5679367780685425,0.6808248162269592,0.1632402539253235,0.4172976016998291,0.68108731508255,0.1629394292831421
U,False,0.5156542658805847,0.3238448798656463,-0.288755714893341,0.568616509437561,0.3690039813518524,-0.1165031567215919,0.4530792534351349,0.3607038259506225,-0.1120847538113594,0.5429592132568359,0.50267094373703,-0.004621400963515,0.4582323729991913,0.4988968670368194,0.0043936623260378,0.5523152947425842,0.5947157740592957,0.0117271114140748,0.4374787211418152,0.5906752943992615,0.0307434555143117,0.5657224655151367,0.6736499071121216,0.1583016812801361,0.4210252165794372,0.6737090349197388,0.200748860836029
U,False,0.5080990195274353,0.3304932415485382,-0.333593487739563,0.5595666170120239,0.373365968465805,-0.1574234813451767,0.4465175569057464,0.3683220744132995,-0.1656281054019928,0.5414175987243652,0.5001953840255737,-0.0031506905797868,0.4587187469005584,0.5004971623420715,0.0029025699477642,0.5505246520042419,0.583933413028717,0.0611634477972984,0.4367058873176574,0.5814786553382874,0.0919062048196792,0.5638149380683899,0.6576251983642578,0.2418009489774704,0.427059143781662,0.6562123894691467,0.3362388610839844
U,False,0.5050473213195801,0.3177122771739959,-0.3152252435684204,0.5589951872825623,0.3619175851345062,-0.1288053095340728,0.4444871246814728,0.3562004268169403,-0.1472347229719162,0.5423495769500732,0.500878632068634,0.0048074759542942,0.4565189778804779,0.5000670552253723,-0.0050914660096168,0.5603753924369812,0.5930334329605103,0.0330053940415382,0.4327313899993896,0.5926686525344849,0.0242459140717983,0.5710856318473816,0.676073431968689,0.2079927325248718,0.4203550219535827,0.6764962673187256,0.214086502790451
U,False,0.5019978880882263,0.3165472149848938,-0.3086273968219757,0.5547917485237122,0.3633511960506439,-0.1260072588920593,0.4440706968307495,0.3548204600811004,-0.1372119188308715,0.5439845323562622,0.4999260902404785,-0.0026298752054572,0.4573408663272857,0.5000863075256348,0.0023656571283936,0.5689818859100342,0.5920935273170471,0.0266675911843776,0.4472455978393554,0.592603325843811,0.0661407560110092,0.5879942774772644,0.6736472845077515,0.1711331605911255,0.4492357969284057,0.6753108501434326,0.2607433497905731
U,False,0.5059734582901001,0.3228015005588531,-0.2844710350036621,0.5585346221923828,0.3668689429759979,-0.0949042439460754,0.440317153930664,0.3636557757854461,-0.1151038408279419,0.539779007434845,0.5003234148025513,0.0074086505919694,0.4609007239341736,0.5006052255630493,-0.007659766357392,0.5364270806312561,0.5970863699913025,-0.0437720604240894,0.467628538608551,0.5949575304985046,-0.0244375150650739,0.5206137895584106,0.680298388004303,0.1714629232883453,0.4803083539009094,0.6799734234809875,0.1870138645172119
U,False,0.5014087557792664,0.3284442126750946,-0.2908227145671844,0.5553168058395386,0.3693889081478119,-0.0971548110246658,0.4425418078899383,0.3661527335643768,-0.1236028522253036,0.5386148691177368,0.5007012486457825,0.0070962416939437,0.4608217179775238,0.5004147291183472,-0.0073099844157695,0.5285630226135254,0.5928084254264832,-0.0205655135214328,0.463552325963974,0.5919300317764282,0.0239188689738512,0.5145218968391418,0.6699721217155457,0.19192735850811,0.4726617038249969,0.6700700521469116,0.2696974575519562
U,False,0.4969779253005981,0.321132481098175,-0.3164733648300171,0.5551549196243286,0.3650343418121338,-0.1500893980264663,0.440141350030899,0.359377771615982,-0.1473748236894607,0.5396124124526978,0.5004642009735107,-0.0080408509820699,0.4594743847846985,0.5008549690246582,0.0077321580611169,0.5303609371185303,0.5890795588493347,0.000922372797504,0.4638934731483459,0.5894331932067871,0.092308409512043,0.5250726342201233,0.6727538704872131,0.2039078623056411,0.4734867215156555,0.6713709831237793,0.3555412888526916
U,False,0.5004859566688538,0.3215622305870056,-0.2588111162185669,0.5607424974441528,0.3633672595024109,-0.0980136543512344,0.4439463019371032,0.3602109849452972,-0.092324785888195,0.5403200387954712,0.5013720393180847,-0.0049764709547162,0.4593290686607361,0.4998130798339844,0.0047007412649691,0.5330249667167664,0.5929784774780273,-0.0242211371660232,0.4620456397533417,0.5913527011871338,0.0183493476361036,0.5213465690612793,0.6798678040504456,0.1778126507997512,0.4686693847179413,0.6785573959350586,0.2279857248067855
U,False,0.5185118317604065,0.3250088989734649,-0.250221312046051,0.5670252442359924,0.3683561682701111,-0.0700642839074134,0.4546591937541961,0.3611695468425751,-0.0989189520478248,0.5392786264419556,0.5015305280685425,0.0059012095443904,0.461845189332962,0.4987071454524994,-0.006126367021352,0.5245553255081177,0.5965924859046936,-0.0312532074749469,0.4565192759037018,0.5928826332092285,-0.007158663123846,0.5032491087913513,0.679953396320343,0.1516856551170349,0.4569084346294403,0.6771742105484009,0.1915385872125625
U,False,0.5022221803665161,0.3303125202655792,-0.2293129414319992,0.5591276288032532,0.3692475259304046,-0.0571442954242229,0.4416995644569397,0.3652168214321136,-0.0633278340101242,0.5383697152137756,0.5008212924003601,0.0017535231309011,0.4613480269908905,0.5002744197845459,-0.0019907660316675,0.5361858010292053,0.5953819155693054,-0.0463704541325569,0.4632565677165985,0.5943081378936768,-0.0106000024825334,0.5244923830032349,0.680240273475647,0.1729494780302047,0.4680851995944977,0.679616391658783,0.1853239834308624
U,False,0.5011479258537292,0.3321016132831573,-0.2478382289409637,0.5638270974159241,0.3696915507316589,-0.1074001640081405,0.4468499720096588,0.3671236336231231,-0.0562947802245616,0.5392492413520813,0.5015765428543091,-0.012923976406455,0.4593115150928497,0.4989656805992126,0.012634178623557,0.5367124676704407,0.5951087474822998,-0.0589914545416832,0.4614652991294861,0.5921134352684021,-0.0034746739547699,0.5254953503608704,0.679180383682251,0.1407535225152969,0.4679454863071441,0.6778847575187683,0.1797239035367965
U,False,0.5032730102539062,0.3230327367782593,-0.3086306750774383,0.5628992319107056,0.3648167252540588,-0.129576176404953,0.4419768452644348,0.36294886469841,-0.1155155748128891,0.5418306589126587,0.5010855793952942,-0.015499903820455,0.4582987427711487,0.4997247457504272,0.0152400564402341,0.5403900146484375,0.5942839980125427,-0.0127470204606652,0.4434400200843811,0.592108428478241,0.0887719318270683,0.5381085872650146,0.6788899898529053,0.1435136049985885,0.4333157539367676,0.6735134124755859,0.3059889674186706
U,False,0.5335251092910767,0.3220102488994598,-0.3219703733921051,0.5856761336326599,0.3664974868297577,-0.14967080950737,0.4654716253280639,0.3592691421508789,-0.1479781121015548,0.5416507124900818,0.5043273568153381,0.0050776721909642,0.4571706652641296,0.4973284006118774,-0.0053370743989944,0.5495546460151672,0.5981439352035522,0.0459711253643035,0.4257125854492187,0.5885982513427734,0.0580308176577091,0.5531034469604492,0.6793122291564941,0.1832271963357925,0.4059183001518249,0.6661206483840942,0.2402689903974533
U,False,0.5137266516685486,0.3161014914512634,-0.2761597335338592,0.5697856545448303,0.362758070230484,-0.0861503109335899,0.450513482093811,0.3595035672187805,-0.1356377303600311,0.543767511844635,0.5002172589302063,0.0090294452384114,0.4563060998916626,0.499883234500885,-0.0093227950856089,0.5489038228988647,0.5977750420570374,-0.0030904258601367,0.4449394643306732,0.5965232849121094,-0.0084165632724761,0.5511243939399719,0.6793684959411621,0.1490084528923034,0.4348500072956085,0.678789496421814,0.1423838287591934
U,False,0.5161362886428833,0.3229928612709045,-0.2847005724906921,0.5711045265197754,0.3615005314350128,-0.0978867039084434,0.454025387763977,0.3592179715633392,-0.1198317036032676,0.5431959629058838,0.502148449420929,0.0074358712881803,0.4569072127342224,0.4990377724170685,-0.0076408144086599,0.5501906275749207,0.595281183719635,0.0628355965018272,0.4228721857070923,0.5902360081672668,0.0429049953818321,0.5508589744567871,0.675584077835083,0.1908941864967346,0.400690495967865,0.6696483492851257,0.2006178051233291
U,False,0.503817081451416,0.3228107392787933,-0.3538534045219421,0.5622533559799194,0.3632816672325134,-0.189707800745964,0.4451786875724792,0.3609017729759216,-0.1503015309572219,0.5430426001548767,0.5006963014602661,-0.0079254284501075,0.4556089043617248,0.5005307793617249,0.0075290971435606,0.5680837631225586,0.5948062539100647,0.0416178666055202,0.4217352867126465,0.5912401080131531,0.0380081981420517,0.5921810269355774,0.6727198362350464,0.2125072181224823,0.3869736194610595,0.6717319488525391,0.2094462811946869
U,False,0.5034577250480652,0.3195257782936096,-0.3549956977367401,0.5677856206893921,0.3605654537677765,-0.1775763779878616,0.4439413547515869,0.3582099676132202,-0.1505883783102035,0.5434730648994446,0.5010089874267578,-0.0117699289694428,0.4561003744602203,0.499717503786087,0.0114097343757748,0.5802057385444641,0.5924317836761475,0.0173186957836151,0.4354430437088012,0.5925078392028809,0.0941663682460784,0.6270745992660522,0.6703948378562927,0.1759772896766662,0.4203390777111053,0.6720718145370483,0.3069314360618591
U,False,0.5080174207687378,0.3250997066497803,-0.3254972100257873,0.5652813911437988,0.3643811047077179,-0.1532351225614547,0.4496812522411346,0.3605536222457886,-0.1446548402309417,0.5438849925994873,0.5014677047729492,-0.0067369565367698,0.4574719369411468,0.4994263052940368,0.0063921711407601,0.5720040202140808,0.5942347645759583,0.0209599193185567,0.4288990795612335,0.5912581086158752,0.066042348742485,0.6076964735984802,0.6727215647697449,0.1574250310659408,0.402303010225296,0.6717715263366699,0.2354151755571365
U,False,0.5160111784934998,0.3260834515094757,-0.3167655169963836,0.5669276714324951,0.3678894937038421,-0.1298623234033584,0.4516675770282745,0.359552800655365,-0.140006810426712,0.5424279570579529,0.5015071630477905,-0.0068292464129626,0.4579642117023468,0.4991428554058075,0.0065332138910889,0.5657697319984436,0.5939666032791138,0.0003945101634599,0.4235012531280517,0.5889360904693604,0.077646218240261,0.6020321249961853,0.6736261248588562,0.1569241881370544,0.3969456851482391,0.6687589287757874,0.2802462577819824
U,False,0.5052156448364258,0.3248186409473419,-0.3096082806587219,0.5550675988197327,0.3651845455169678,-0.112818107008934,0.4419083893299103,0.3611296415328979,-0.1323292553424835,0.5417803525924683,0.5009878873825073,-0.0022623988334089,0.4577595889568329,0.5003564357757568,0.0019956182222813,0.5718728303909302,0.5912816524505615,0.0200767256319522,0.4276874959468841,0.5910323858261108,0.0720894709229469,0.6077401638031006,0.6703116297721863,0.1656502187252044,0.4097836315631866,0.6688087582588196,0.2632845044136047
U,False,0.5099775791168213,0.3255342841148376,-0.3098918795585632,0.5668624639511108,0.3646493554115295,-0.1331700831651687,0.4514834284782409,0.3616643846035003,-0.1120324805378913,0.5421084761619568,0.5018361806869507,-0.0123010221868753,0.4571032524108886,0.4994391798973083,0.0120259616523981,0.5733152627944946,0.5919259190559387,0.0156812779605388,0.4281633794307709,0.5893294215202332,0.0881708189845085,0.6073864102363586,0.6677505970001221,0.2055293768644333,0.4096810817718506,0.6667267084121704,0.3048571646213531
U,False,0.5203962922096252,0.3176512718200683,-0.3267767131328583,0.5689982175827026,0.3616762161254883,-0.1153031885623931,0.448794275522232,0.3555339574813843,-0.1930400431156158,0.544235110282898,0.5011011958122253,0.0182197727262973,0.4556779563426971,0.500342071056366,-0.0185136832296848,0.5627838969230652,0.5951358675956726,0.0475316978991031,0.4424420297145843,0.5932785868644714,0.0422910787165164,0.5762641429901123,0.6742701530456543,0.2204993516206741,0.4312048256397247,0.6732720136642456,0.2590032517910003
U,False,0.5004428625106812,0.3257284462451935,-0.346057116985321,0.5624786019325256,0.3673147857189178,-0.2025700360536575,0.4514969289302826,0.3625634908676147,-0.1559660136699676,0.541554868221283,0.5014253258705139,-0.0176525227725505,0.4573725461959839,0.5000565052032471,0.0173369403928518,0.567604660987854,0.592412531375885,-0.0084783351048827,0.4253964424133301,0.587590754032135,0.0666766464710235,0.5980719923973083,0.6729493737220764,0.1347301304340362,0.4002227783203125,0.6685174107551575,0.2505852878093719
U,False,0.5125031471252441,0.3217939734458923,-0.3385661542415619,0.5641548037528992,0.3664650321006775,-0.1646898090839386,0.4487945735454559,0.3616995215415954,-0.1667796522378921,0.5436785817146301,0.5007739663124084,-0.0024835905060172,0.4575499594211578,0.4992825388908386,0.0021896737162023,0.5703569650650024,0.5906894207000732,0.0245623178780078,0.4240495860576629,0.5862254500389099,0.0649547949433326,0.6003227233886719,0.6685170531272888,0.1960098594427108,0.4031627178192138,0.6634550094604492,0.2721733450889587
U,False,0.5033349990844727,0.3275497555732727,-0.3243518471717834,0.5632948279380798,0.3635619878768921,-0.1496669799089431,0.4479241371154785,0.3639103174209595,-0.1396699994802475,0.5433083772659302,0.5018478035926819,-0.0018422078574076,0.4580822885036468,0.4995492100715637,0.0016263138968497,0.5668312907218933,0.5896437168121338,0.0401095375418663,0.4197940826416015,0.5845209360122681,0.0480497814714908,0.590095043182373,0.6672021746635437,0.2031394839286804,0.3939533829689026,0.6632460951805115,0.2123904526233673
U,False,0.5035321712493896,0.3296370506286621,-0.335494190454483,0.5578504204750061,0.3657103478908539,-0.145874485373497,0.4421620070934295,0.367244005203247,-0.1618108004331588,0.5428629517555237,0.5010409355163574,-0.0030182707123458,0.4574929773807525,0.5004822611808777,0.0027680948842316,0.5738269686698914,0.5887764692306519,0.0274635087698698,0.4251534938812256,0.5811983346939087,0.0428222566843032,0.5999594330787659,0.6646131277084351,0.1799755543470382,0.4078511893749237,0.6608467102050781,0.2081697136163711
U,False,0.4899746775627136,0.3147636353969574,-0.3037365674972534,0.5523486733436584,0.3579770028591156,-0.1357619613409042,0.4357874989509582,0.3578388690948486,-0.1054244861006736,0.5407751202583313,0.4998897910118103,-0.006529829930514,0.4577531814575195,0.5001701712608337,0.0062726931646466,0.5514368414878845,0.5990299582481384,-0.0020498395897448,0.4493362009525299,0.5976449847221375,0.0178148262202739,0.5578941702842712,0.6816554069519043,0.166289284825325,0.4469754099845886,0.6836850643157959,0.1946118772029876
U,False,0.4823732674121856,0.3300047814846039,-0.3399601876735687,0.5483397841453552,0.3596352040767669,-0.1810325384140014,0.4335933625698089,0.3583157360553741,-0.1500788778066635,0.5428824424743652,0.5004259347915649,-0.0081282649189233,0.4574728012084961,0.5010305047035217,0.0078632505610585,0.567303478717804,0.5892000794410706,0.0324876271188259,0.4396445453166961,0.5921706557273865,0.0468298196792602,0.5829567313194275,0.6672939658164978,0.1882598102092743,0.4323857426643371,0.67289799451828,0.2126156687736511
U,False,0.4906476438045501,0.3246996402740478,-0.3561084866523742,0.545847475528717,0.3681246638298034,-0.1953543275594711,0.4316907525062561,0.3630837500095367,-0.1699679642915725,0.5420223474502563,0.4986938536167145,-0.0066449358128011,0.4583786725997925,0.5018441677093506,0.0062943594530224,0.5720471143722534,0.5845518112182617,-0.0129799069836735,0.4286194443702698,0.58968186378479,0.056730568408966,0.5993268489837646,0.6653422713279724,0.1318629384040832,0.4016554057598114,0.6691264510154724,0.2644661664962768
U,False,0.4868446588516235,0.3260367512702942,-0.3465415239334106,0.5489490032196045,0.364120602607727,-0.2025443017482757,0.4359912574291229,0.3617328405380249,-0.1408659517765045,0.5419273376464844,0.4987897872924804,-0.0190620645880699,0.4578816294670105,0.5015690326690674,0.0187061429023742,0.571852445602417,0.5844942927360535,-0.0069565079174935,0.4301103949546814,0.5893694162368774,0.0726002752780914,0.5999947786331177,0.6643090844154358,0.1428170353174209,0.405553936958313,0.6675798892974854,0.2682675123214721
U,False,0.4814671576023102,0.3295094966888428,-0.3576096892356872,0.5408474802970886,0.3690931797027588,-0.1885706633329391,0.4315343499183655,0.3648808002471924,-0.1743631809949875,0.5421865582466125,0.4986299872398376,-0.006029974669218,0.4570688307285309,0.5029900074005127,0.0056991185992956,0.5756352543830872,0.5778242945671082,0.0549629665911197,0.4278703927993774,0.5855998992919922,0.0712962299585342,0.5957284569740295,0.6535159945487976,0.23630391061306,0.4003396332263946,0.6620097756385803,0.2721911668777466
U,False,0.490424782037735,0.3246604204177856,-0.3497015237808227,0.5494475364685059,0.3646025657653808,-0.1915344893932342,0.4311401844024658,0.3618388772010803,-0.165990799665451,0.5425127148628235,0.4992861747741699,-0.0137848015874624,0.4565657377243042,0.5017818212509155,0.0134483659639954,0.5723792910575867,0.5838738679885864,0.0365276113152504,0.431454062461853,0.5882750749588013,0.0924554839730262,0.6010412573814392,0.6646000146865845,0.2143888175487518,0.4055954813957214,0.6682881116867065,0.3064329326152801
U,False,0.4831659495830536,0.3215422630310058,-0.3647088706493377,0.5434492826461792,0.3642297387123108,-0.1849216073751449,0.427556037902832,0.35952889919281,-0.1853445321321487,0.5425780415534973,0.498450368642807,-0.0028463753405958,0.456224113702774,0.5018052458763123,0.002477832371369,0.5709666609764099,0.5847540497779846,0.0453203134238719,0.4253042042255401,0.5873780846595764,0.0563624575734138,0.5962570905685425,0.6639575958251953,0.2315429300069809,0.395855963230133,0.6676554083824158,0.2646988034248352
U,False,0.4931837320327759,0.3229393362998962,-0.3487116396427154,0.5459683537483215,0.3630170822143554,-0.1821148991584777,0.432145208120346,0.3579289019107818,-0.1643795073032379,0.5438784956932068,0.4990711808204651,-0.01156138908118,0.4571516513824463,0.501777172088623,0.0112190628424286,0.5735984444618225,0.5850310921669006,0.0183368641883134,0.4286238849163055,0.5886051654815674,0.0781207829713821,0.6060896515846252,0.6659232974052429,0.185825303196907,0.4044950604438782,0.6670222282409668,0.2880865633487701
U,False,0.475571870803833,0.3239611983299255,-0.3494386970996856,0.5385977625846863,0.3646994233131408,-0.2316954880952835,0.43048757314682,0.3615257441997528,-0.1184180825948715,0.5421745777130127,0.4982980787754059,-0.0351037681102752,0.4576638638973236,0.5019544363021851,0.0346944145858287,0.5933905243873596,0.5806465744972229,-0.052876029163599,0.4580254554748535,0.5888029932975769,0.1346635967493057,0.6527315378189087,0.6602540612220764,0.0602704919874668,0.4547719955444336,0.6654163599014282,0.3579172790050506
U,False,0.4753604233264923,0.3280653953552246,-0.2918062806129455,0.5434936285018921,0.3655731379985809,-0.1587463170289993,0.4333241283893585,0.365304559469223,-0.0846872478723526,0.5416678786277771,0.5002338886260986,-0.0267950743436813,0.4596369564533233,0.5012902021408081,0.0264930687844753,0.5691052079200745,0.5884575247764587,-0.0121462661772966,0.4595813155174255,0.5934107899665833,0.0638647899031639,0.5954769253730774,0.6711291074752808,0.1316046267747879,0.4608914852142334,0.6761953830718994,0.2420915216207504
U,False,0.4922545254230499,0.326693445444107,-0.3030884563922882,0.5524213314056396,0.3657735288143158,-0.1448244601488113,0.4402931928634643,0.3618547916412353,-0.1092667952179908,0.5414694547653198,0.5012094378471375,-0.009084309451282,0.4597125053405761,0.4996106028556824,0.0088401036337018,0.5575007200241089,0.5882840156555176,0.0330957844853401,0.4449760317802429,0.5919308662414551,0.0388611443340778,0.564902663230896,0.6669632196426392,0.2047162353992462,0.4341547191143036,0.6728024482727051,0.2092336863279342
U,False,0.4858312606811523,0.3263290822505951,-0.3105962872505188,0.5434736609458923,0.3672256171703338,-0.1424945443868637,0.4327404201030731,0.362245500087738,-0.1260750591754913,0.5427440404891968,0.5002511739730835,-0.0018512863898649,0.4585579037666321,0.5003573894500732,0.001596667105332,0.5662235021591187,0.5868083238601685,0.0422814115881919,0.4439653754234314,0.5908469557762146,0.0403323955833911,0.5730399489402771,0.663730263710022,0.2077092081308365,0.4400092959403991,0.6673875451087952,0.2196208983659744
U,False,0.4917944669723511,0.3322080969810486,-0.2450122535228729,0.5522662997245789,0.368032842874527,-0.0668303519487381,0.4384393990039825,0.3625075221061706,-0.0493761971592903,0.5407519340515137,0.4997153580188751,-0.008145859465003,0.4581338465213775,0.500705897808075,0.0080569069832563,0.5575412511825562,0.5828938484191895,0.0272796582430601,0.4453337490558624,0.5868566036224365,0.0447876900434494,0.5590758323669434,0.657646656036377,0.1872445493936538,0.4306651949882507,0.6670343279838562,0.2037837654352188
U,False,0.4996892511844635,0.3295527994632721,-0.240127682685852,0.5538865327835083,0.3733613193035126,-0.0488028973340988,0.4361694753170013,0.3664296567440033,-0.0554495677351951,0.5404130816459656,0.5003713369369507,-0.0070900120772421,0.4593733549118042,0.5004844069480896,0.0069995815865695,0.5481919646263123,0.5934855341911316,-0.00278877094388,0.4391593635082245,0.5944266319274902,0.0212231464684009,0.5567018389701843,0.6750552654266357,0.1606395095586776,0.427669495344162,0.6779924035072327,0.1790057122707367
U,False,0.4876685440540313,0.3273925185203552,-0.3288962543010711,0.5501296520233154,0.3668025135993957,-0.1913666278123855,0.4374098479747772,0.3646910190582275,-0.1335293352603912,0.5439700484275818,0.5002416968345642,-0.0091924145817756,0.4549172222614288,0.5007596611976624,0.0088837835937738,0.5610960125923157,0.5850390791893005,0.0803602859377861,0.4358270466327667,0.5908536911010742,0.0323621518909931,0.5680782794952393,0.6627193093299866,0.2608230412006378,0.4244236350059509,0.6717371940612793,0.1960569322109222
U,False,0.4876811504364013,0.3100911378860473,-0.3612506687641144,0.5505469441413879,0.3551962375640869,-0.2145160883665084,0.4305493831634521,0.3526404798030853,-0.1590019911527633,0.5430384278297424,0.5005158185958862,-0.0055340020917356,0.4556396901607513,0.5008249282836914,0.0051466156728565,0.5607026219367981,0.5940107703208923,0.0694435238838195,0.4341844320297241,0.5965203642845154,0.0439095795154571,0.5687409043312073,0.6747109889984131,0.276413232088089,0.417454719543457,0.678255021572113,0.2388917207717895
U,False,0.4935798645019531,0.3133652806282043,-0.3549148440361023,0.5529190897941589,0.3568204641342163,-0.189588189125061,0.4319303035736084,0.3534404635429382,-0.1791800707578659,0.5449917316436768,0.5001485347747803,4.287297542759916e-06,0.4556897580623626,0.5014764070510864,-0.0003688791475724,0.5634156465530396,0.5920196771621704,0.0465562902390956,0.4359522461891174,0.5953397154808044,0.0775052681565284,0.5750629305839539,0.6730233430862427,0.2324263304471969,0.4241904020309448,0.677929699420929,0.3132618367671966
U,False,0.4887683093547821,0.3236591219902038,-0.3621077239513397,0.5461615324020386,0.3653510212898254,-0.2099155634641647,0.4318514466285705,0.364837646484375,-0.174759030342102,0.543522834777832,0.4995237290859222,-0.0080953761935234,0.4554934203624725,0.5010658502578735,0.0078152688220143,0.5709996223449707,0.5860190391540527,0.0066982903517782,0.4341495335102081,0.5886471271514893,0.0155246779322624,0.5756465196609497,0.6610580682754517,0.1745399385690689,0.4284422695636749,0.6637638807296753,0.2198279500007629
U,False,0.4820890426635742,0.3133893013000488,-0.3409029841423034,0.5472291707992554,0.3555574417114258,-0.1910705119371414,0.429217129945755,0.353696197271347,-0.1339285969734192,0.5416818261146545,0.4995112121105194,-0.0119228344410657,0.4580769538879394,0.5011426210403442,0.0116697121411561,0.5527428984642029,0.5957901477813721,0.0238280054181814,0.4500569403171539,0.5965451598167419,0.0868837162852287,0.560844898223877,0.6761718988418579,0.1998676210641861,0.4516477882862091,0.6750418543815613,0.3133882880210876
U,False,0.4826182126998901,0.3143846690654754,-0.3244552314281463,0.5505409836769104,0.3600067794322967,-0.1876226812601089,0.432344377040863,0.3596402704715729,-0.1315577328205108,0.543799877166748,0.4996585547924042,-0.0139205902814865,0.4552695751190185,0.5006647706031799,0.013563540764153,0.5573716759681702,0.5893496870994568,0.0410356782376766,0.4328279197216034,0.5932058691978455,0.0590007863938808,0.5651074051856995,0.6716076135635376,0.2063446789979934,0.415668249130249,0.675780713558197,0.2349011301994323
U,False,0.4859402477741241,0.3127907216548919,-0.3404563367366791,0.5541271567344666,0.3583057522773742,-0.2054654061794281,0.4358203709125519,0.3582827746868133,-0.1458587348461151,0.5434234738349915,0.5009662508964539,-0.0122951101511716,0.4558897614479065,0.5006608366966248,0.0119635500013828,0.5596334338188171,0.590167760848999,0.0605429857969284,0.4343269169330597,0.5930076837539673,0.0655056834220886,0.5699261426925659,0.6710495352745056,0.2372483611106872,0.4190421998500824,0.6751472353935242,0.2513867020606994
U,False,0.4919337332248688,0.3125917911529541,-0.3413584232330322,0.5570393800735474,0.3579854667186737,-0.190861776471138,0.4340517818927765,0.3574995398521423,-0.1506361961364746,0.5442277789115906,0.5002959370613098,-0.0071781757287681,0.4559297263622284,0.5003910064697266,0.0067845731973648,0.5584848523139954,0.592660129070282,0.0418216176331043,0.4331356883049011,0.5958146452903748,0.0636840835213661,0.5686843395233154,0.674257755279541,0.223341092467308,0.418430358171463,0.6772079467773438,0.2728008031845093
U,False,0.5088568925857544,0.3239798843860626,-0.3358785212039947,0.5660470128059387,0.3669848144054413,-0.1690933555364608,0.4483945667743683,0.3622173964977264,-0.1707804650068283,0.544604480266571,0.5013078451156616,0.0008628251962363,0.455769270658493,0.4997235536575317,-0.0011366751277819,0.5625149011611938,0.5841065645217896,0.0754494369029998,0.4298864305019378,0.5868371725082397,0.0226823911070823,0.5607627630233765,0.6616828441619873,0.2762826085090637,0.4109211564064026,0.6666089296340942,0.1951250731945037
U,False,0.5080183148384094,0.3119136393070221,-0.3407735824584961,0.5649675130844116,0.3585753440856933,-0.1834936887025833,0.4454256594181061,0.3531445860862732,-0.1602851152420044,0.5444887280464172,0.5011472702026367,-0.0023508060257881,0.4553288221359253,0.499352753162384,0.0020291835535317,0.5544158220291138,0.5967368483543396,0.0498806536197662,0.4334874749183655,0.5970108509063721,0.0293572284281253,0.5665379762649536,0.6790385246276855,0.2214750349521637,0.4132263362407684,0.6807917356491089,0.2044777125120163
U,False,0.505630612373352,0.3101488947868347,-0.3561570048332214,0.5629827380180359,0.3566620051860809,-0.199195459485054,0.4446133375167846,0.350349098443985,-0.1765475571155548,0.5450878739356995,0.5017876625061035,-0.0015997043810784,0.4555978775024414,0.4998316466808319,0.0012463800376281,0.5541468858718872,0.5918075442314148,0.0926632285118103,0.4326261579990387,0.5928851366043091,0.0607185065746307,0.5641446709632874,0.6740815043449402,0.2785114347934723,0.4116398990154266,0.674254298210144,0.2529902160167694
U,False,0.4875688254833221,0.3190970718860626,-0.3222059607505798,0.5460118055343628,0.3578311204910278,-0.1434631198644638,0.4320241510868072,0.3564912974834442,-0.1238361299037933,0.5432745218276978,0.4989961981773376,-0.0024716136977076,0.4567942917346954,0.5013751983642578,0.002237364416942,0.5743718147277832,0.591059684753418,-0.0086985556408762,0.4430041909217834,0.5963265299797058,0.0203153807669878,0.5699476599693298,0.6762546300888062,0.1284424811601638,0.4551025927066803,0.6762661337852478,0.1834442615509033
U,False,0.5037515759468079,0.3169571161270141,-0.351650983095169,0.5609560012817383,0.3611782491207123,-0.1860309243202209,0.4419253766536712,0.3546896278858185,-0.1674207895994186,0.5448376536369324,0.5005815029144287,-0.0005434654885903,0.4544996917247772,0.4996496140956878,0.0001954879553522,0.559057891368866,0.591546356678009,0.0307973586022853,0.4352712333202362,0.5958178639411926,0.0455176867544651,0.5718575119972229,0.6737515330314636,0.2247807532548904,0.4204179346561432,0.6750816702842712,0.2707357406616211
U,False,0.4880948066711426,0.3201021552085876,-0.3282396197319031,0.5481391549110413,0.3631496727466583,-0.1722075343132019,0.434596449136734,0.3618890941143036,-0.1496249586343765,0.5437910556793213,0.5000680088996887,-0.0059167519211769,0.4576321840286255,0.501532256603241,0.0055481442250311,0.563981294631958,0.5900058150291443,0.0294623337686061,0.44316366314888,0.5938007831573486,0.0386695228517055,0.577491283416748,0.6713243126869202,0.1832975000143051,0.4290598332881927,0.6747151613235474,0.2060235440731048
U,False,0.4937583208084106,0.3186185657978058,-0.3089437782764435,0.5534036755561829,0.3586027920246124,-0.1348761320114135,0.4374719560146332,0.3555164039134979,-0.1420858800411224,0.5424250364303589,0.4992788136005401,-0.0012649187119677,0.456688642501831,0.5010202527046204,0.0009613233851268,0.5560158491134644,0.5892053842544556,0.0631768032908439,0.4316909313201904,0.5935124754905701,0.0627086758613586,0.5635555386543274,0.6703280210494995,0.2260436564683914,0.4146968424320221,0.6735410690307617,0.2417194694280624
U,False,0.490653395652771,0.3217097818851471,-0.3130349516868591,0.5537608861923218,0.364154040813446,-0.1638567149639129,0.4424658715724945,0.3601716458797455,-0.1408520638942718,0.5419521927833557,0.5003141760826111,-0.0034863711334764,0.4573120772838592,0.5006797313690186,0.0031288941390812,0.5511120557785034,0.592734694480896,0.0245109423995018,0.4445153772830963,0.5961309671401978,0.0428851209580898,0.5674692392349243,0.670940101146698,0.162696897983551,0.428233802318573,0.6748103499412537,0.2163679748773574
U,False,0.4878073930740356,0.3205347061157226,-0.3479820489883423,0.550728440284729,0.3625806868076324,-0.1957075148820877,0.4336237609386444,0.3624705374240875,-0.1644889116287231,0.5428411364555359,0.500863790512085,-0.0034561117645353,0.4562749564647674,0.5006046891212463,0.0031344194430857,0.5682832598686218,0.5914676189422607,0.0192685686051845,0.441266268491745,0.5939121246337891,0.0126453451812267,0.5825441479682922,0.6748307943344116,0.1794946193695068,0.4341199994087219,0.6764642000198364,0.1792499870061874
U,False,0.4933472871780395,0.3194490671157837,-0.3126923441886902,0.5539560914039612,0.3597641885280609,-0.1589447259902954,0.4410721063613891,0.3585185110569,-0.1392926126718521,0.5438520908355713,0.5009101629257202,-0.0012749873567372,0.4564928114414215,0.5002257823944092,0.0009688352583907,0.5623974204063416,0.592065155506134,0.0444430634379386,0.4349554479122162,0.5957645177841187,0.0206610821187496,0.5716157555580139,0.6731951236724854,0.2027245461940765,0.4245384633541107,0.6761200428009033,0.1704153716564178
U,False,0.4987181723117828,0.3189444243907928,-0.3311685621738434,0.5556544661521912,0.3606807291507721,-0.1724170595407486,0.4392984807491302,0.3593752980232239,-0.1553036272525787,0.5444428324699402,0.4999973475933075,-0.0027635195292532,0.4565309882164001,0.5004929900169373,0.0024519888684153,0.5604652762413025,0.5926956534385681,0.033173345029354,0.4412486851215362,0.5961189866065979,0.0303869452327489,0.574131190776825,0.6729641556739807,0.1836971342563629,0.427395612001419,0.6758042573928833,0.189001977443695
U,False,0.4879796206951141,0.3174863159656524,-0.3340076506137848,0.545059859752655,0.3626818358898163,-0.1517549306154251,0.4258830547332763,0.3568742573261261,-0.1638869345188141,0.5430057644844055,0.4998555481433868,-0.0006676198099739,0.4575319588184356,0.501713752746582,0.0004466978134587,0.5580205917358398,0.5899516940116882,0.0613633953034877,0.4409552216529846,0.594387412071228,0.0847382396459579,0.5682886242866516,0.6676656603813171,0.2428678125143051,0.4238303899765014,0.6720085144042969,0.3102866113185882
U,False,0.4852320253849029,0.32047039270401,-0.302785724401474,0.5500823259353638,0.3660164773464203,-0.1134429797530174,0.423694759607315,0.3621907234191894,-0.1143095195293426,0.5442515015602112,0.5000929832458496,-0.0019963416270911,0.4571786522865295,0.5013558864593506,0.0017876625061035,0.5578250885009766,0.593472421169281,0.0259200166910886,0.435121476650238,0.5976327061653137,0.0359011553227901,0.5688785910606384,0.6773406863212585,0.203538030385971,0.4187716543674469,0.6798837184906006,0.2245274484157562
U,False,0.4795885980129242,0.3222053945064544,-0.3080606758594513,0.5412068367004395,0.3616352081298828,-0.141902208328247,0.4236847758293152,0.3600355386734009,-0.1209720522165298,0.5430520176887512,0.4997138082981109,-0.0067949346266686,0.4571842849254608,0.5018823146820068,0.0064941220916807,0.5593703389167786,0.5925548672676086,0.0180886909365654,0.4402475655078888,0.5988351702690125,0.0345202125608921,0.5719242095947266,0.6756947040557861,0.1865089684724807,0.4260278940200805,0.6813140511512756,0.2154223918914795
U,False,0.4862536489963531,0.3234842121601105,-0.3252935409545898,0.5460493564605713,0.3639101982116699,-0.1625566929578781,0.4278055131435394,0.363088846206665,-0.1427439153194427,0.5424734354019165,0.4991238415241241,-0.0064757326617836,0.4577705562114715,0.5021426677703857,0.0062276301905512,0.5618700385093689,0.5855039954185486,0.0355409644544124,0.4436836540699005,0.5906815528869629,0.0780924186110496,0.5748788714408875,0.6641404032707214,0.1968220621347427,0.4319930672645569,0.6701352000236511,0.285113126039505
U,False,0.4852973520755768,0.3201674222946167,-0.3018822968006134,0.5478231310844421,0.3642213046550751,-0.1321360468864441,0.4241610169410705,0.3605739176273346,-0.1155349761247634,0.5434964895248413,0.5003469586372375,-0.0084368605166673,0.4558272063732147,0.5009942054748535,0.0082055507227778,0.5640774369239807,0.5937572121620178,0.0082784490659832,0.4399473071098327,0.5967294573783875,0.0484917424619197,0.579803466796875,0.6777241826057434,0.1696935147047042,0.4296168088912964,0.6793451905250549,0.2394879758358001
U,False,0.4832571744918823,0.3182525932788849,-0.3123640120029449,0.5455918312072754,0.3606084287166595,-0.1429057717323303,0.4250265061855316,0.3596697449684143,-0.1239193826913833,0.5441461801528931,0.4995512962341308,-0.0047956337220966,0.4563688039779663,0.5004729628562927,0.0045255278237164,0.5621107816696167,0.5925391912460327,0.0111862095072865,0.4374133646488189,0.5968330502510071,0.0349693335592746,0.5753002762794495,0.6762936115264893,0.1624250411987304,0.4279486835002899,0.67702317237854,0.2190757691860199
U,False,0.4838294386863708,0.3219115138053894,-0.3308388888835907,0.5407997965812683,0.3627700507640838,-0.1609598249197006,0.4197696447372436,0.3613865971565246,-0.1439104974269867,0.5432928800582886,0.4991658329963684,-0.006971119903028,0.4567480385303497,0.5020724534988403,0.0067005879245698,0.5580791234970093,0.588593065738678,0.0321597903966903,0.4479605555534363,0.5923560857772827,0.0625805854797363,0.5723270177841187,0.6680190563201904,0.2096519470214843,0.4280540645122528,0.672845184803009,0.2733010947704315
U,False,0.492036908864975,0.333233892917633,-0.3074374198913574,0.5526489615440369,0.3719554543495178,-0.1481644660234451,0.4330160915851593,0.3707718849182129,-0.1230510249733924,0.5426340699195862,0.4999489188194275,-0.0109024634584784,0.4570493400096893,0.5008373260498047,0.0107101220637559,0.5599372982978821,0.5799891352653503,0.0073450761847198,0.4489946663379669,0.5829862952232361,0.0621959045529365,0.570029079914093,0.6552197337150574,0.1780778467655182,0.4340757429599762,0.6619857549667358,0.2775069773197174
U,False,0.4916087985038757,0.3200118243694305,-0.3163736760616302,0.5496113896369934,0.3605859577655792,-0.1415749341249466,0.4324451088905334,0.3564417362213135,-0.128062903881073,0.5439006090164185,0.50010085105896,-0.0043096523731946,0.4568181931972503,0.5008045434951782,0.0040403618477284,0.5632739663124084,0.5919663310050964,0.008953757584095,0.438993364572525,0.5948255062103271,0.0226992778480052,0.5752513408660889,0.6745557188987732,0.1784780323505401,0.42704838514328,0.677045464515686,0.2003974467515945
U,False,0.4951070547103882,0.3200456798076629,-0.2913469970226288,0.5557357668876648,0.3593892753124237,-0.1372962296009063,0.437840074300766,0.3601876199245453,-0.0979867130517959,0.5435608625411987,0.5005834102630615,-0.0031641146633774,0.4571810960769653,0.500217080116272,0.00290626171045,0.5523533821105957,0.5908970236778259,0.0448269061744213,0.4321350753307342,0.5947391986846924,0.0038573914207518,0.548751711845398,0.6733967065811157,0.2159077227115631,0.4126802980899811,0.679313063621521,0.1604006290435791
U,False,0.4943008124828338,0.3229497075080871,-0.2483706623315811,0.5564740300178528,0.3670301139354706,-0.0759905204176902,0.440075546503067,0.3609513342380523,-0.0552911721169948,0.5402536988258362,0.4998723864555359,-0.0152123738080263,0.4597139060497284,0.5003789663314819,0.015007160604,0.531476616859436,0.5926553010940552,-0.0408521592617034,0.4657531678676605,0.5949704051017761,0.0113413222134113,0.5205684900283813,0.6767007112503052,0.1210771426558494,0.4771330952644348,0.6809546947479248,0.1917677521705627
U,False,0.4936631321907043,0.3279638588428497,-0.2847798466682434,0.5497894883155823,0.3667769134044647,-0.11631740629673,0.4342661798000335,0.3617208302021026,-0.1083022058010101,0.5397504568099976,0.4998190701007843,-0.0102248014882206,0.4603408575057983,0.5013452172279358,0.0099906753748655,0.5329993963241577,0.5885334610939026,-0.027022048830986,0.4672158360481262,0.5901427268981934,0.0290577169507741,0.518402636051178,0.6651385426521301,0.1727928519248962,0.4769892394542694,0.6677529215812683,0.2326455861330032
U,False,0.4935878813266754,0.3239663541316986,-0.2876618802547455,0.5540078282356262,0.3654657304286957,-0.1097471192479133,0.4381273984909057,0.3620408177375793,-0.1118420660495758,0.5394904017448425,0.4998828172683716,-0.0006493325345218,0.4609600901603699,0.5001311302185059,0.0003461437881924,0.5308935642242432,0.5894200205802917,-0.0131775354966521,0.46855029463768,0.590445876121521,0.0178886651992797,0.5179259181022644,0.6718106865882874,0.2013378292322158,0.4680933356285095,0.6739345192909241,0.2437809854745865
U,False,0.4944884777069092,0.3253476321697235,-0.2402742356061935,0.5462945103645325,0.3663726449012756,-0.0658046305179596,0.4319291710853576,0.3597282469272613,-0.0871459022164344,0.5396447777748108,0.4994377791881561,-0.0073509542271494,0.4613880217075348,0.5010180473327637,0.0071852500550448,0.5377956032752991,0.5905465483665466,-0.0182132124900817,0.4636868238449096,0.5926104187965393,0.0090784477069973,0.5288249850273132,0.6777445077896118,0.1378990411758422,0.4772855639457702,0.6808871030807495,0.1730854362249374
U,False,0.4780791997909546,0.3269788324832916,-0.2165141850709915,0.5393490791320801,0.3665759861469269,-0.0529657378792762,0.4265606999397278,0.3648384511470794,-0.0370129346847534,0.5397297143936157,0.4995281994342804,-0.008941413834691,0.4612887501716614,0.5020233392715454,0.0087409541010856,0.5411763787269592,0.5922425985336304,-0.040380660444498,0.4712726771831512,0.5950056314468384,-0.0148121053352952,0.5387682318687439,0.6793842911720276,0.1326239854097366,0.486959844827652,0.6831340193748474,0.1594192385673523
U,False,0.4903276264667511,0.331798791885376,-0.1938854455947876,0.5514830350875854,0.3704530894756317,-0.0293448474258184,0.4370829463005066,0.3643040955066681,-0.024460919201374,0.5391486883163452,0.5002233386039734,-0.0140015948563814,0.4597636461257934,0.5001071095466614,0.0138456895947456,0.536589503288269,0.5910031199455261,-0.0330087915062904,0.4644577801227569,0.5908776521682739,0.0143210394307971,0.5314019918441772,0.6764645576477051,0.123690016567707,0.4719961583614349,0.6757975816726685,0.178488403558731
U,False,0.4865250587463379,0.3274273872375488,-0.2181294709444046,0.5467730760574341,0.3682990968227386,-0.0387683548033237,0.4333958029747009,0.3615884780883789,-0.0621510781347751,0.5396075248718262,0.500030517578125,-0.0115505205467343,0.4606372416019439,0.5008091926574707,0.0114139160141348,0.5372007489204407,0.589349627494812,-0.0277393292635679,0.4631125330924988,0.5906046032905579,0.0226938147097826,0.527289628982544,0.6757728457450867,0.1321033239364624,0.471511960029602,0.6782610416412354,0.1841117739677429
U,False,0.4935445785522461,0.3236360251903534,-0.2996387183666229,0.5528120994567871,0.3670599162578583,-0.1078862026333808,0.4324966073036194,0.3615945279598236,-0.138089045882225,0.5411351323127747,0.5003944635391235,0.0078311646357178,0.4583640396595001,0.500653862953186,-0.0080290893092751,0.5521275997161865,0.5907625555992126,0.0361790806055069,0.4551578164100647,0.5945963263511658,0.0601435676217079,0.5626526474952698,0.6728896498680115,0.2175190299749374,0.4604684710502624,0.6751148700714111,0.2847428023815155
U,False,0.4595514237880707,0.322601705789566,-0.3129054009914398,0.5245018601417542,0.3636508882045746,-0.1353080123662948,0.4067489504814148,0.3631327748298645,-0.1480032205581665,0.5411716103553772,0.4975984692573547,-0.0009164555813185,0.4575175642967224,0.5038737654685974,0.0006837506662122,0.56852787733078,0.5853320956230164,0.0691790506243705,0.4458418786525726,0.5982574224472046,0.0377222336828708,0.5890964269638062,0.6642124056816101,0.2739511728286743,0.4392135441303253,0.6801215410232544,0.2182516753673553
U,False,0.487807422876358,0.3158194720745086,-0.3291496336460113,0.5502755045890808,0.3572840094566345,-0.1667456030845642,0.4295241236686706,0.3570865094661712,-0.1566445976495742,0.5444461703300476,0.499373584985733,0.0020490083843469,0.4567968249320984,0.5011255145072937,-0.0023233480751514,0.5565686225891113,0.5935274958610535,0.0424715764820575,0.4479981362819671,0.5977805852890015,0.0427466742694377,0.5628488063812256,0.677573025226593,0.1987499147653579,0.447545975446701,0.6793999671936035,0.2296945005655288
U,False,0.4770037531852722,0.3215801417827606,-0.315041184425354,0.5342035889625549,0.3602806627750397,-0.1011893302202224,0.4190289080142975,0.3566187918186188,-0.1653021872043609,0.5433305501937866,0.498525857925415,0.0100155295804142,0.457033097743988,0.5029509663581848,-0.0101978285238146,0.5739086270332336,0.5881693959236145,0.0695043206214904,0.4445443153381347,0.5941128730773926,0.0713345557451248,0.5940163135528564,0.6684528589248657,0.225033089518547,0.4422689974308014,0.6736313104629517,0.2683720290660858
U,False,0.4928881824016571,0.3204211592674255,-0.3452452421188354,0.547664999961853,0.3615334033966064,-0.1263461709022522,0.4319321513175964,0.3571601212024688,-0.1775486171245575,0.5428239703178406,0.4994223117828369,0.0048660114407539,0.458237886428833,0.5012681484222412,-0.0050467802211642,0.574600338935852,0.591008722782135,-0.0096824886277318,0.4271583557128906,0.5955304503440857,0.0570960082113742,0.6120198369026184,0.6700904369354248,0.175283595919609,0.4104987680912018,0.6702163219451904,0.294573575258255
U,False,0.4907203912734985,0.3204540014266968,-0.3670912683010101,0.5448017120361328,0.3624802827835083,-0.1628983318805694,0.4272409081459045,0.3573212623596191,-0.1968452334403991,0.5423879027366638,0.4988625943660736,0.0069289468228816,0.4562314748764038,0.5019251704216003,-0.0072103636339306,0.558589518070221,0.5895744562149048,0.0761711746454238,0.4181408286094665,0.5942860841751099,0.061399009078741,0.5774636268615723,0.6736704707145691,0.3008458614349365,0.3703898787498474,0.6734620928764343,0.2971203029155731
U,False,0.4904175996780395,0.3277599215507507,-0.2866774797439575,0.5454226732254028,0.3686108887195587,-0.0901572331786155,0.4297630786895752,0.3630358874797821,-0.1070982217788696,0.5430302023887634,0.4986886084079742,-0.0054051587358117,0.4572177529335022,0.5020943284034729,0.0051913508214056,0.5684505105018616,0.5912047624588013,-0.02209616266191,0.4318705201148987,0.5963003039360046,0.0569113679230213,0.5985555052757263,0.672630786895752,0.1470973044633865,0.3942749500274658,0.6748403906822205,0.2706146240234375
U,False,0.4774506688117981,0.3257883191108703,-0.3068525791168213,0.5404286980628967,0.3636348843574524,-0.1328860223293304,0.4250806272029876,0.3605634272098541,-0.1247254982590675,0.5435853600502014,0.4987897574901581,-0.0075196977704763,0.45784991979599,0.5019354224205017,0.0072271190583705,0.572439432144165,0.5894444584846497,0.0095762833952903,0.4337888062000274,0.5927741527557373,0.0554684326052665,0.6051483154296875,0.6685870885848999,0.1948722600936889,0.4000330865383148,0.6706825494766235,0.2548286020755768
U,False,0.4851671159267425,0.3276445269584656,-0.2997533977031708,0.5483539700508118,0.3665860295295715,-0.1325509995222091,0.4316758215427398,0.3610876500606537,-0.1183247417211532,0.5428987145423889,0.4994530081748962,-0.0070113125257194,0.4567457139492035,0.5017794370651245,0.0067186830565333,0.564946711063385,0.5917903780937195,0.0141368135809898,0.427878737449646,0.5929307341575623,0.0578817687928676,0.5888571739196777,0.6711971163749695,0.1710809618234634,0.3876281678676605,0.672003448009491,0.2415747344493866
U,False,0.4862468838691711,0.3284033536911011,-0.3194007873535156,0.5434860587120056,0.3672346472740173,-0.1330386102199554,0.4277911186218261,0.3620420098304748,-0.136309415102005,0.5421225428581238,0.4992154836654663,-0.0074372226372361,0.457173228263855,0.5020695328712463,0.0071805845946073,0.5672074556350708,0.5875933170318604,0.0197590347379446,0.4239439070224762,0.5906693339347839,0.0847091451287269,0.5889796018600464,0.6672959923744202,0.1946316659450531,0.3933870196342468,0.6680892705917358,0.3082805275917053
U,False,0.4814245700836181,0.3176333308219909,-0.3335936963558197,0.5521872639656067,0.3556239902973175,-0.177123561501503,0.4305615127086639,0.3564327955245971,-0.142658919095993,0.5446575880050659,0.4998888671398163,-0.0028175639454275,0.455522358417511,0.5002231001853943,0.0025447437074035,0.5609729886054993,0.5898004174232483,0.0643907785415649,0.4375020265579223,0.5952242016792297,0.0563855841755867,0.5689545273780823,0.667754590511322,0.278174489736557,0.4247290194034576,0.6725599765777588,0.2676098942756653
U,False,0.4931956231594085,0.3243201971054077,-0.3558899462223053,0.5467599630355835,0.3659628629684448,-0.1976066380739212,0.435243010520935,0.360909640789032,-0.1830111742019653,0.5420269966125488,0.499720811843872,-0.0051037333905696,0.4586870372295379,0.5014601945877075,0.0047634420916438,0.5720959305763245,0.5869481563568115,0.0151117425411939,0.4303170144557953,0.5914890170097351,0.0403051301836967,0.6029272079467773,0.666484534740448,0.185267835855484,0.4037416577339172,0.6702613234519958,0.2334518283605575
U,False,0.4896502792835235,0.3239368796348572,-0.3497272729873657,0.5447547435760498,0.3657521605491638,-0.1753069758415222,0.4305457174777984,0.3613078594207763,-0.1791380643844604,0.541637122631073,0.4985315501689911,0.0012342912377789,0.4582651257514953,0.5014786124229431,-0.0015803708229213,0.5718393325805664,0.5835761427879333,0.0283109080046415,0.4283106327056885,0.5899623036384583,0.016380188986659,0.6007464528083801,0.6617014408111572,0.2022360861301422,0.4009066820144653,0.6703996062278748,0.1891081035137176
U,False,0.4896027147769928,0.3289639353752136,-0.3062172532081604,0.5483415126800537,0.3676440417766571,-0.1194720491766929,0.4349178969860077,0.3603718876838684,-0.1261604130268097,0.54278165102005,0.4993841648101806,-0.0042539583519101,0.4579714238643646,0.5016069412231445,0.0040051592513918,0.5754880309104919,0.5848513245582581,0.0427763052284717,0.4314419031143188,0.5906676054000854,0.0732051879167556,0.6052611470222473,0.6620549559593201,0.2305151522159576,0.4086021184921264,0.6696864366531372,0.2805804908275604
U,False,0.4923955202102661,0.3308861255645752,-0.3277923166751861,0.5542512536048889,0.3707661628723144,-0.1501574218273162,0.4395761787891388,0.3644644916057586,-0.1249683201313018,0.5414607524871826,0.4992294907569885,-0.0085367355495691,0.4578931927680969,0.5011796355247498,0.0082417633384466,0.5714334845542908,0.5823724269866943,0.0199520252645015,0.4276597797870636,0.5849856734275818,0.0783849507570266,0.5969269275665283,0.6614751815795898,0.1724316030740738,0.4021047055721283,0.66338711977005,0.2832623124122619
U,False,0.5032442808151245,0.2626644074916839,-0.3663202822208404,0.5907366871833801,0.323879987001419,-0.1369683742523193,0.4249232709407806,0.3210441768169403,-0.1511052846908569,0.5567905902862549,0.5006202459335327,0.0040560127235949,0.444397896528244,0.4997967779636383,-0.0043844273313879,0.5585150718688965,0.6214857697486877,0.0389462895691394,0.4203599095344543,0.6209043264389038,0.0069869714789092,0.5750951766967773,0.7317668199539185,0.2115999162197113,0.3976027369499206,0.7336444854736328,0.1883392035961151
U,False,0.5100880861282349,0.2744302749633789,-0.3525168001651764,0.5979933738708496,0.3292107880115509,-0.1270043402910232,0.4318872094154358,0.319436103105545,-0.1318909525871276,0.5570385456085205,0.5005829930305481,0.0028023119084537,0.4436369836330414,0.5010526776313782,-0.0029890781734138,0.5902631282806396,0.6216018199920654,-0.0120197758078575,0.4190405011177063,0.6212537288665771,0.0098090423271059,0.5911772847175598,0.726459264755249,0.168645977973938,0.4179244637489319,0.7291184067726135,0.2012527734041214
U,False,0.5055122971534729,0.2698100507259369,-0.3279416561126709,0.5882322788238525,0.3263581097126007,-0.10259310901165,0.4336499571800232,0.3235529959201813,-0.103082351386547,0.5539765357971191,0.501258134841919,-0.0008364645764231,0.4450202882289886,0.500359058380127,0.0005945108714513,0.5698351263999939,0.6205072999000549,-0.0068074874579906,0.4303007125854492,0.6220402121543884,-0.0080742863938212,0.591892421245575,0.7300165891647339,0.1426569521427154,0.4178517758846283,0.7339468598365784,0.148077443242073
U,False,0.4985813498497009,0.2681025266647339,-0.3140231072902679,0.5829593539237976,0.323337584733963,-0.0997345969080925,0.4244232177734375,0.3221547901630401,-0.0900802835822105,0.5546435117721558,0.5004768967628479,-0.0024931812658905,0.4446026980876922,0.500916063785553,0.0022606088314205,0.5706684589385986,0.6196052432060242,-0.0075930706225335,0.4275042712688446,0.6205524206161499,-0.0052986037917435,0.5872082114219666,0.7278457283973694,0.1533540189266204,0.4145453572273254,0.731473982334137,0.1575731933116912
U,False,0.492851972579956,0.2766209244728088,-0.3813886046409607,0.587506115436554,0.3255070447921753,-0.1729983240365982,0.4221117496490478,0.3224908709526062,-0.140288844704628,0.5551604628562927,0.4999427795410156,-0.0003503196930978,0.4435150623321533,0.5007899403572083,0.0003357619279995,0.6169177889823914,0.6137174367904663,-0.0314067937433719,0.4030614197254181,0.6188743114471436,-0.001808417844586,0.5869779586791992,0.7037015557289124,0.300477385520935,0.4108126163482666,0.7117186188697815,0.2912048697471618
U,False,0.4999009668827057,0.2713996171951294,-0.3861324191093445,0.5861722826957703,0.3282529711723327,-0.1720538437366485,0.4291029870510101,0.3250160217285156,-0.1641143709421157,0.5559344291687012,0.5000973343849182,0.000645478721708,0.4446406364440918,0.5009441375732422,-0.0009571859845891,0.5983253717422485,0.6176173686981201,-0.0030438406392931,0.4110741317272186,0.6198527812957764,-0.0138237085193395,0.5889502167701721,0.7178800106048584,0.2195814847946167,0.4163356125354767,0.7214207053184509,0.1823573410511016
U,False,0.4927974939346313,0.2592948973178863,-0.3952823877334595,0.580683708190918,0.3176377713680267,-0.1815688461065292,0.4167101979255676,0.3153006434440613,-0.1644022762775421,0.5557378530502319,0.5009982585906982,-0.0038990441244095,0.4432339072227478,0.4993903338909149,0.0035250270739197,0.5707966685295105,0.6233752369880676,-0.0054535954259335,0.4122118949890136,0.6202465295791626,0.016455641016364,0.5751491785049438,0.726466953754425,0.2779029309749603,0.3996927738189697,0.7308281660079956,0.2786526978015899
U,False,0.5023389458656311,0.2615314424037933,-0.3161357939243316,0.5856468677520752,0.3244388997554779,-0.0926992893218994,0.4313839972019195,0.3216683268547058,-0.0864329561591148,0.5554599165916443,0.5010790228843689,-0.0010464971419423,0.4432944655418396,0.499141126871109,0.000807263131719,0.568805992603302,0.6216587424278259,0.0034331139177083,0.4253623187541961,0.6200491786003113,-0.0115365199744701,0.5863853096961975,0.7296015024185181,0.1611450612545013,0.4105647504329681,0.7321661114692688,0.1456614881753921
U,False,0.5093159675598145,0.2628445625305176,-0.3540332913398742,0.5843020677566528,0.325955331325531,-0.1208916902542114,0.4318628311157226,0.3225462138652801,-0.1137926429510116,0.5556355714797974,0.5007886290550232,-0.0082344179973006,0.4431983828544616,0.4998737573623657,0.0079318052157759,0.587041437625885,0.6225587129592896,-0.0167940445244312,0.4248949587345123,0.6232828497886658,-0.0023363509681075,0.6138079762458801,0.7317103147506714,0.1877397298812866,0.4157600104808807,0.7337564826011658,0.168863907456398
U,False,0.4989078938961029,0.2651261389255523,-0.3553330600261688,0.5832411050796509,0.3246179521083832,-0.1407505720853805,0.4261310994625091,0.319879800081253,-0.1248178780078888,0.5553996562957764,0.5011407136917114,-0.0020185860339552,0.4433627128601074,0.4996687471866607,0.0016635324573144,0.5711857676506042,0.6210991740226746,-0.0027870524208992,0.4170634746551513,0.6208702921867371,-0.0116312997415661,0.5882962942123413,0.7294726371765137,0.2015427649021148,0.3913437724113464,0.7317833304405212,0.1710603237152099
U,False,0.504359781742096,0.2921512722969055,-0.4018348157405853,0.5864282846450806,0.3331196904182434,-0.1469931900501251,0.4211196005344391,0.3275606036186218,-0.1779284477233886,0.5559177398681641,0.5008334517478943,0.0120694860816001,0.4442287385463714,0.5008034110069275,-0.0122593389824032,0.5950583815574646,0.6156286597251892,-0.0520696155726909,0.4198253452777862,0.6181080341339111,0.0072466498240828,0.5944222211837769,0.7039852142333984,0.2988635301589966,0.4094654619693756,0.7083937525749207,0.3663133680820465
U,False,0.5010957717895508,0.2622945308685303,-0.3613882958889007,0.581833004951477,0.3182947635650635,-0.1210629642009735,0.415253609418869,0.3103435933589935,-0.1512562185525894,0.5583751797676086,0.499557614326477,0.0059035685844719,0.4427318871021271,0.5005500316619873,-0.0060309348627924,0.5814611911773682,0.619924008846283,0.0029762131161987,0.4162151217460632,0.623320996761322,0.0061399233527481,0.5882939100265503,0.7279803156852722,0.2207888066768646,0.4009626805782318,0.7338352799415588,0.1990757286548614
U,False,0.4914738833904266,0.2551665008068084,-0.3349276483058929,0.5790256857872009,0.3150214850902557,-0.1073458045721054,0.4131807684898376,0.3113255500793457,-0.1148362532258033,0.5579066276550293,0.499465137720108,-0.0007157383952289,0.4433179199695587,0.5009353160858154,0.0004495452158153,0.5725754499435425,0.624799370765686,-0.008287314325571,0.4196949303150177,0.6237462759017944,-0.0080325994640588,0.5926382541656494,0.7304543852806091,0.2241822928190231,0.4025891423225403,0.7366650104522705,0.1897770464420318
U,False,0.4920079708099365,0.2534880340099334,-0.3807995617389679,0.577495813369751,0.3105688691139221,-0.1470836102962494,0.4135632812976837,0.3061473369598388,-0.1520029902458191,0.5582451224327087,0.4993015229701996,0.0027143999468535,0.4431098997592926,0.5011721253395081,-0.0029907887801527,0.5766552686691284,0.6220604777336121,0.0322465673089027,0.4200203418731689,0.625159740447998,0.0101508814841508,0.5938523411750793,0.7243905067443848,0.3196234107017517,0.402383804321289,0.734431266784668,0.2485118508338928
U,False,0.4913876950740814,0.2546932101249695,-0.4075761437416076,0.5764908194541931,0.3144513070583343,-0.1704791188240051,0.4067757427692413,0.3091020286083221,-0.1810455173254013,0.558301568031311,0.4997396767139435,0.0071818428114056,0.4411566853523254,0.501129686832428,-0.00737079186365,0.5849705338478088,0.6199454069137573,0.0542109385132789,0.4205768704414367,0.6218186020851135,0.0416326522827148,0.5886400938034058,0.7186518311500549,0.3506366610527038,0.4024077951908111,0.7267784476280212,0.310728907585144
U,False,0.490911602973938,0.2719126045703888,-0.4045353233814239,0.5822293758392334,0.3227949142456054,-0.1845336109399795,0.4164255261421203,0.3189781904220581,-0.17533540725708,0.5579255223274231,0.4999632537364959,0.0023740890901535,0.4423128664493561,0.5010055303573608,-0.0025244664866477,0.6000645756721497,0.6174308657646179,-0.0356095433235168,0.412598580121994,0.6212820410728455,0.0568109937012195,0.5983762145042419,0.7056878805160522,0.345164030790329,0.4156122207641601,0.7113876938819885,0.4490508437156677
U,False,0.4834179282188415,0.2567331194877624,-0.3921951949596405,0.5741307735443115,0.3188942968845367,-0.1717007756233215,0.4113485813140869,0.3199224174022674,-0.1686537861824035,0.5573354959487915,0.499829351902008,0.0029457262717187,0.4430409967899322,0.5001820921897888,-0.0032393995206803,0.5760288834571838,0.6191476583480835,0.0610595867037773,0.4273860454559326,0.6194948554039001,0.0292161963880062,0.5930487513542175,0.7238975763320923,0.2806543111801147,0.4122712314128876,0.7293568849563599,0.248549684882164
U,False,0.4896600544452667,0.2588956356048584,-0.3573881089687347,0.5780720710754395,0.3191045820713043,-0.1400025486946106,0.4207479953765869,0.3172293305397033,-0.1300356239080429,0.5564886927604675,0.4993719458580017,-0.0015059802681207,0.4445191323757171,0.5009430646896362,0.0011349727865308,0.5744054317474365,0.6199606657028198,-0.0058600767515599,0.4242399334907532,0.6198726296424866,-0.0011971193598583,0.5914297699928284,0.7275193333625793,0.2286510169506073,0.4056495130062103,0.7310548424720764,0.2077610492706298
U,False,0.4827876389026642,0.2634099721908569,-0.3650742471218109,0.573643684387207,0.3186449706554413,-0.1380465477705001,0.4105058312416076,0.3163996338844299,-0.1448061913251876,0.5573650598526001,0.5000244975090027,0.0012190548004582,0.4416360855102539,0.5016279816627502,-0.0015185894444584,0.5786874890327454,0.624173104763031,-0.0197754204273223,0.4210130870342254,0.6225937008857727,0.0019292278448119,0.5893521308898926,0.7268056869506836,0.2731314897537231,0.4038485884666443,0.7299427390098572,0.2548690438270569
U,False,0.5050272345542908,0.2940119802951813,-0.4130390584468841,0.577771008014679,0.3358960449695587,-0.1677570343017578,0.4197423458099365,0.3283567130565643,-0.2003081142902374,0.5559835433959961,0.5003503561019897,0.0075519415549933,0.444418728351593,0.5006604194641113,-0.0076941223815083,0.6050743460655212,0.6133323907852173,-0.0177428871393203,0.4167977571487427,0.6162307262420654,0.0003651819133665,0.5994928479194641,0.6950395703315735,0.4033578932285309,0.4160107970237732,0.7049765586853027,0.3761855065822601
U,False,0.4919613003730774,0.2623080611228943,-0.378968596458435,0.5772784352302551,0.3177669942378998,-0.1746623367071151,0.4216640889644623,0.3181211054325104,-0.1483661532402038,0.5553755164146423,0.500040590763092,-0.0056558209471404,0.446105420589447,0.5001535415649414,0.0053415396250784,0.56956547498703,0.6204342246055603,-0.0043438742868602,0.4209361672401428,0.6188491582870483,0.0102609489113092,0.5897508263587952,0.7243779301643372,0.2615485489368438,0.4047426879405975,0.7285556793212891,0.2452629208564758
U,False,0.4972251355648041,0.2692536115646362,-0.3324268460273742,0.574279248714447,0.3238255977630615,-0.1120592951774597,0.4195916056632995,0.3226261138916015,-0.1310876756906509,0.5542988777160645,0.4992174208164215,0.0031653400510549,0.4451867043972015,0.5009129643440247,-0.0034835019614547,0.5670267343521118,0.6193781495094299,-0.0010015380103141,0.4193810522556305,0.6197217106819153,-0.0155244674533605,0.582120418548584,0.7311522960662842,0.1598274558782577,0.4015799760818481,0.7334035634994507,0.1387397497892379
U,False,0.5027546286582947,0.2669788599014282,-0.3456143140792846,0.5807245373725891,0.322234570980072,-0.1069898903369903,0.4214807152748108,0.3212590217590332,-0.1232963874936103,0.5549673438072205,0.5001307129859924,0.0043498710729181,0.4443414509296417,0.5003397464752197,-0.0046482239849865,0.5754702687263489,0.622953474521637,-0.0165991932153701,0.4184536933898926,0.6210760474205017,-0.0101641938090324,0.5794100165367126,0.7263318300247192,0.228735864162445,0.4018284380435943,0.7297238111495972,0.2109058797359466
U,False,0.5073266625404358,0.2762238979339599,-0.3932733237743377,0.5870965719223022,0.3286306858062744,-0.1660032719373703,0.4326938092708587,0.3227142691612243,-0.1563559770584106,0.556306004524231,0.4999825358390808,0.000675493851304,0.4446892142295837,0.5005018711090088,-0.0009440788417123,0.6046757102012634,0.6139926910400391,-0.0359497033059597,0.404114156961441,0.6159036755561829,0.0044687115587294,0.5982109904289246,0.6972634792327881,0.3886554539203644,0.4157266616821289,0.7051950693130493,0.3569594025611877
U,False,0.4981987476348877,0.2691696584224701,-0.3471023738384247,0.5826753973960876,0.3255050182342529,-0.1266706585884094,0.4237057864665985,0.3240607976913452,-0.1275208890438079,0.5552017688751221,0.4996673762798309,-0.0023636210244148,0.4441493153572082,0.5012143850326538,0.0020678306464105,0.5717835426330566,0.6190643310546875,-0.0166450887918472,0.427633672952652,0.6211236119270325,-0.0228767376393079,0.5906732082366943,0.728894829750061,0.1364449113607406,0.4056683480739593,0.7353952527046204,0.124580904841423
U,False,0.4956890046596527,0.2696935832500458,-0.3592079281806946,0.5836130380630493,0.3249127268791199,-0.1453849971294403,0.42561075091362,0.32404226064682,-0.1402347981929779,0.5557245016098022,0.5005142688751221,-0.0017883798573166,0.4455769658088684,0.5010462403297424,0.0014597423141822,0.5750983953475952,0.61842280626297,6.376511009875685e-05,0.4268685281276703,0.619401752948761,-0.012872539460659,0.5909090638160706,0.729083240032196,0.1640049815177917,0.4043684899806976,0.7338104248046875,0.1451019644737243
U,False,0.5037877559661865,0.2691380679607391,-0.3661606311798095,0.5824241638183594,0.32583749294281,-0.1376823931932449,0.4244877696037292,0.3222906291484833,-0.150842472910881,0.5544383525848389,0.5002958178520203,0.0017177856061607,0.4442713856697082,0.5007141828536987,-0.0020339775364845,0.5702260732650757,0.6185734272003174,0.0154353491961956,0.4240862727165222,0.6191636919975281,-0.0093302587047219,0.5876144766807556,0.7290233373641968,0.1905602067708969,0.4010391235351562,0.7339026927947998,0.1552574783563614
U,False,0.5072592496871948,0.2785846889019012,-0.375531256198883,0.576088011264801,0.3279955387115478,-0.1072236374020576,0.4194331765174866,0.3214035034179687,-0.1835884302854538,0.555816113948822,0.4996801316738128,0.016520045697689,0.4446263313293457,0.5018429160118103,-0.0166584551334381,0.5888748168945312,0.6147201657295227,0.0012538124574348,0.4309929609298706,0.61959308385849,-0.0119034629315137,0.5930130481719971,0.7108871340751648,0.2419455349445343,0.4115724861621856,0.722859799861908,0.198894590139389
U,False,0.5015954971313477,0.2743814587593078,-0.3524661958217621,0.5877708196640015,0.3225342929363251,-0.1328987032175064,0.4240604043006897,0.3158101439476013,-0.1206550300121307,0.5559715032577515,0.5006201863288879,-0.0009753305930644,0.443116694688797,0.5005664825439453,0.0007218918763101,0.5782888531684875,0.6187291741371155,0.0038435282185673,0.4078024923801422,0.6222532391548157,0.0002898981038015,0.5781432390213013,0.7203603982925415,0.3220235407352447,0.3952415585517883,0.7271390557289124,0.2296150475740432
U,False,0.4938167333602905,0.2689609825611114,-0.3549678027629852,0.5814313292503357,0.3219237625598907,-0.1467542648315429,0.4234080016613006,0.3171949684619903,-0.1416941732168197,0.5536594986915588,0.5001014471054077,-0.00858501996845,0.4467162489891052,0.5012352466583252,0.0082646999508142,0.5615485310554504,0.6198064684867859,-0.0111912572756409,0.4165537357330322,0.6178866624832153,0.002074263524264,0.5777914524078369,0.7258315682411194,0.1995921432971954,0.3918264210224151,0.7320883274078369,0.1875756829977035
U,False,0.4985671639442444,0.2763582766056061,-0.3357959389686584,0.5767935514450073,0.3266442716121673,-0.1009134352207183,0.4167550206184387,0.3184095919132232,-0.1330384761095047,0.5529367327690125,0.4996169209480285,0.0044877366162836,0.4458968043327331,0.5007311105728149,-0.0046632881276309,0.5626994371414185,0.6179819107055664,0.0251670945435762,0.4177766144275665,0.6186801791191101,-0.0057461839169263,0.5737709403038025,0.7261830568313599,0.1766029447317123,0.3881591260433197,0.7320494651794434,0.1354317963123321
U,False,0.5053841471672058,0.2716415524482727,-0.3625612258911133,0.5843031406402588,0.3232146799564361,-0.1072545498609542,0.4207710027694702,0.3171565234661102,-0.1554964780807495,0.5548445582389832,0.5001764893531799,0.0145761528983712,0.444345623254776,0.5003244280815125,-0.0148069662973284,0.573718786239624,0.6202685236930847,0.0316564813256263,0.4247375130653381,0.6203941106796265,0.0063703833147883,0.5906113386154175,0.7281183004379272,0.2200308293104171,0.4071930050849914,0.7304497361183167,0.1990261077880859
U,False,0.497707337141037,0.2632451057434082,-0.318268746137619,0.5797816514968872,0.3230074942111969,-0.0728436857461929,0.4194264411926269,0.3176324069499969,-0.0852455422282219,0.5562583804130554,0.5002748966217041,0.0027785012498497,0.4449794292449951,0.500136137008667,-0.0029669827781617,0.5686955451965332,0.6214684247970581,0.0466727912425994,0.4231263101100921,0.6204262375831604,0.0157498605549335,0.581240713596344,0.727283239364624,0.2369586378335952,0.4046829640865326,0.7306525111198425,0.2070565074682235
U,False,0.5068253874778748,0.2621347904205322,-0.356479674577713,0.5846225619316101,0.3197004199028015,-0.1106590405106544,0.4225405156612396,0.3134830892086029,-0.1254590898752212,0.5566823482513428,0.5001226663589478,0.0038595322985202,0.4439974725246429,0.5006279349327087,-0.0040316306985914,0.5657964944839478,0.619654655456543,0.0478521212935447,0.4221408367156982,0.6193217039108276,0.0150426607578992,0.5818256735801697,0.7251335382461548,0.240007996559143,0.4023348391056061,0.7296292781829834,0.1943523287773132
U,False,0.5078258514404297,0.2838033437728882,-0.3788945078849792,0.5834582448005676,0.3263511955738067,-0.1014770865440368,0.4138122498989105,0.3185345232486725,-0.1716019064188003,0.5540971755981445,0.4996170997619629,0.013499179854989,0.4452594220638275,0.5017049908638,-0.0136332903057336,0.5777257680892944,0.6152375340461731,0.0338642448186874,0.4252733588218689,0.6178985834121704,0.0068420055322349,0.5982089042663574,0.7240135669708252,0.2238430231809616,0.4108116030693054,0.7300790548324585,0.1989525407552719
U,False,0.4987408220767975,0.2543752491474151,-0.3998745083808899,0.5810623168945312,0.3192286193370819,-0.1909895092248916,0.4179454743862152,0.3158189952373504,-0.1667568087577819,0.55626380443573,0.499485969543457,0.005656324326992,0.4432053864002228,0.5010136365890503,-0.0058633033186197,0.5779240727424622,0.6211819648742676,0.0372435934841632,0.4144269824028015,0.6243555545806885,0.019685260951519,0.5777449607849121,0.7223383188247681,0.3343192934989929,0.4007026851177215,0.7297355532646179,0.2881872355937958
U,False,0.4969160854816437,0.2610000669956207,-0.3300409018993377,0.5869899392127991,0.3226089179515838,-0.098074272274971,0.4240962266921997,0.3206415474414825,-0.1013999432325363,0.5563311576843262,0.500410258769989,-0.0015880657592788,0.4442565441131592,0.5004613995552063,0.0014155226526781,0.5660151839256287,0.6189306974411011,0.0244139917194843,0.4224313199520111,0.6194403767585754,0.0067184576764702,0.5793502926826477,0.7241514325141907,0.2154577821493148,0.4021421670913696,0.7292618155479431,0.1802902370691299
U,False,0.4932979047298431,0.2634378671646118,-0.3383442461490631,0.5785499215126038,0.3214884102344513,-0.1147599592804908,0.4219182431697845,0.3221950232982635,-0.1044322177767753,0.5541599988937378,0.4998422265052795,-0.0056656040251255,0.4445477724075317,0.5004803538322449,0.005479123443365,0.5686240196228027,0.6157750487327576,0.0115354834124445,0.4242209196090698,0.6174914836883545,0.0134907457977533,0.5801718831062317,0.721007227897644,0.2032550275325775,0.4053397178649902,0.7254236340522766,0.1962901502847671
U,False,0.4851167500019073,0.268715351819992,-0.4177291691303253,0.5746343731880188,0.3221754729747772,-0.1692024022340774,0.4060647189617157,0.3206306993961334,-0.2012494504451751,0.555901050567627,0.4995237290859222,0.0018456788966432,0.4448280930519104,0.502016007900238,-0.0019731628708541,0.5816025733947754,0.613863468170166,0.0232095718383789,0.4189436733722687,0.6163739562034607,0.0027027050964534,0.5819013118743896,0.7156275510787964,0.3342595100402832,0.4105987250804901,0.7213809490203857,0.2553051710128784
U,False,0.5019137859344482,0.2626219093799591,-0.3433104455471039,0.5827282667160034,0.3224425613880157,-0.1393032371997833,0.4260739088058471,0.3197385966777801,-0.1447692364454269,0.5549476146697998,0.5006712079048157,0.0027688222471624,0.4440039396286011,0.500746488571167,-0.0030289681162685,0.5677006840705872,0.6226140260696411,0.0088215535506606,0.427938848733902,0.6234319806098938,-0.0136451907455921,0.5868038535118103,0.7320941090583801,0.1569263935089111,0.409117192029953,0.7346532940864563,0.1369066536426544
U,False,0.4982430040836334,0.2671510875225067,-0.295562744140625,0.580731987953186,0.326389729976654,-0.0651655718684196,0.4247293174266815,0.3245155215263366,-0.0792614966630935,0.5543563365936279,0.5000604391098022,0.0013737073168158,0.4455176889896393,0.5015810132026672,-0.0016517338808625,0.5727036595344543,0.6209712624549866,-0.0038344096392393,0.4249951541423797,0.621132493019104,-0.0068809599615633,0.5848648548126221,0.7258776426315308,0.1918651163578033,0.4152549803256988,0.7327581644058228,0.1714416593313217
U,False,0.4974810183048248,0.2663217782974243,-0.3533470630645752,0.5840678215026855,0.3231168389320373,-0.1620085090398788,0.4308566153049469,0.3222534656524658,-0.1138539537787437,0.5537165403366089,0.5000455975532532,-0.0058939508162438,0.4460061192512512,0.5007978081703186,0.0056267492473125,0.569856584072113,0.6197652816772461,0.0157967414706945,0.4287611842155456,0.621065080165863,0.0033632637932896,0.5896196961402893,0.7266377210617065,0.1676805913448333,0.4131090939044952,0.7324396371841431,0.1560959070920944
U,False,0.4939253628253937,0.2632103264331817,-0.3415939509868622,0.580134391784668,0.321572482585907,-0.1418335437774658,0.4300238192081451,0.3186360597610473,-0.1079010367393493,0.5545951128005981,0.5000279545783997,-0.0030477279797196,0.4458759427070617,0.5005282163619995,0.0027858507819473,0.5726606249809265,0.6186975240707397,0.019138304516673,0.4297196865081787,0.6186997890472412,0.004798631183803,0.5922061204910278,0.7264017462730408,0.1801402270793914,0.4144527614116668,0.7286208271980286,0.1647310853004455
U,False,0.4971363246440887,0.2657535374164581,-0.3827532827854156,0.5777500867843628,0.3196679651737213,-0.1417853981256485,0.4186580181121826,0.3152684867382049,-0.1663956344127655,0.5570434927940369,0.4997924268245697,0.0092942072078585,0.443928062915802,0.5017420053482056,-0.0093918815255165,0.5893347859382629,0.6167580485343933,0.0488285385072231,0.4321710169315338,0.6193514466285706,0.0384448133409023,0.5976678729057312,0.7145484685897827,0.2752861678600311,0.4260887801647186,0.7242277264595032,0.2726681232452392
U,False,0.4980753660202026,0.2712723612785339,-0.3928958773612976,0.5821565985679626,0.3235136568546295,-0.1608916968107223,0.4199763834476471,0.322698026895523,-0.1606816798448562,0.5548323392868042,0.5000259876251221,0.0035646776668727,0.4457924664020538,0.5013056993484497,-0.0037871873937547,0.5712370872497559,0.6185479164123535,0.0274812933057546,0.4286347925662994,0.6190021634101868,0.004839357919991,0.5878236889839172,0.7265118360519409,0.1887212395668029,0.421553760766983,0.7293595671653748,0.1738084703683853
U,False,0.4980331659317016,0.2657884359359741,-0.3548290431499481,0.5770013928413391,0.3208812475204468,-0.1621603667736053,0.4305005073547363,0.3220385313034057,-0.1321411728858947,0.5537352561950684,0.4999989569187164,-0.0053479294292628,0.446553111076355,0.5009214282035828,0.0050500696524977,0.5643789768218994,0.6207404732704163,0.0027692541480064,0.4222449362277984,0.6191301941871643,0.0029834080487489,0.5798238515853882,0.7281163930892944,0.1499043256044387,0.4058497846126556,0.7295942902565002,0.1567336916923523
U,False,0.4938708245754242,0.2689559161663055,-0.3743506669998169,0.5772235989570618,0.3251862823963165,-0.1577922999858856,0.4180248975753784,0.3236846923828125,-0.1434010565280914,0.5537631511688232,0.5001965165138245,-0.0031037679873406,0.4468321204185486,0.5014224052429199,0.0027420485857874,0.5638638734817505,0.6197674870491028,0.0067915618419647,0.4253277778625488,0.6211785078048706,0.0051511307246983,0.5794759392738342,0.7250086665153503,0.1840473264455795,0.4096724689006805,0.7322591543197632,0.1767513155937194
U,False,0.4906775057315826,0.2706814706325531,-0.3363077342510223,0.583331286907196,0.3213441669940948,-0.110395461320877,0.4229867160320282,0.3195604979991913,-0.0988869220018386,0.5552923679351807,0.4996678233146667,-0.0003701381501741,0.4458531737327575,0.5009647607803345,0.0001617504749447,0.5709474682807922,0.6169289946556091,0.0194516368210315,0.4301044344902038,0.620163083076477,0.0009662550291977,0.5830538272857666,0.7248893976211548,0.1885593682527542,0.4186517298221588,0.7317599058151245,0.1718320250511169
U,False,0.4947595000267029,0.2679699957370758,-0.3550121486186981,0.5789608359336853,0.3239923417568207,-0.1201514601707458,0.4164266884326935,0.322921484708786,-0.124530129134655,0.5547617673873901,0.4999361038208008,0.0053607458248734,0.4443606734275818,0.5003412961959839,-0.005573758855462,0.5697327256202698,0.6167128682136536,0.0367298647761344,0.4298250377178192,0.6213672757148743,-0.0076262736693024,0.5896877646446228,0.7233037352561951,0.2090973556041717,0.424205869436264,0.7326111793518066,0.1561630368232727
U,False,0.4906401038169861,0.2653098702430725,-0.2901058495044708,0.5886874794960022,0.3258123695850372,0.035469576716423,0.4027354419231415,0.3231404721736908,-0.0229469779878854,0.5556173324584961,0.4997378587722778,0.0180529132485389,0.4430814981460571,0.5004334449768066,-0.0181239712983369,0.5624556541442871,0.6162700057029724,0.0499495677649974,0.4286039471626282,0.6191195845603943,-0.0074210627935826,0.5806281566619873,0.7226477265357971,0.297118604183197,0.4175488352775574,0.7283701300621033,0.227788358926773
U,False,0.5006375312805176,0.2662365436553955,-0.3671405613422394,0.5821404457092285,0.3243130445480346,-0.1569808423519134,0.428890973329544,0.3199092745780945,-0.1498002409934997,0.5547385215759277,0.5004822015762329,0.0060585066676139,0.4438445270061493,0.5003582835197449,-0.0063224784098565,0.571713387966156,0.6181904673576355,0.038011435419321,0.4238093793392181,0.6182703375816345,-0.0073625817894935,0.5821521878242493,0.725943922996521,0.199799969792366,0.405636727809906,0.7294304370880127,0.1566700637340545
U,False,0.495499312877655,0.2612508833408355,-0.3876631557941437,0.5767624378204346,0.320379227399826,-0.158467411994934,0.4108411967754364,0.3191734552383423,-0.1735734194517135,0.5561291575431824,0.4989709258079529,0.0113124996423721,0.4432890713214874,0.5018057227134705,-0.0115803396329283,0.5835027694702148,0.6196662187576294,0.0091411061584949,0.4380367696285248,0.6236131191253662,-0.0090011674910783,0.6002302169799805,0.7314755916595459,0.1483888477087021,0.4243808090686798,0.7322520613670349,0.1643853187561035
U,False,0.4927355349063873,0.2753002047538757,-0.3592641055583954,0.5638390183448792,0.3196051716804504,-0.110495924949646,0.4031076729297638,0.3239037096500397,-0.1563487499952316,0.5547472834587097,0.4993647336959839,0.0055843582376837,0.4460631906986236,0.5009975433349609,-0.0057782898657023,0.582370400428772,0.6199392676353455,-0.0020829513669013,0.4161829352378845,0.6207337975502014,0.0188403967767953,0.5821219682693481,0.728417158126831,0.1563781350851059,0.4048227071762085,0.7277911305427551,0.1985121667385101
U,False,0.4899281561374664,0.2700971364974975,-0.3355639278888702,0.5658283829689026,0.32590451836586,-0.1115406826138496,0.4113813042640686,0.3274614214897156,-0.1208073794841766,0.5533368587493896,0.499650776386261,0.0017233461840078,0.4452021420001983,0.5020139217376709,-0.0019698378164321,0.5699693560600281,0.6206101775169373,-0.0075908415019512,0.429031640291214,0.6213309168815613,-0.0223993752151727,0.5800361633300781,0.7298762202262878,0.1546932011842727,0.4021675586700439,0.7304786443710327,0.1433977037668228
U,False,0.4947865605354309,0.2662422358989715,-0.3217389285564422,0.5726029872894287,0.3244011104106903,-0.0753381624817848,0.4113248586654663,0.3205630481243133,-0.1383883655071258,0.5551448464393616,0.4998850524425506,0.0124469082802534,0.4439070522785187,0.5007773637771606,-0.0126779517158865,0.5738203525543213,0.621380090713501,0.0067474916577339,0.4275440871715545,0.6209191083908081,0.0070625692605972,0.5849933624267578,0.7279613614082336,0.1610661298036575,0.4067801833152771,0.7279122471809387,0.1928512006998062
U,False,0.5024693012237549,0.2788201570510864,-0.3957668840885162,0.5718139410018921,0.3315159380435943,-0.1560730189085006,0.4154901802539825,0.3281794488430023,-0.1775740683078766,0.5552368760108948,0.4995573163032532,0.0007483170484192,0.44377002120018,0.5013253092765808,-0.0010039698099717,0.596219003200531,0.6156474947929382,-0.0440929718315601,0.3846117258071899,0.6147153973579407,-0.0461930111050605,0.5779560804367065,0.7112883925437927,0.2535775899887085,0.4043879806995392,0.7093941569328308,0.2709264755249023
U,False,0.4934892654418945,0.2738174200057983,-0.3640647232532501,0.5696654915809631,0.3296839594841003,-0.1322671771049499,0.4143660068511963,0.3242100179195404,-0.1510048508644104,0.554494321346283,0.5001524090766907,0.0014859157381579,0.4453901350498199,0.5013209581375122,-0.0018185784574598,0.5923705101013184,0.6192365288734436,-0.0439540110528469,0.4025670289993286,0.620183527469635,-0.0072426875121891,0.5800715684890747,0.7215865254402161,0.1754628866910934,0.4061639308929443,0.7203320860862732,0.2221008092164993
U,False,0.5054908394813538,0.2597014009952545,-0.3726444542407989,0.5820815563201904,0.3175489008426666,-0.1301511973142624,0.4190250635147095,0.3166083991527557,-0.1610324382781982,0.5574401617050171,0.499187022447586,0.0090915216132998,0.443825364112854,0.5012498497962952,-0.0093209603801369,0.583583414554596,0.6245232224464417,0.0087482221424579,0.4278945326805115,0.628826379776001,0.006836918182671,0.5970972776412964,0.7381477355957031,0.1518270373344421,0.4216305017471313,0.734731912612915,0.1895827353000641
U,False,0.4993698596954345,0.2650662958621979,-0.3668936192989349,0.5732267498970032,0.3252917826175689,-0.1220782846212387,0.4183906614780426,0.325237512588501,-0.1466835588216781,0.5556198358535767,0.5005172491073608,0.007536198478192,0.443491518497467,0.5010727047920227,-0.007829456590116,0.576529860496521,0.6238638162612915,-0.0039084516465663,0.4317270815372467,0.6230015754699707,-0.0096770394593477,0.5840721726417542,0.7353920936584473,0.1598296463489532,0.4083203673362732,0.7330704927444458,0.1724873781204223
U,False,0.486798346042633,0.2635641992092132,-0.3779594600200653,0.5704895853996277,0.323483258485794,-0.1288489997386932,0.4170436561107635,0.3223116099834442,-0.1535109579563141,0.5556407570838928,0.4991966187953949,0.0098822005093097,0.4452181160449981,0.5009665489196777,-0.0102814165875315,0.5715644955635071,0.6223686933517456,-0.0385280065238475,0.4105316996574402,0.6205454468727112,0.0322896391153335,0.5790074467658997,0.7304176092147827,0.1686756908893585,0.3864230215549469,0.7229713201522827,0.3005731105804443
U,False,0.4930172264575958,0.2687112092971802,-0.3377696871757507,0.5678372979164124,0.3207559883594513,-0.1033226624131202,0.4116573631763458,0.3223072588443756,-0.1185891702771186,0.5559952855110168,0.4993405640125274,-0.0038226395845413,0.4447911977767944,0.5022357106208801,0.003471620613709,0.5846139192581177,0.6238193511962891,-0.0502857454121112,0.4299941062927246,0.6242203712463379,-0.001736128469929,0.6018175482749939,0.7308336496353149,0.1767059117555618,0.4085336029529571,0.7300916910171509,0.2185762077569961
U,False,0.4957640767097473,0.2917074561119079,-0.3848185539245605,0.579505980014801,0.3332357406616211,-0.1561534106731414,0.4185044765472412,0.3330214023590088,-0.1407355666160583,0.5557436347007751,0.4993579983711242,-0.008331106044352,0.4452937543392181,0.501641571521759,0.0080875428393483,0.5787026882171631,0.6132630705833435,-0.0231071915477514,0.4070442020893097,0.6137075424194336,0.0154717965051531,0.590720534324646,0.703972578048706,0.2853057384490967,0.4028844535350799,0.707217276096344,0.3302556872367859
U,False,0.4997169971466064,0.2629585564136505,-0.3718360662460327,0.5824887752532959,0.3203907907009125,-0.1410082578659057,0.4183933734893799,0.318210244178772,-0.1502638757228851,0.5588333606719971,0.4998241662979126,-0.0006323205307126,0.4421465098857879,0.5011103749275208,0.0003274546179454,0.5871424078941345,0.6231802105903625,-0.0445700623095035,0.4178322851657867,0.6246495246887207,0.0293476805090904,0.5972691178321838,0.7317867279052734,0.207553893327713,0.4071397483348846,0.7306103110313416,0.2891268134117126
U,False,0.5103886723518372,0.2600811719894409,-0.3845588862895965,0.5893208980560303,0.3176925778388977,-0.1570087224245071,0.4240483939647674,0.3173229396343231,-0.1659517139196396,0.5580167770385742,0.4998602867126465,-0.0004195852088741,0.4431124329566955,0.500253438949585,0.0001113720718421,0.5776880979537964,0.6225242018699646,-0.0517752692103385,0.4246533513069153,0.6245406270027161,0.0536332465708255,0.5959163308143616,0.7345131635665894,0.1479922235012054,0.4086602628231048,0.728134274482727,0.3191144168376922
U,False,0.5038013458251953,0.2587639689445495,-0.3828979134559631,0.5889170169830322,0.3106905817985534,-0.1522798091173172,0.4232761859893799,0.3088083267211914,-0.1539951264858245,0.5573244690895081,0.5008801817893982,-0.0065005957148969,0.4425460696220398,0.5003582835197449,0.0062357317656278,0.575527548789978,0.6222051978111267,-0.0770501047372818,0.4227980673313141,0.624228298664093,0.0916635543107986,0.5929241180419922,0.7332823276519775,0.1343902647495269,0.4052196145057678,0.7270246148109436,0.4022828936576843
U,False,0.5061941146850586,0.2627092599868774,-0.4083470404148102,0.5869857668876648,0.3177375197410583,-0.1676003783941269,0.4252139031887054,0.3152283728122711,-0.175754114985466,0.557668149471283,0.5006572604179382,0.0033852027263492,0.441361129283905,0.5008737444877625,-0.0036525926552712,0.5839480757713318,0.6242444515228271,0.0002536312385927,0.4116704761981964,0.6255811452865601,0.1002290323376655,0.5906972885131836,0.7235704064369202,0.2990367412567138,0.40784752368927,0.721011221408844,0.4422775506973266
U,False,0.5032833814620972,0.273745059967041,-0.4131472110748291,0.5838320851325989,0.326824277639389,-0.1842719763517379,0.4249659180641174,0.3221622705459595,-0.1663147360086441,0.5572625994682312,0.5007617473602295,-0.0031989568378776,0.4419363439083099,0.4994643926620483,0.0029639049898833,0.5885176658630371,0.6197631359100342,-0.0350847579538822,0.4001010954380035,0.6170328259468079,0.0599352680146694,0.5839293599128723,0.7093098163604736,0.3375317454338074,0.3978171050548553,0.7060869932174683,0.4502303898334503
U,False,0.5185834765434265,0.2594090700149536,-0.4105373024940491,0.5918898582458496,0.3224722445011139,-0.1833236068487167,0.4316763579845428,0.3175586760044098,-0.177851527929306,0.5579626560211182,0.5008167028427124,0.0005513756768777,0.4434950947761535,0.5000555515289307,-0.000929165049456,0.5794902443885803,0.6222519874572754,-0.0380245931446552,0.426209032535553,0.6250494122505188,0.0157038737088441,0.5935750603675842,0.731693685054779,0.2028282731771469,0.40545654296875,0.7289074063301086,0.2788942158222198
U,False,0.5098142027854919,0.2646718919277191,-0.3666680157184601,0.5797491669654846,0.3222260773181915,-0.1309774219989776,0.4212890863418579,0.3157379627227783,-0.1669684946537017,0.5570204854011536,0.5004934668540955,0.0081054680049419,0.4443073868751526,0.5007767677307129,-0.0083868680521845,0.5807698369026184,0.6234868764877319,-0.0339446924626827,0.4257026314735412,0.6204786896705627,0.0088321231305599,0.594721257686615,0.7346717119216919,0.1438218355178833,0.4086327254772186,0.7263949513435364,0.2249332070350647
U,False,0.510241687297821,0.2693303823471069,-0.3920789361000061,0.5824458599090576,0.3223598599433899,-0.1626137346029281,0.4285214841365814,0.3160457611083984,-0.165647804737091,0.555696964263916,0.5003431439399719,-0.0038765000645071,0.4434015154838562,0.500642716884613,0.0035557472147047,0.5800907015800476,0.623462438583374,-0.0536459162831306,0.419453889131546,0.6241530776023865,0.0182193256914615,0.5902358293533325,0.7305207848548889,0.1719556003808975,0.4057154059410095,0.7267677187919617,0.2591728270053863
U,False,0.4996694922447204,0.2900904715061188,-0.4292640388011932,0.5841431021690369,0.3311373591423034,-0.2043688893318176,0.4265532791614532,0.3348855674266815,-0.1858008950948715,0.5566259026527405,0.5009302496910095,0.0012392706703394,0.4439709186553955,0.499583750963211,-0.0014582788571715,0.5863285064697266,0.6155102252960205,0.0308132786303758,0.3991287350654602,0.6121566295623779,0.098969429731369,0.5824697613716125,0.69988614320755,0.398965835571289,0.4031631052494049,0.696320116519928,0.5050315260887146
U,False,0.5023602247238159,0.2660330832004547,-0.3942158222198486,0.5841934084892273,0.322085976600647,-0.2005225121974945,0.428475558757782,0.3174272775650024,-0.1396812498569488,0.5554733872413635,0.5012918710708618,-0.0060933791100978,0.443743884563446,0.4997425377368927,0.0058524929918348,0.5805352330207825,0.6206938624382019,-0.0009693828178569,0.4309043288230896,0.6222779750823975,0.0403461754322052,0.5961475968360901,0.7291367650032043,0.1654459536075592,0.4103715121746063,0.7237803339958191,0.2474644482135772
U,False,0.501422107219696,0.2672411799430847,-0.3616949319839477,0.5788260698318481,0.3231087028980255,-0.1447308808565139,0.422925055027008,0.3196561932563782,-0.1502393782138824,0.5553169250488281,0.5001198649406433,0.0028936045709997,0.4447556138038635,0.5007325410842896,-0.0032225679606199,0.5815858840942383,0.6193639039993286,-0.0025034572463482,0.4306479394435882,0.6221694350242615,0.0038924212567508,0.5985414981842041,0.7317205667495728,0.1523721516132354,0.4163856506347656,0.7279281616210938,0.1716592758893966
U,False,0.4989162385463714,0.2666012644767761,-0.3626044392585754,0.574860692024231,0.3213801383972168,-0.1420846283435821,0.4219699800014496,0.3172228932380676,-0.1430617570877075,0.5545510649681091,0.4996446669101715,-0.0005771740106865,0.444350928068161,0.5018308758735657,0.0002704949001781,0.5822234153747559,0.6197370886802673,-0.0109056290239095,0.4197019934654236,0.6231113076210022,0.0368945859372615,0.5943085551261902,0.7269395589828491,0.1266065090894699,0.4126835167407989,0.7269810438156128,0.2145084142684936
U,False,0.4933090806007385,0.2813308835029602,-0.4166695475578308,0.569546639919281,0.326840877532959,-0.1810670346021652,0.419573962688446,0.3249155879020691,-0.170006439089775,0.5555481910705566,0.4997984170913696,-0.0067876768298447,0.4447704255580902,0.5003288984298706,0.0065693045035004,0.5976418256759644,0.6130653023719788,-0.0583138428628444,0.3967567682266235,0.6152883768081665,0.0038747477810829,0.5846593976020813,0.702929675579071,0.3060081303119659,0.4018840491771698,0.7042180299758911,0.3776969313621521
U,False,0.4989111423492431,0.2712661921977997,-0.3575818538665771,0.5735190510749817,0.3277569711208343,-0.1394845843315124,0.4191950857639313,0.3248882889747619,-0.1469190269708633,0.5541712641716003,0.5010450482368469,-0.001539661665447,0.4446533620357513,0.5006134510040283,0.0011854387121275,0.5760015249252319,0.6218252778053284,-0.0108897816389799,0.4301719665527344,0.6214287877082825,0.0031557902693748,0.5886866450309753,0.735630989074707,0.1264831870794296,0.4059574604034424,0.7308287024497986,0.1564970910549163
U,False,0.5029213428497314,0.2701087296009063,-0.3461246788501739,0.5720911622047424,0.326299637556076,-0.1260441094636917,0.4214031994342804,0.3233919441699981,-0.1371645778417587,0.5555141568183899,0.4998250901699066,0.0021442137658596,0.4458183348178863,0.5003167986869812,-0.0025120831560343,0.5772619247436523,0.6189889907836914,-0.0023442627862095,0.4302451908588409,0.620576024055481,0.0099307289347052,0.5916296243667603,0.7330988645553589,0.1261411756277084,0.4064682126045227,0.7268354892730713,0.1686892956495285
U,False,0.4944246113300323,0.273219496011734,-0.3654471039772033,0.5684568881988525,0.3271595537662506,-0.1442281156778335,0.4152432382106781,0.3241913020610809,-0.1549222916364669,0.554301917552948,0.5004949569702148,-0.0035185758024454,0.4456886053085327,0.5011442303657532,0.0032146323937922,0.5753295421600342,0.6194857954978943,-0.0117313358932733,0.4284133911132812,0.6209082007408142,0.0448396950960159,0.5901039838790894,0.7333622574806213,0.1074646711349487,0.4085377752780914,0.7268014550209045,0.2237506508827209
U,False,0.4876947700977325,0.2804707288742065,-0.3744847178459167,0.5783780217170715,0.329664021730423,-0.1850132048130035,0.4256496429443359,0.3286940455436706,-0.1239254847168922,0.5542708039283752,0.5004125237464905,-0.0087187001481652,0.4458289742469787,0.5007860660552979,0.008408710360527,0.5689464807510376,0.6181478500366211,-0.0260203164070844,0.4080336391925812,0.6191941499710083,0.0322129428386688,0.5848444104194641,0.7192045450210571,0.2058900445699691,0.4081138074398041,0.7159875631332397,0.2995679080486297
U,False,0.4996462166309356,0.2760693728923797,-0.3978733420372009,0.5729380249977112,0.3221209347248077,-0.1439651399850845,0.4154819250106811,0.3235476613044739,-0.1599565595388412,0.5569726228713989,0.5002459287643433,0.0009432131191715,0.444086343050003,0.5003504157066345,-0.0011788118863478,0.5914487838745117,0.6225603818893433,-0.0443998239934444,0.4194948673248291,0.6222491264343262,0.056667972356081,0.5990920066833496,0.7270675301551819,0.1747499704360962,0.4171119630336761,0.7236249446868896,0.3288341462612152
U,False,0.5027127265930176,0.2693564593791961,-0.3596963882446289,0.580495297908783,0.3248949944972992,-0.1550727486610412,0.4242439568042755,0.3240777552127838,-0.1459130942821502,0.5565844774246216,0.5007013082504272,-0.0048299450427293,0.4446671307086944,0.50090491771698,0.0045363791286945,0.5849108695983887,0.6198548674583435,-0.0189805515110492,0.4351204633712768,0.6217991709709167,0.0289466995745897,0.6053056120872498,0.7320911884307861,0.1185960695147514,0.4207198321819305,0.7273244857788086,0.2022814303636551
U,False,0.5011642575263977,0.2760884165763855,-0.2966112196445465,0.5754894018173218,0.3223670423030853,-0.0623428784310817,0.418087363243103,0.3179283440113067,-0.078768067061901,0.555357038974762,0.4997682869434356,-0.0010532356100156,0.4453957378864288,0.501456618309021,0.0008710144902579,0.5854448080062866,0.6203784942626953,-0.0223601553589105,0.4341564774513244,0.62211674451828,0.0400902442634105,0.6084854602813721,0.7325716018676758,0.1122319996356964,0.4195340573787689,0.7276683449745178,0.2217485606670379
U,False,0.4921528398990631,0.2724951505661011,-0.3645912408828735,0.5792324542999268,0.3231258690357208,-0.1260334551334381,0.4112890362739563,0.3213329315185547,-0.1372140347957611,0.554286539554596,0.5000078678131104,-0.0036724195815622,0.4458669424057007,0.5014833807945251,0.0034565234091132,0.5769047141075134,0.6215130090713501,-0.0427685119211673,0.4262627959251404,0.6230005025863647,0.0424997918307781,0.5881298780441284,0.7316833138465881,0.1517986059188842,0.4048148691654205,0.7285354733467102,0.2869193255901336
U,False,0.503705620765686,0.2636574506759643,-0.3821339607238769,0.5795179009437561,0.3180005252361297,-0.157302513718605,0.420844554901123,0.3180731534957886,-0.150235503911972,0.5550866723060608,0.4991016089916229,-0.0033063117880374,0.443700224161148,0.5012226104736328,0.0031057347077876,0.5803614258766174,0.6160607933998108,-0.003019172232598,0.4307856857776642,0.6187795996665955,0.0279164016246795,0.5932348370552063,0.7261164784431458,0.1409053355455398,0.4156113564968109,0.7236618399620056,0.2009273320436477
U,False,0.4928129911422729,0.2645162642002105,-0.357256531715393,0.581768810749054,0.3155671060085296,-0.143305242061615,0.4215423762798309,0.3196324110031128,-0.122043028473854,0.5564596652984619,0.4996952712535858,-0.0052736634388566,0.4423486888408661,0.5005490183830261,0.0051387399435043,0.5819085240364075,0.617857813835144,0.0157775767147541,0.432271808385849,0.6204157471656799,0.0470944382250309,0.5994281768798828,0.7268977165222168,0.1646863371133804,0.417505532503128,0.7235103249549866,0.2308965325355529
U,False,0.4904960989952087,0.2875754833221435,-0.2476833313703537,0.5871661901473999,0.3181574940681457,-0.0106738340109586,0.4236107766628265,0.3244973123073578,0.0212334655225276,0.5539055466651917,0.5007829666137695,-0.0104871382936835,0.4473997950553894,0.4994788467884063,0.0103257512673735,0.5771874189376831,0.6191484332084656,0.0160749144852161,0.4231576323509216,0.619330108165741,0.0177035126835107,0.5883343815803528,0.7300955653190613,0.1414007097482681,0.4034374952316284,0.7249631285667419,0.1591864377260208
U,False,0.494992196559906,0.2559249997138977,-0.4050211012363434,0.5775288343429565,0.3193613588809967,-0.1984028071165084,0.4160290062427521,0.3149323165416717,-0.1571422815322876,0.5552361011505127,0.5003315806388855,0.0018396698869764,0.44428151845932,0.5005442500114441,-0.0020840635988861,0.5828243494033813,0.6190890073776245,0.0136836655437946,0.4226583242416382,0.6229347586631775,0.0731838122010231,0.59406977891922,0.7219903469085693,0.2619910538196563,0.4205204248428345,0.7190899848937988,0.3769117295742035
U,False,0.4971595108509063,0.264613926410675,-0.3901936709880829,0.574677050113678,0.32302987575531,-0.1719526052474975,0.4159395098686218,0.321369856595993,-0.1602164655923843,0.5562533140182495,0.5001925230026245,-0.0063972035422921,0.4443510770797729,0.5008670687675476,0.0061489311046898,0.5777155160903931,0.620071530342102,-0.0135789178311824,0.4329315423965454,0.6226018071174622,0.0454098992049694,0.5907095670700073,0.7296535968780518,0.1323498785495758,0.4187159240245819,0.72867751121521,0.2376171350479126
U,False,0.5031266212463379,0.2665523886680603,-0.3714209496974945,0.5792993903160095,0.3240670263767242,-0.1399123221635818,0.4211082458496094,0.3213821649551391,-0.1388768255710601,0.5565440654754639,0.4997477531433105,-0.000175285997102,0.4442463219165802,0.5006080865859985,-6.081494575482793e-05,0.5811014175415039,0.6194779276847839,-0.0040806657634675,0.4334818422794342,0.6217297911643982,0.0245404541492462,0.5944743156433105,0.7291238307952881,0.1415966004133224,0.4176702499389648,0.7250746488571167,0.2058733701705932
U,False,0.5118044018745422,0.2703610360622406,-0.4186710715293884,0.5901950001716614,0.3243495523929596,-0.1614105552434921,0.4186084568500519,0.3175005614757538,-0.1801166534423828,0.5569286346435547,0.4998525977134704,0.0073907282203435,0.4423064291477203,0.5002639889717102,-0.007554096635431,0.583876371383667,0.6193497776985168,-0.0034998995251953,0.4123170077800751,0.6199485659599304,0.0738165453076362,0.5913635492324829,0.7225710153579712,0.235275536775589,0.4115228652954101,0.7175883650779724,0.3835386037826538
U,False,0.499318778514862,0.2663207948207855,-0.3808851540088653,0.5758984088897705,0.3233004212379455,-0.1790499687194824,0.4167142212390899,0.3212379217147827,-0.1669014543294906,0.55576491355896,0.5002844929695129,0.002178331837058,0.4456522464752197,0.5011815428733826,-0.0025261386763304,0.5800905227661133,0.6254717707633972,-0.0004355667333584,0.4333291053771972,0.6258138418197632,-0.0100018111988902,0.5909914374351501,0.7365995645523071,0.1593822985887527,0.4142180979251861,0.7363510131835938,0.1589552164077758
U,False,0.4999559819698334,0.267897218465805,-0.3803613781929016,0.5752059817314148,0.3240689039230346,-0.1584658771753311,0.4216548204421997,0.3214831352233886,-0.1572730839252472,0.5551665425300598,0.5008704662322998,-0.0050884159281849,0.4455225765705108,0.5002580881118774,0.0048097148537635,0.576078474521637,0.6221702098846436,-0.0052016386762261,0.4256072342395782,0.61981201171875,0.0267661735415458,0.5798495411872864,0.7319778203964233,0.1424958407878875,0.4081269800662994,0.7276962399482727,0.1989674419164657
U,False,0.5039174556732178,0.2683499455451965,-0.3638976812362671,0.5692870616912842,0.3246985375881195,-0.1458263993263244,0.4161204695701599,0.3220936954021454,-0.1633295714855194,0.5544354319572449,0.5004693865776062,0.0070243715308606,0.4468262791633606,0.5005055069923401,-0.0072986939921975,0.5776374936103821,0.6182674765586853,0.0073174429126083,0.4328819215297699,0.6198652386665344,0.0040516187436878,0.5843373537063599,0.7279519438743591,0.1490079015493393,0.4125917553901672,0.7264450788497925,0.1783904284238815
U,False,0.5008045434951782,0.2635622918605804,-0.3400412201881408,0.5749960541725159,0.3204784095287323,-0.127998948097229,0.4221087396144867,0.3185287415981293,-0.1146459057927131,0.5542384386062622,0.5000733733177185,0.002199379261583,0.4451465010643005,0.500329852104187,-0.0023875734768807,0.5731539726257324,0.6178361177444458,0.0191668327897787,0.4272588193416595,0.6178338527679443,0.0161562468856573,0.579750657081604,0.7245427966117859,0.1534225195646286,0.4066514074802398,0.7219727635383606,0.1775605082511901
U,False,0.502530038356781,0.2720961272716522,-0.3596969246864319,0.5840816497802734,0.3202311396598816,-0.1424647718667984,0.4273450374603271,0.3191922605037689,-0.1263812631368637,0.5547318458557129,0.5008165240287781,-0.0014151791110634,0.4447201788425445,0.4994129836559295,0.0012107617221772,0.5685046315193176,0.6203451752662659,0.0202349238097667,0.4116309881210327,0.6194542646408081,0.0670479387044906,0.5688942074775696,0.7224900126457214,0.2181598544120788,0.3980697989463806,0.7172960042953491,0.3027291595935821
U,False,0.5052074193954468,0.2713648974895477,-0.3848310112953186,0.5817133188247681,0.3232108056545257,-0.1469588130712509,0.4233909547328949,0.3173581957817077,-0.1681840270757675,0.5528760552406311,0.5005613565444946,0.0006219348288141,0.4459389448165893,0.5004130601882935,-0.0008333206060342,0.5690747499465942,0.6180210113525391,0.0105268349871039,0.4274396002292633,0.619730532169342,0.0811704024672508,0.5785092115402222,0.7309305667877197,0.1207431852817535,0.4074218571186065,0.7235187292098999,0.2862300276756286
U,False,0.4939354360103607,0.2685242891311645,-0.3457759916782379,0.5729072093963623,0.3242301046848297,-0.139674425125122,0.4213723838329315,0.3173131942749023,-0.1324301809072494,0.5536360740661621,0.5002560615539551,0.0028743552975356,0.4460092484951019,0.5002481341362,-0.0030744771938771,0.5786648988723755,0.6208326816558838,0.0026519468519836,0.4339590072631836,0.6206294298171997,-0.0037738387472927,0.5938553214073181,0.7310840487480164,0.1347932517528534,0.4162684679031372,0.7275597453117371,0.1540151834487915
U,False,0.5022638440132141,0.2670600116252899,-0.3695802688598633,0.5761247277259827,0.3219769299030304,-0.1311731040477752,0.4217655956745147,0.3180569410324096,-0.1473399549722671,0.5534858107566833,0.5002866983413696,0.0015221283538267,0.4453643262386322,0.5000739097595215,-0.0017967621097341,0.5755367875099182,0.6230741143226624,0.0098030380904674,0.4289709031581878,0.6198965311050415,0.0359521470963954,0.5813586711883545,0.7283986806869507,0.1674922704696655,0.4159844219684601,0.7250708937644958,0.2311525195837021
U,False,0.5069258213043213,0.2735459804534912,-0.3836570084095001,0.5794703960418701,0.3246832191944122,-0.1347188353538513,0.4228701293468475,0.3173655867576599,-0.151189237833023,0.5537317991256714,0.5001898407936096,0.0007669835467822,0.4464976191520691,0.5000877976417542,-0.0009794897632673,0.5735946893692017,0.6191708445549011,-0.0046802656725049,0.4296504557132721,0.6170756816864014,0.0619036182761192,0.5787320733070374,0.7303609848022461,0.1223574727773666,0.4138488173484802,0.7254109382629395,0.2707656323909759
U,False,0.5007824301719666,0.2686561346054077,-0.357242614030838,0.581207811832428,0.3274244368076324,-0.1260609924793243,0.4230838418006897,0.3232173025608063,-0.1425303667783737,0.5551233291625977,0.5002738833427429,0.0010736765107139,0.4450252652168274,0.5006462335586548,-0.0013020808110013,0.5668747425079346,0.6196228861808777,-0.009953424334526,0.4327888786792755,0.6182711720466614,0.0145397204905748,0.5725120306015015,0.7313827872276306,0.0982098132371902,0.405106633901596,0.7259650826454163,0.1567827314138412
U,False,0.5055578351020813,0.265606552362442,-0.3360753059387207,0.5882749557495117,0.3222156167030334,-0.0621140040457248,0.4054573178291321,0.3256439864635467,-0.0761968716979026,0.5559097528457642,0.499711811542511,-0.0080377263948321,0.4438060522079468,0.5010057091712952,0.0079483734443783,0.5683285593986511,0.6164977550506592,-0.0087755154818296,0.4299204349517822,0.6197450160980225,0.0656260922551155,0.5783400535583496,0.7310130596160889,0.1670069545507431,0.4109205305576324,0.7233597040176392,0.278691291809082
U,False,0.4942022562026977,0.2657313346862793,-0.3540956974029541,0.5672515034675598,0.319573163986206,-0.1343647241592407,0.412302702665329,0.3187388181686401,-0.1612477004528045,0.555311381816864,0.4995601177215576,0.010632655583322,0.444359540939331,0.5010866522789001,-0.0108146183192729,0.5785837769508362,0.6193717122077942,0.0197107009589672,0.4265511929988861,0.6215839982032776,-0.0062625100836157,0.5923483967781067,0.7313422560691833,0.1595643460750579,0.4164832830429077,0.7293775081634521,0.1633612364530563
U,False,0.4844714701175689,0.2807464301586151,-0.4070062339305877,0.5630549192428589,0.3337094485759735,-0.213495522737503,0.4170693159103393,0.3324804008007049,-0.1671302318572998,0.5492318868637085,0.4989037215709686,-0.006004081107676,0.4514264166355133,0.5012919902801514,0.0056335474364459,0.5487168431282043,0.6171560883522034,0.0254204906523227,0.4585151076316833,0.6164870858192444,0.0458194389939308,0.5366101264953613,0.7127888202667236,0.3362334966659546,0.4793192446231842,0.7146742939949036,0.3305944800376892
U,False,0.4785617589950561,0.279103934764862,-0.3776441514492035,0.5614500641822815,0.3372344672679901,-0.1751982718706131,0.4127833545207977,0.3376862704753876,-0.1367127299308776,0.5488702654838562,0.500061571598053,-0.0110211232677102,0.4513978958129883,0.5013771057128906,0.0106306644156575,0.5461923480033875,0.6150364279747009,-0.0011843667598441,0.4553709328174591,0.6163961887359619,0.0506497547030448,0.5260458588600159,0.711285412311554,0.3441512286663055,0.4776473641395569,0.7122496962547302,0.3622732758522033
U,False,0.4792555570602417,0.2794983386993408,-0.3911329805850982,0.5649372339248657,0.3348651528358459,-0.1940234899520874,0.4161716401576996,0.3336824476718902,-0.1535472720861435,0.5496304035186768,0.4994256496429443,-0.0033041897695511,0.4512154161930084,0.5006288886070251,0.0029589007608592,0.5424975156784058,0.6195639371871948,0.0051893983036279,0.4592224955558777,0.6183954477310181,0.0292661022394895,0.5294588208198547,0.7135332822799683,0.3432090878486633,0.4765267372131347,0.7143700122833252,0.3497331142425537
U,False,0.4778444766998291,0.2807646989822387,-0.3934343755245209,0.5589476823806763,0.3337516188621521,-0.1675792932510376,0.4085989594459533,0.3352041840553283,-0.1755080819129943,0.5531837940216064,0.4974002540111542,0.0149598661810159,0.445588618516922,0.5039293169975281,-0.0151277994737029,0.6235315203666687,0.6083177924156189,-0.0035672502126544,0.4428360164165497,0.618452787399292,0.0716522634029388,0.6719792485237122,0.7017361521720886,0.1915892362594604,0.4583426117897033,0.7095390558242798,0.3356659114360809
U,False,0.4785225391387939,0.2796886563301086,-0.4005093872547149,0.5646587610244751,0.3250871002674103,-0.1937436014413833,0.4145473837852478,0.3305229842662811,-0.1747628450393676,0.5526487827301025,0.4991324543952942,0.0001235799718415,0.4469292759895324,0.5013749003410339,-0.0004160485987085,0.5948996543884277,0.6091352105140686,0.1278427839279174,0.4149296879768371,0.6082269549369812,0.1276925951242447,0.6198499798774719,0.7039861083030701,0.3555421531200409,0.3983691036701202,0.7003276944160461,0.3800714910030365
U,False,0.48941770195961,0.2813451886177063,-0.4005039632320404,0.5635243654251099,0.3338632881641388,-0.1941489279270172,0.4256282746791839,0.3285772502422333,-0.1559875309467315,0.5490561723709106,0.5004355907440186,-0.0054877558723092,0.4500626921653747,0.4999262988567352,0.005119246430695,0.5468558669090271,0.6221964955329895,-0.0222599115222692,0.4570114910602569,0.6157424449920654,0.0508740246295928,0.5324480533599854,0.7158592939376831,0.3290185034275055,0.4763762056827545,0.7123745679855347,0.3777441680431366
U,False,0.4969562590122223,0.2807691097259521,-0.4012787640094757,0.5687485933303833,0.3357484936714172,-0.1661046892404556,0.4226816892623901,0.3327805995941162,-0.2078444361686706,0.5532543659210205,0.498834490776062,0.0132181802764534,0.4480005204677582,0.5021765232086182,-0.0135914720594882,0.5983713269233704,0.6104156374931335,0.0207660403102636,0.4124839901924133,0.6127380728721619,0.0424195528030395,0.6355386972427368,0.7081682085990906,0.2331563532352447,0.3950772285461426,0.7100277543067932,0.2922808527946472
U,False,0.488653153181076,0.2842373549938202,-0.4060365557670593,0.5586188435554504,0.335732638835907,-0.1931139975786209,0.417835533618927,0.3355894386768341,-0.1918818652629852,0.5523516535758972,0.4993925988674164,0.0026543280109763,0.4481936693191528,0.5013054609298706,-0.0029971981421113,0.5985816717147827,0.6084273457527161,0.0511000640690326,0.4163097441196441,0.6106019616127014,0.0563519522547721,0.6311345100402832,0.7038240432739258,0.2854493260383606,0.3970521092414856,0.7043266296386719,0.3092272579669952
U,False,0.4869126677513122,0.3052474856376648,-0.4076473116874695,0.5665111541748047,0.3539122641086578,-0.217415913939476,0.4234913289546966,0.3504455983638763,-0.2206308394670486,0.5500480532646179,0.4987004101276397,0.000893565302249,0.4485650360584259,0.5017441511154175,-0.0012355057988315,0.6165472269058228,0.5947330594062805,-0.006553117185831,0.4340808391571045,0.5998589992523193,0.0937264561653137,0.6761981248855591,0.6821742057800293,0.1855775266885757,0.4391648471355438,0.6877025365829468,0.3540230095386505
U,False,0.4749723076820373,0.2841982841491699,-0.3256660103797912,0.5611499547958374,0.3385531902313232,-0.175839677453041,0.4227732121944427,0.3418886363506317,-0.0890932753682136,0.5469378232955933,0.5009852647781372,-0.0187857840210199,0.4521043002605438,0.5005884170532227,0.0185353085398674,0.5370762944221497,0.6184003353118896,-0.0397640280425548,0.4511159062385559,0.6175804138183594,0.0260339807718992,0.5179064273834229,0.7071207165718079,0.2948454320430755,0.4656343460083008,0.7099700570106506,0.312745451927185
U,False,0.4944711625576019,0.2860399484634399,-0.3253967761993408,0.5758403539657593,0.3378783166408539,-0.1407371461391449,0.4319749772548675,0.3390604257583618,-0.1276693493127823,0.5491666793823242,0.5024137496948242,-0.003783936612308,0.4517265260219574,0.4983485341072082,0.0035884683020412,0.5501013398170471,0.6177102327346802,-0.002114419825375,0.4268252551555633,0.6082738041877747,0.0968489572405815,0.5334526300430298,0.7069367170333862,0.2833528518676758,0.4075923562049866,0.6993582844734192,0.415221095085144
U,False,0.4998717308044433,0.2971299290657043,-0.4404619634151459,0.5679819583892822,0.3465923368930816,-0.2688816785812378,0.436072438955307,0.3415966331958771,-0.1879521012306213,0.5482049584388733,0.500335156917572,-0.0050982935354113,0.4528684318065643,0.5004246234893799,0.0046380553394556,0.5612778663635254,0.6026373505592346,0.1676387935876846,0.4258582293987274,0.6031696200370789,0.0526627674698829,0.608501136302948,0.6894932985305786,0.4325342774391174,0.3951704800128937,0.6901338696479797,0.2544557750225067
U,False,0.4954137206077575,0.2884107232093811,-0.4032915234565735,0.570667564868927,0.3425464928150177,-0.1904147416353225,0.4268406629562378,0.3352991938591003,-0.1827008575201034,0.5506380796432495,0.5003623366355896,-0.0022780934814363,0.4492599368095398,0.4997334778308868,0.0019483126234263,0.5955776572227478,0.6090876460075378,0.0370070114731788,0.4010471999645233,0.6064438819885254,0.0447426214814186,0.6193829774856567,0.6973286867141724,0.344739705324173,0.3782618343830108,0.6992616653442383,0.3135333657264709
U,False,0.4977439641952514,0.2851598262786865,-0.3898761570453644,0.5762040615081787,0.3385117948055267,-0.1807328462600708,0.429831713438034,0.329946756362915,-0.1665114015340805,0.5511012077331543,0.5008772611618042,0.0005343278171494,0.4503192603588104,0.4997695684432983,-0.0008561231661587,0.5957052707672119,0.6130802035331726,0.05305927246809,0.4054808020591736,0.6081175804138184,0.0699441507458686,0.6236588358879089,0.7044546604156494,0.3329802453517914,0.3847649395465851,0.7021185755729675,0.3416191637516022
U,False,0.5025171637535095,0.2883983254432678,-0.4086891114711761,0.5717887878417969,0.339908242225647,-0.1691521257162094,0.4320486187934875,0.3350573778152466,-0.2197930216789245,0.5506157875061035,0.5026274919509888,0.0119659844785928,0.4505483508110046,0.4988511204719543,-0.012310666963458,0.564786434173584,0.6124165058135986,0.1092012226581573,0.3837853074073791,0.6026143431663513,-0.0329912006855011,0.5514237880706787,0.7039119005203247,0.3837018013000488,0.3247450292110443,0.698827862739563,0.1565237194299698
U,False,0.4956956207752228,0.287876158952713,-0.3335446715354919,0.5684999227523804,0.3425231873989105,-0.1290521025657653,0.4246433079242706,0.3369833827018738,-0.1391446143388748,0.5474265813827515,0.5013833045959473,-0.0040950663387775,0.4514276683330536,0.4994577467441559,0.0037639481015503,0.538388192653656,0.6181728839874268,-0.0197432432323694,0.4570993483066559,0.6141197085380554,0.0543384961783885,0.5146857500076294,0.7133197784423828,0.2292034178972244,0.4729920327663421,0.7109628319740295,0.3300783336162567
U,False,0.4935193955898285,0.286724716424942,-0.3844023644924164,0.5759372711181641,0.3364672362804413,-0.1871753185987472,0.4314963817596435,0.3362446427345276,-0.1338449120521545,0.5480976700782776,0.5014161467552185,0.0008421868551522,0.4520118832588196,0.4999110698699951,-0.0011989740887656,0.5416805744171143,0.6189001798629761,0.009801740758121,0.4531888663768768,0.6151620745658875,0.0510517358779907,0.5196698307991028,0.7081577777862549,0.3842844367027282,0.4637927711009979,0.7070362567901611,0.395803302526474
U,False,0.490490585565567,0.2836419641971588,-0.3672591745853424,0.5686533451080322,0.337108165025711,-0.1736017614603042,0.4257768094539642,0.3386912941932678,-0.1356680691242218,0.5486553907394409,0.5009538531303406,-0.0100465165451169,0.4524222910404205,0.4996519088745117,0.0097185829654335,0.5423122644424438,0.6165196299552917,-0.0309732258319854,0.4498891830444336,0.6158982515335083,0.0423794537782669,0.5244796276092529,0.7113983035087585,0.3102130591869354,0.4625163972377777,0.7135950922966003,0.3534132540225982
U,False,0.4855669736862182,0.2861219048500061,-0.3795484900474548,0.5579310655593872,0.3366516828536987,-0.1718619465827942,0.4184088408946991,0.3365517854690552,-0.1621747463941574,0.5491040945053101,0.5009568929672241,-0.003514862852171,0.4494796395301819,0.4994625151157379,0.0031885504722595,0.5543456673622131,0.6148923635482788,-0.0527096204459667,0.4337223768234253,0.6126594543457031,0.0597643032670021,0.5188782215118408,0.7048852443695068,0.3322575986385345,0.4632089138031006,0.7010873556137085,0.4827432930469513
U,False,0.4857304096221924,0.3028175830841064,-0.243602380156517,0.5635517239570618,0.3435803949832916,-0.0140809277072548,0.418432354927063,0.346937358379364,-0.0377688854932785,0.5491003394126892,0.5015416145324707,-0.0001215942393173,0.4519974291324615,0.499571830034256,-0.0001201066261273,0.5569413304328918,0.61005038022995,-0.0625733062624931,0.4396445155143738,0.6086044311523438,-0.0626119822263717,0.5192614197731018,0.697711706161499,0.3067232966423034,0.4685215950012207,0.698308527469635,0.2977223992347717
U,False,0.4792657792568207,0.2812444567680359,-0.3288702070713043,0.5624199509620667,0.3378357291221618,-0.1373031586408615,0.4175032079219818,0.3386446237564087,-0.0898543447256088,0.5477973818778992,0.500335156917572,-0.0078153638169169,0.4524678289890289,0.4998890161514282,0.0074755363166332,0.5391451716423035,0.6174806356430054,-0.0452251061797142,0.4574149847030639,0.6134032607078552,0.0284915138036012,0.5192344784736633,0.7123208045959473,0.3184336125850677,0.4741614460945129,0.7108781337738037,0.3629156351089477
U,False,0.4880190789699554,0.2811696231365204,-0.2840101718902588,0.5738925933837891,0.3405671119689941,-0.01429951377213,0.4057104885578155,0.3499476909637451,0.0227051749825477,0.5475596785545349,0.4986874759197235,-0.0109331179410219,0.453470766544342,0.5014345049858093,0.0108216619119048,0.5409223437309265,0.6113458275794983,-0.0523568615317344,0.4571982324123382,0.6100890636444092,0.0062898397445678,0.5263848900794983,0.7078291177749634,0.3225032687187195,0.478970468044281,0.7065996527671814,0.3516299128532409
U,False,0.4846197068691253,0.2795623242855072,-0.4084252119064331,0.5675886869430542,0.3319957256317138,-0.206560268998146,0.4151530861854553,0.3290079534053802,-0.158212199807167,0.5489345788955688,0.5001940727233887,-0.0057641770690679,0.4520541727542877,0.5008398294448853,0.0054245968349277,0.5482234358787537,0.6218249201774597,0.0277911256998777,0.4585905373096466,0.6196845173835754,0.0665301084518432,0.5340375900268555,0.7144973874092102,0.4357203543186188,0.4759292304515838,0.7160653471946716,0.4137785732746124
U,False,0.4710456728935241,0.2864980101585388,-0.3679990172386169,0.563873827457428,0.3345781862735748,-0.1970306187868118,0.4171656370162964,0.3349101841449737,-0.1147895902395248,0.5486866235733032,0.5000958442687988,-0.014264409430325,0.4518724679946899,0.5015222430229187,0.0139411631971597,0.5468185544013977,0.6190625429153442,-0.0174425896257162,0.4626933634281158,0.6188541650772095,0.0289046186953783,0.5325877666473389,0.7135271430015564,0.2859927117824554,0.4787968695163727,0.7139220833778381,0.2952316403388977
U,False,0.5064063668251038,0.280202716588974,-0.3665880262851715,0.5773519277572632,0.3388915359973907,-0.1313855051994323,0.4318031966686249,0.3319686651229858,-0.1794902831315994,0.5496396422386169,0.5004465579986572,0.0115944640710949,0.4494783580303192,0.5005590319633484,-0.0119402492418885,0.5346456170082092,0.6209081411361694,1.171589974546805e-05,0.4490603506565094,0.6194825172424316,0.0029619149863719,0.5185258388519287,0.7134860157966614,0.3331904411315918,0.4570075571537018,0.716796875,0.299876719713211
U,False,0.509588360786438,0.2827337086200714,-0.3817479610443115,0.5813682079315186,0.3402217924594879,-0.1512901782989502,0.4320229887962341,0.3346409797668457,-0.1710469871759414,0.5489872097969055,0.5001625418663025,0.0023972068447619,0.451814591884613,0.501050591468811,-0.002654118463397,0.5395544767379761,0.6178189516067505,-0.011734596453607,0.447481244802475,0.6169605851173401,0.0461392514407634,0.5189133286476135,0.7157448530197144,0.312983363866806,0.465766966342926,0.7142915725708008,0.353006511926651
U,False,0.5084709525108337,0.2777510285377502,-0.3881807029247284,0.573372483253479,0.3377904295921325,-0.1087525859475135,0.4308119416236877,0.3288874626159668,-0.2056489884853363,0.5485420227050781,0.4990553259849548,0.0235669519752264,0.4519445300102234,0.5010863542556763,-0.0238673482090234,0.5385125875473022,0.6154013872146606,-3.1811880035093054e-05,0.4511788785457611,0.6157463788986206,0.0240726843476295,0.5218453407287598,0.7077276706695557,0.3593203723430633,0.4659875631332397,0.7078462839126587,0.3857884705066681
U,False,0.5143629908561707,0.2800405025482178,-0.4130208790302276,0.5859342813491821,0.3384988307952881,-0.2000539749860763,0.4374518096446991,0.3279470205307007,-0.1888237744569778,0.5510643124580383,0.5026782751083374,-0.0067883906885981,0.4480977654457092,0.4986539483070373,0.006438354961574,0.5494036674499512,0.6156374216079712,0.0486645177006721,0.3721993565559387,0.6040576696395874,0.0259900502860546,0.5340732336044312,0.708578884601593,0.3100099861621856,0.3208577036857605,0.699102520942688,0.2568010985851288
U,False,0.5151499509811401,0.2814324498176574,-0.391680896282196,0.5845942497253418,0.3375454545021057,-0.1638669073581695,0.4346977472305298,0.3257496356964111,-0.1838480234146118,0.5523535013198853,0.5004695653915405,0.0030219377949833,0.4468734562397003,0.5010198354721069,-0.0032825150992721,0.5811564326286316,0.6112593412399292,0.0661929473280906,0.3989211618900299,0.6119186282157898,0.0291888210922479,0.6016899943351746,0.7066366076469421,0.3316483199596405,0.3710973262786865,0.709208607673645,0.2561389803886413
U,False,0.4960541427135467,0.2845151126384735,-0.3382200002670288,0.5641694664955139,0.3373674154281616,-0.1088036000728607,0.427028089761734,0.3323017060756683,-0.1536702215671539,0.5484005212783813,0.4993751943111419,0.0103601748123765,0.4503129422664642,0.5012825131416321,-0.0105867804959416,0.5347644090652466,0.6259953379631042,-0.0444390624761581,0.4474655091762543,0.6222812533378601,0.011325622908771,0.5166062116622925,0.7179899215698242,0.2754539549350738,0.4605346322059631,0.7207045555114746,0.306832879781723
U,False,0.5010861158370972,0.2830557525157928,-0.405509352684021,0.575274646282196,0.3363809585571289,-0.1891509145498275,0.4271546602249145,0.3300354480743408,-0.1874983757734298,0.5510138869285583,0.5004568696022034,0.0009212458389811,0.4480724632740021,0.5011871457099915,-0.0012987668160349,0.5848637819290161,0.6107341647148132,0.0331260897219181,0.3992244005203247,0.6104139089584351,0.0424139164388179,0.6069377064704895,0.7099111676216125,0.2298129647970199,0.3637476861476898,0.7089422941207886,0.2634912431240082
U,False,0.5062039494514465,0.2861916720867157,-0.3991048038005829,0.5762103199958801,0.3415117859840393,-0.1834490597248077,0.4389621913433075,0.3324672281742096,-0.1892981082201004,0.5504168272018433,0.5002253651618958,-0.0019919902551919,0.4493019580841064,0.5002719163894653,0.0016818172298371,0.5782814621925354,0.6069782972335815,0.0423859879374504,0.3974961340427398,0.6065309047698975,0.0633185133337974,0.6027163863182068,0.7034505009651184,0.2292011678218841,0.3701911270618438,0.701323926448822,0.2862823009490967
U,False,0.5031265616416931,0.3061902821063995,-0.3972532451152801,0.5651682019233704,0.3556332290172577,-0.1796688884496688,0.4264938235282898,0.34725221991539,-0.2313943654298782,0.5491233468055725,0.5013496279716492,0.0073772803880274,0.4503443539142608,0.4990217983722687,-0.0076173576526343,0.5584896802902222,0.5985744595527649,0.1120105013251304,0.3788368701934814,0.5940183997154236,0.0198311377316713,0.5552640557289124,0.6833906769752502,0.4207731485366821,0.3173088729381561,0.6810582876205444,0.2283968478441238
U,False,0.5149750113487244,0.28352952003479,-0.3543475270271301,0.5731216669082642,0.3461641073226928,-0.1191080510616302,0.4374676048755646,0.3361700773239136,-0.1942721903324127,0.5463162064552307,0.4994825720787048,0.0049281856045126,0.4528564512729645,0.501156747341156,-0.0051833963952958,0.5413224697113037,0.612511396408081,-0.0179532915353775,0.4603829085826874,0.6124361753463745,0.0621495805680751,0.5242938995361328,0.7029235363006592,0.2841517627239227,0.4751661121845245,0.7029523253440857,0.3751716911792755
U,False,0.4971856474876404,0.2859819531440735,-0.3173408508300781,0.5591527223587036,0.3427828252315521,-0.0555159039795398,0.429123967885971,0.3338075280189514,-0.1698304712772369,0.5480855107307434,0.4977398514747619,0.0272849332541227,0.4532399773597717,0.5036188364028931,-0.0274624824523925,0.5704436302185059,0.6074538230895996,0.0215810947120189,0.4494138062000274,0.6166399717330933,-0.0094328178092837,0.5884706974029541,0.7004683017730713,0.2482130080461502,0.4617621302604675,0.7123785614967346,0.2150402218103408
U,False,0.4907431304454803,0.2971892058849334,-0.3832493424415588,0.5634498596191406,0.342944324016571,-0.1784673929214477,0.4272239506244659,0.341198980808258,-0.1958211660385131,0.5486493706703186,0.4999213516712188,0.0091824755072593,0.4518931806087494,0.5014433860778809,-0.0095656625926494,0.5706772804260254,0.6052783131599426,0.0895750373601913,0.4329123795032501,0.6061338782310486,0.0929041355848312,0.5974842309951782,0.6894153356552124,0.3198961913585663,0.3925980031490326,0.6876463890075684,0.3594002425670624
U,False,0.4899327754974365,0.2850125432014465,-0.3957370221614837,0.5655321478843689,0.3410925269126892,-0.1884583234786987,0.4201756715774536,0.333964467048645,-0.1738429516553878,0.5499420762062073,0.4993493258953094,0.0024179613683372,0.4490561485290527,0.5009765625,-0.0028008921071887,0.5908857583999634,0.6037670373916626,0.042408537119627,0.3952353298664093,0.6061908006668091,0.0747554525732994,0.6171244978904724,0.6960886120796204,0.2633731663227081,0.3709277808666229,0.6953443884849548,0.3275832831859588
U,False,0.4954339563846588,0.2824136018753052,-0.397956907749176,0.5635286569595337,0.3381034135818481,-0.1643216609954834,0.4194863736629486,0.3352892994880676,-0.2015050202608108,0.5509365797042847,0.4983779788017273,0.0061360774561762,0.4493429958820343,0.5016725063323975,-0.0064796688966453,0.5893780589103699,0.6073926687240601,0.0335726514458656,0.4007435441017151,0.6088491082191467,0.0360346920788288,0.615082859992981,0.7045186758041382,0.2292865663766861,0.3690425753593445,0.7052435278892517,0.2554525136947632
U,False,0.4923447668552398,0.286501407623291,-0.3990011811256408,0.5589261054992676,0.3396722078323364,-0.1839927285909652,0.4213284850120544,0.333469808101654,-0.1936986446380615,0.5525880455970764,0.4982628226280212,0.0056113209575414,0.4486196041107178,0.5032206773757935,-0.0058814077638089,0.61332106590271,0.6017723083496094,0.0083477525040507,0.4304043054580688,0.608409583568573,0.1155839785933494,0.6724845170974731,0.6976844072341919,0.1473709493875503,0.4388595819473266,0.6990787982940674,0.3947760760784149
U,False,0.4941906332969665,0.2845529019832611,-0.3020775914192199,0.5636299252510071,0.3393361866474151,-0.1057254001498222,0.4277872741222381,0.3348880410194397,-0.0942523330450058,0.5456032752990723,0.4989071190357208,-0.0116153946146368,0.4541361331939697,0.5015803575515747,0.0114204995334148,0.5324324369430542,0.6137832999229431,-0.0332342311739921,0.4531709253787994,0.6162750720977783,0.0281918849796056,0.5210050344467163,0.7071458101272583,0.2793902456760406,0.4754505753517151,0.7116290330886841,0.2887588143348694
U,False,0.4924554228782654,0.2894231081008911,-0.3584404587745666,0.5610554814338684,0.3404056429862976,-0.1337955892086029,0.4206746518611908,0.3316240906715393,-0.1668065786361694,0.5471091270446777,0.4991894066333771,-0.0046546529047191,0.4531716108322143,0.5022611021995544,0.0044501381926238,0.5427697896957397,0.6137843132019043,0.0053695193491876,0.4519888460636139,0.6158130168914795,0.0788560137152671,0.5316521525382996,0.7003955841064453,0.3516540825366974,0.4794484674930572,0.700006365776062,0.400117427110672
U,False,0.5021830797195435,0.281023234128952,-0.3779802322387695,0.5624104142189026,0.3403286337852478,-0.1353162080049514,0.4263390600681305,0.3312107026576996,-0.1989737898111343,0.5481476783752441,0.4994039833545685,0.0013237604871392,0.4532725512981415,0.501698911190033,-0.0015746888238936,0.5485080480575562,0.61479651927948,-0.0402653329074382,0.4525807797908783,0.6132590770721436,0.068188190460205,0.5347699522972107,0.7113710045814514,0.260892242193222,0.4718910753726959,0.7108027935028076,0.3852127194404602
U,False,0.5019818544387817,0.2870354056358337,-0.356526255607605,0.5701074004173279,0.3373100161552429,-0.1307151913642883,0.4330080449581146,0.331184983253479,-0.1516699641942978,0.5488470792770386,0.5001820921897888,-0.0040356200188398,0.4505282044410705,0.5000945925712585,0.0039100791327655,0.5579214096069336,0.6135112047195435,-0.0306533891707658,0.4316491782665252,0.6102187633514404,0.0420341789722442,0.5300354957580566,0.702599287033081,0.3167570233345032,0.4716013371944427,0.703147292137146,0.3877759575843811
U,False,0.5023197531700134,0.2975393533706665,-0.3342401385307312,0.5761093497276306,0.3464369177818298,-0.1227309256792068,0.4323089122772217,0.3420517444610595,-0.1207346841692924,0.5493209958076477,0.5002381205558777,-0.0146597120910882,0.4520175457000732,0.5003827214241028,0.0144930873066186,0.554533064365387,0.6052796840667725,-0.0558925084769725,0.4399746060371399,0.6086258888244629,0.0192576218396425,0.5305806994438171,0.6929113268852234,0.3123372197151184,0.4756968021392822,0.6938043832778931,0.3662771582603454
U,False,0.5066518783569336,0.28090500831604,-0.3356015086174011,0.5725647807121277,0.342552125453949,-0.1186968684196472,0.4366929531097412,0.3327287137508392,-0.1495458781719207,0.5473462343215942,0.500338613986969,0.0003532649134285,0.4530052542686462,0.5002864003181458,-0.0005154071841388,0.5389906764030457,0.6154903769493103,-0.041803304105997,0.4537737071514129,0.6101652979850769,0.0339069291949272,0.5201433300971985,0.711462676525116,0.2629101872444153,0.4706741869449615,0.7102518081665039,0.3224789500236511
U,False,0.5103141665458679,0.2840030193328857,-0.289614588022232,0.5929698944091797,0.3482799530029297,0.0019088789122179,0.4253581762313843,0.3409817814826965,-0.0115132564678788,0.5469362735748291,0.5012786984443665,-0.0011864606058225,0.4533950090408325,0.499607652425766,0.0010767644271254,0.5379254221916199,0.6156894564628601,0.0015960176242515,0.4558761417865753,0.6092724800109863,0.027043854817748,0.5183420777320862,0.7052015662193298,0.3591930866241455,0.4777333736419678,0.7058804631233215,0.3649075627326965
U,False,0.5055153965950012,0.2762351632118225,-0.3678865432739258,0.573707640171051,0.3387409746646881,-0.1393525898456573,0.4297504127025604,0.3300455212593078,-0.1797297894954681,0.5489915013313293,0.4994093477725982,0.0072478377260267,0.4508102536201477,0.5012962818145752,-0.0074535948224365,0.5374475121498108,0.6174237728118896,-0.0155093586072325,0.4466194808483124,0.6175248622894287,0.0274439714848995,0.5186298489570618,0.7153684496879578,0.294451504945755,0.460223525762558,0.7169555425643921,0.309195876121521
U,False,0.521884024143219,0.2845777571201324,-0.3697696328163147,0.5758710503578186,0.3416197299957275,-0.1310595721006393,0.4331183135509491,0.3307808041572571,-0.1871770918369293,0.5502821207046509,0.49971804022789,0.0096640037372708,0.451006531715393,0.5002853870391846,-0.0099291643127799,0.5370006561279297,0.6182183623313904,-0.0130120739340782,0.4521554708480835,0.6145111322402954,0.0261553730815649,0.5230878591537476,0.7137189507484436,0.3198254406452179,0.4630772471427917,0.7140671610832214,0.3132871687412262
U,False,0.4858720004558563,0.2841987311840057,-0.2722126245498657,0.5668544173240662,0.3349707126617431,-0.0765338018536567,0.4247145354747772,0.3340767025947571,-0.0456074848771095,0.5527589917182922,0.4994283616542816,0.0022316318936645,0.4485677182674408,0.500969648361206,-0.0025947780814021,0.5866122245788574,0.616157591342926,0.0292067173868417,0.4336419403553009,0.6168263554573059,0.0036197598092257,0.5984012484550476,0.7207473516464233,0.1550324857234954,0.4310723841190338,0.7249431014060974,0.1492949724197387
U,False,0.4837401807308197,0.2967770993709564,-0.2702841162681579,0.5740787386894226,0.3424113094806671,-0.0747350007295608,0.4276105463504791,0.3435591459274292,-0.047444000840187,0.5513561367988586,0.5005258917808533,2.9265105695230886e-05,0.447574645280838,0.5005649328231812,-0.0004203350108582,0.5864281058311462,0.6098225712776184,0.0389801822602748,0.4275272488594055,0.613800048828125,0.0043554147705435,0.5919134020805359,0.7119797468185425,0.2221741825342178,0.4232505559921264,0.7132260799407959,0.1669027209281921
U,False,0.4892735183238983,0.2792073488235473,-0.3108143210411072,0.5612549781799316,0.333833634853363,-0.0601770654320716,0.4168339967727661,0.3311757445335388,-0.1242491900920867,0.5534377694129944,0.4997808933258056,0.0208834633231163,0.4469581246376037,0.5017907619476318,-0.0212382115423679,0.5888832211494446,0.616665244102478,0.0301907695829868,0.4298276603221893,0.6191900372505188,-0.0109973950311541,0.6036384701728821,0.7174952030181885,0.201276808977127,0.4312005043029785,0.719033420085907,0.1741689294576645
U,False,0.4848951697349548,0.2801669239997864,-0.3692412972450256,0.5628868341445923,0.333708107471466,-0.1518208384513855,0.4129846096038818,0.3312028050422668,-0.1541298478841781,0.5533006191253662,0.4993289709091186,0.0100898090749979,0.4480293691158294,0.5016515254974365,-0.0103604225441813,0.5934881567955017,0.6161662340164185,0.0698374658823013,0.4377121031284332,0.6176837682723999,0.02591491676867,0.6086053848266602,0.7184527516365051,0.2338075339794159,0.4364115297794342,0.7189340591430664,0.211742103099823
U,False,0.4898064732551574,0.2835195660591125,-0.3518006801605224,0.5713346600532532,0.3384382128715515,-0.1130784228444099,0.4219026863574981,0.3330748677253723,-0.1497032046318054,0.5520568490028381,0.5000791549682617,0.0151264378800988,0.4480102062225342,0.5009263753890991,-0.0154546620324254,0.5820472836494446,0.6173717975616455,0.0195378214120864,0.4273554980754852,0.614966094493866,0.0324412882328033,0.5902512073516846,0.7162841558456421,0.1967541575431823,0.4280044436454773,0.7126291394233704,0.2576297223567962
U,False,0.4901999235153198,0.2845513224601745,-0.3619748950004577,0.5708720088005066,0.3365964889526367,-0.1359548866748809,0.4219129085540771,0.3343101143836975,-0.1511751860380172,0.5526556968688965,0.4996207058429718,0.0112848272547125,0.4487100541591644,0.5009391903877258,-0.0116221606731414,0.5845603346824646,0.617680549621582,0.0612449198961257,0.4292497634887695,0.6127170324325562,0.0170001611113548,0.5918047428131104,0.714767336845398,0.245452806353569,0.4273905754089355,0.7127730846405029,0.2086947113275528
U,False,0.4861873686313629,0.2854038178920746,-0.3266955316066742,0.5683366060256958,0.3367932736873626,-0.1243350654840469,0.4212997853755951,0.3347403109073639,-0.1017939895391464,0.55256587266922,0.5003660321235657,0.0058015608228743,0.447892427444458,0.500817596912384,-0.0061269532889127,0.5796812176704407,0.6157175302505493,0.050065454095602,0.431495726108551,0.614648163318634,0.0124368127435445,0.5917918086051941,0.7190324664115906,0.1882235407829284,0.4232626557350158,0.7171141505241394,0.1766758412122726
U,False,0.4765468537807464,0.2827982902526855,-0.2730239033699035,0.5675318837165833,0.3353619277477264,-0.0527931563556194,0.4129127860069275,0.3362267911434173,-0.0610049590468406,0.5516188740730286,0.4990713894367218,0.0083237690851092,0.4494747221469879,0.501791775226593,-0.0085950493812561,0.5833052396774292,0.6137996315956116,0.042915754020214,0.4373269379138946,0.6134195923805237,0.0203656610101461,0.5994554162025452,0.7107732892036438,0.2520881295204162,0.4368275105953216,0.7122520804405212,0.2225413173437118
U,False,0.4824894666671753,0.2781211733818054,-0.339569091796875,0.5677453875541687,0.3324579298496246,-0.1204042807221412,0.4155971705913543,0.332446277141571,-0.1310331970453262,0.5524125695228577,0.4989925026893616,0.0151139870285987,0.4478919804096222,0.5018305778503418,-0.0153902480378746,0.58589106798172,0.6146924495697021,0.066277377307415,0.4389155209064483,0.6169062852859497,0.0271972324699163,0.5999799370765686,0.7110585570335388,0.2325577139854431,0.4382314085960388,0.7131067514419556,0.2225507199764251
U,False,0.4792151749134063,0.278626024723053,-0.3809499740600586,0.5683804154396057,0.3362038731575012,-0.1720777153968811,0.413921058177948,0.3350712060928345,-0.1561147570610046,0.5499248504638672,0.4993741512298584,0.0030894777737557,0.4487111568450928,0.502147912979126,-0.0034611974842846,0.5841241478919983,0.615118682384491,0.0210572462528944,0.4304509162902832,0.6160736083984375,0.0621101483702659,0.6003946661949158,0.7109453082084656,0.2354694902896881,0.4377258718013763,0.7096971273422241,0.3132469058036804
U,False,0.4850004017353058,0.2805712223052978,-0.3544217050075531,0.5595890879631042,0.3383209109306335,-0.1280709505081176,0.4139780700206756,0.3329308331012726,-0.153980940580368,0.5513378381729126,0.499638557434082,0.0126227177679538,0.4493881464004516,0.5016046166419983,-0.0129227889701724,0.5862919688224792,0.6189227104187012,0.028875870630145,0.4316145777702331,0.6152432560920715,0.0384962894022464,0.5955682992935181,0.7144630551338196,0.2226857095956802,0.4332759082317352,0.7139483094215393,0.2656318843364715
U,False,0.475242018699646,0.2962101399898529,-0.3953353762626648,0.5608341693878174,0.3457576334476471,-0.2062311768531799,0.4153151512145996,0.3441855013370514,-0.1676402240991592,0.5480269193649292,0.4992193281650543,-0.001359318383038,0.4522638916969299,0.5016376376152039,0.0010652361670508,0.5646536350250244,0.6053059101104736,0.0769582837820053,0.4471819400787353,0.6060532927513123,0.0944740623235702,0.586815357208252,0.6950210928916931,0.2587994635105133,0.4373053312301636,0.6941008567810059,0.3437334597110748
U,False,0.4871091842651367,0.277328222990036,-0.407269150018692,0.5743318796157837,0.3301490545272827,-0.1984481066465377,0.4183086454868316,0.3337514996528625,-0.1857341825962066,0.5504412055015564,0.4990795254707336,0.0035475373733788,0.4481594562530517,0.5015354156494141,-0.0038379947654902,0.5825647115707397,0.6135453581809998,0.0507531277835369,0.4238409698009491,0.6144059300422668,0.0852051749825477,0.5931880474090576,0.7089585065841675,0.2872523665428161,0.4214494526386261,0.7092284560203552,0.3714118301868438
U,False,0.4851276278495788,0.2787561416625976,-0.3439883887767792,0.5625669360160828,0.3364078104496002,-0.1245698407292366,0.4158377945423126,0.3334894180297851,-0.1357507705688476,0.5515655279159546,0.4989787936210632,0.0110949883237481,0.4485330581665039,0.5019745826721191,-0.0113241206854581,0.5839343070983887,0.6178516149520874,0.0300476998090744,0.4241276383399963,0.6191246509552002,0.0476833023130893,0.5937244296073914,0.7147014737129211,0.2328687608242035,0.4211755692958832,0.7124537229537964,0.2905151546001434
U,False,0.4941583573818207,0.2782897353172302,-0.3632473945617676,0.5594977140426636,0.3365488052368164,-0.0970610752701759,0.4119625687599182,0.3354814648628235,-0.1819690763950348,0.5520325899124146,0.498685210943222,0.0219346042722463,0.4470065236091614,0.5021617412567139,-0.0221956185996532,0.5816189646720886,0.6156782507896423,0.0260199829936027,0.4270277619361877,0.6140779852867126,0.0261973477900028,0.5923344492912292,0.7116684913635254,0.261664867401123,0.4237328171730041,0.711026132106781,0.3042737543582916
U,False,0.4874693155288696,0.2838912010192871,-0.3864343166351318,0.5695905089378357,0.3327174186706543,-0.1545763164758682,0.4129372835159302,0.3402794003486633,-0.1764052659273147,0.5525406002998352,0.4989556670188904,0.0082893567159771,0.44852215051651,0.5023887157440186,-0.0085165137425065,0.5889701247215271,0.6125370860099792,0.0829803347587585,0.4339911937713623,0.614050030708313,0.0431861132383346,0.6096958518028259,0.7126507759094238,0.2632809579372406,0.4297193884849548,0.7129603624343872,0.2391606271266937
U,False,0.5073478817939758,0.2812926173210144,-0.3586515188217163,0.5549623370170593,0.3373606204986572,-0.0712853968143463,0.4103741347789764,0.3366104960441589,-0.2316100448369979,0.5508171916007996,0.4988178014755249,0.0394189208745956,0.4480583071708679,0.5016299486160278,-0.0396419987082481,0.5862535834312439,0.611713707447052,0.0755577310919761,0.4289488792419433,0.6133961081504822,-0.0125692253932356,0.6015505790710449,0.7095629572868347,0.2705738246440887,0.4211554229259491,0.7109601497650146,0.1843626648187637
U,False,0.5027669668197632,0.2774666547775268,-0.3719455897808075,0.5538836121559143,0.3347426354885101,-0.0771161764860153,0.4069719016551971,0.3355913162231445,-0.2356515228748321,0.5531108379364014,0.4984424710273742,0.0424954630434513,0.4477954804897308,0.5017729997634888,-0.0427963025867939,0.5892486572265625,0.6145439147949219,0.0675829872488975,0.4317724406719208,0.613919734954834,-0.0207367110997438,0.6048647165298462,0.7100591659545898,0.3065467178821563,0.4262654781341553,0.7108757495880127,0.2161047756671905
U,False,0.5003939270973206,0.2782269418239593,-0.3770134150981903,0.5522715449333191,0.3315119445323944,-0.0960784703493118,0.4039399921894073,0.3347508311271667,-0.2267581224441528,0.5520088076591492,0.4978196620941162,0.0357168391346931,0.4473205208778381,0.5024939775466919,-0.0359795577824115,0.5867685675621033,0.6114009618759155,0.0943484678864479,0.4293470680713653,0.6148998141288757,-0.0150070302188396,0.6034089922904968,0.708214521408081,0.3263152837753296,0.4255735576152801,0.7136685252189636,0.1958294659852981
U,False,0.4998781383037567,0.2816861569881439,-0.3317932784557342,0.5716820359230042,0.3342436254024505,-0.102062776684761,0.4288093149662018,0.328357845544815,-0.1457691639661789,0.5527901649475098,0.500370979309082,0.013368253596127,0.4482223391532898,0.5011770725250244,-0.0136194340884685,0.5805528163909912,0.6158828139305115,0.0244076009839773,0.4270788431167602,0.6139460206031799,0.0464664138853549,0.5846213698387146,0.7203810214996338,0.173703595995903,0.4187100529670715,0.7136276960372925,0.2528302073478699
U,False,0.4931094050407409,0.2821071445941925,-0.3237143754959106,0.5733434557914734,0.3335476219654083,-0.1212014630436897,0.4239665865898132,0.3311264812946319,-0.1098436117172241,0.5521095991134644,0.4998106062412262,0.00796590000391,0.4473686814308166,0.5017090439796448,-0.0082123251631855,0.581843912601471,0.6169644594192505,0.071834422647953,0.4263736307621002,0.61604243516922,0.0369342342019081,0.5921564698219299,0.7213906049728394,0.2138414233922958,0.428112655878067,0.7172084450721741,0.214807316660881
U,False,0.5073384046554565,0.2853351533412933,-0.3166019320487976,0.5736269354820251,0.3360160887241363,-0.0676445215940475,0.4268937110900879,0.3306370079517364,-0.1265539079904556,0.5513822436332703,0.4998147785663605,0.0107695432379841,0.4472373127937317,0.5002116560935974,-0.0110759241506457,0.5647268295288086,0.6176643371582031,0.0251126121729612,0.4134159684181213,0.6162033081054688,0.0060152737423777,0.5662553906440735,0.7215237021446228,0.2169443070888519,0.396628201007843,0.7213265895843506,0.2026766687631607
U,False,0.5053736567497253,0.2956594228744507,-0.2775887250900268,0.5731267929077148,0.3475141525268554,-0.0157237872481346,0.4282841980457306,0.3397025465965271,-0.0980817973613739,0.5511960983276367,0.4999805688858032,0.018175458535552,0.448111355304718,0.5011546611785889,-0.018469838425517,0.56922847032547,0.6107895374298096,0.0203554835170507,0.4112160801887512,0.613566517829895,-0.0139535581693053,0.5704360008239746,0.7123018503189087,0.2347656935453415,0.4030945301055908,0.7120358943939209,0.1986648887395858
U,False,0.5105590224266052,0.2776153087615967,-0.3796800076961517,0.5829905271530151,0.3361518979072571,-0.153236836194992,0.4335187375545501,0.3269171118736267,-0.1673734337091446,0.5527582764625549,0.5015496611595154,0.0076570948585867,0.4481900036334991,0.4996671080589294,-0.0079881390556693,0.5654715895652771,0.6177855134010315,0.0464476384222507,0.4095028936862945,0.6156706213951111,0.0179961640387773,0.5639994144439697,0.717052161693573,0.2567875683307647,0.3877670168876648,0.7186850905418396,0.2221323251724243
U,False,0.5095303654670715,0.2768473029136657,-0.3800033032894134,0.586273193359375,0.3332091569900512,-0.1551721841096878,0.4277948439121246,0.3287500143051147,-0.1583572477102279,0.5527580380439758,0.5007596611976624,0.0034332650247961,0.4477854669094085,0.4997951984405517,-0.003756386693567,0.5643525719642639,0.6135028004646301,0.0829623490571975,0.4035982489585876,0.6145673990249634,0.0461450181901454,0.554735541343689,0.710193932056427,0.3731394112110138,0.3849777281284332,0.7144899368286133,0.2997855246067047
U,False,0.503856360912323,0.2823548316955566,-0.3759048581123352,0.5766904950141907,0.336186796426773,-0.1300918757915496,0.4244872331619262,0.3297505378723144,-0.1743830889463424,0.5535933971405029,0.5000430941581726,0.0151761481538414,0.4477778673171997,0.5005759000778198,-0.0154757648706436,0.568397045135498,0.613670289516449,0.058643989264965,0.4155315160751343,0.6179707050323486,-0.0073518902063369,0.5672792792320251,0.7127293944358826,0.2828125059604645,0.4050141274929046,0.7176649570465088,0.197716474533081
U,False,0.5025224685668945,0.2827422618865967,-0.3671967387199402,0.5774516463279724,0.3358330130577087,-0.1531571596860885,0.4281108379364013,0.3323719203472137,-0.1330722868442535,0.5512466430664062,0.500113844871521,0.0061643877997994,0.4474186599254608,0.499971866607666,-0.0064453203231096,0.5658303499221802,0.6149930357933044,0.05898317694664,0.4130942523479461,0.6155317425727844,0.015073349699378,0.5669137239456177,0.7123210430145264,0.2535242736339569,0.3998847007751465,0.7144656181335449,0.2134781181812286
U,False,0.5048582553863525,0.2867398262023926,-0.344555914402008,0.5735807418823242,0.3372528851032257,-0.1093318313360214,0.426080048084259,0.334852784872055,-0.1454281359910965,0.5518782734870911,0.4997150599956512,0.0085469726473093,0.4483062326908111,0.5006349682807922,-0.0088491784408688,0.5647525787353516,0.6130751967430115,0.0485025458037853,0.4147283732891083,0.6167767643928528,0.017602365463972,0.5675656199455261,0.715640127658844,0.2256498485803604,0.4007239043712616,0.7197846174240112,0.2007494270801544
U,False,0.5116410255432129,0.2850933670997619,-0.3240139484405517,0.5799833536148071,0.3407033085823059,-0.0944608673453331,0.4335441589355469,0.3345862925052643,-0.1261783987283706,0.5505748987197876,0.5003312230110168,0.0074414866976439,0.450374573469162,0.5002439022064209,-0.0077206781134009,0.5552322268486023,0.6118253469467163,0.0379132106900215,0.4095629155635834,0.6125364303588867,0.0141214411705732,0.5529271960258484,0.7100951671600342,0.2434495687484741,0.3917224109172821,0.71080082654953,0.215041771531105
U,False,0.5144555568695068,0.2801863551139831,-0.362727016210556,0.5831689238548279,0.3353431224822998,-0.1102714911103248,0.4310685396194458,0.3301710784435272,-0.1695035248994827,0.5519673228263855,0.5005571246147156,0.0184034872800111,0.4485246837139129,0.4994597434997558,-0.0186895970255136,0.560021162033081,0.6143308281898499,0.1039101630449295,0.4090918600559234,0.6145554184913635,-0.0059893825091421,0.5503066182136536,0.7115686535835266,0.3098155260086059,0.390985757112503,0.7129272818565369,0.1767558604478836
U,False,0.5108978748321533,0.2804372310638428,-0.3687488734722137,0.5804319381713867,0.3384709656238556,-0.1442360877990722,0.4259260594844818,0.3315882682800293,-0.1733541786670684,0.551619291305542,0.5004714727401733,0.0084023186936974,0.4483731091022491,0.5003246665000916,-0.0086832232773303,0.5603821873664856,0.6132436394691467,0.0593479014933109,0.4120863378047943,0.6122512817382812,0.0320006497204303,0.5535911321640015,0.7077038884162903,0.3293719589710235,0.3928326368331909,0.7090004086494446,0.2766917049884796
U,False,0.5125803351402283,0.2797377705574035,-0.331167072057724,0.583584725856781,0.3377723097801208,-0.1122166588902473,0.4321842789649963,0.3308107852935791,-0.1386431604623794,0.5521436333656311,0.5002771019935608,0.0099234273657202,0.4484302103519439,0.4999339580535888,-0.0101921940222382,0.5602616667747498,0.6151498556137085,0.0518900118768215,0.4138388931751251,0.6152305603027344,0.0156682729721069,0.5620802044868469,0.7071926593780518,0.3056700825691223,0.3996013402938843,0.7102829217910767,0.2460678964853286
U,False,0.5175514221191406,0.2962769269943237,-0.3765263557434082,0.5842429399490356,0.3489592969417572,-0.1616074293851852,0.4367393255233764,0.3427235782146454,-0.1740714162588119,0.5503109097480774,0.5014659762382507,0.0050156954675912,0.4506565630435943,0.499389499425888,-0.005331396125257,0.5526037812232971,0.6064857244491577,0.1190574020147323,0.4330589175224304,0.6058946847915649,0.0408630929887294,0.5602242350578308,0.69526606798172,0.3580083549022674,0.4098396599292755,0.6975656747817993,0.2525791525840759
U,False,0.5030996203422546,0.2784915566444397,-0.3798423409461975,0.5746250152587891,0.337276816368103,-0.1424748450517654,0.4228553473949432,0.3281592726707458,-0.171782448887825,0.5512787699699402,0.5004881024360657,0.011356939561665,0.4473682045936584,0.5004247426986694,-0.0117771523073315,0.566334068775177,0.6129699945449829,0.0728874057531356,0.4143980145454407,0.6140322685241699,0.0069348658435046,0.5703498125076294,0.7095580101013184,0.3013665378093719,0.4006093144416809,0.7121368050575256,0.2216816693544387
U,False,0.5088754892349243,0.2814289331436157,-0.366295576095581,0.5793476700782776,0.3376109898090362,-0.1397323459386825,0.4263434708118438,0.331412523984909,-0.1589283496141433,0.5515274405479431,0.4999391436576843,0.0078089134767651,0.4470810294151306,0.5007159113883972,-0.0081518329679965,0.5623563528060913,0.6147438287734985,0.0460930503904819,0.4119288921356201,0.6152587532997131,0.0011927888263016,0.5666512846946716,0.7082619071006775,0.2923292517662048,0.39601531624794,0.7123572826385498,0.2321251928806305
U,False,0.4994073808193207,0.2771596908569336,-0.3809036016464233,0.5828190445899963,0.3372218906879425,-0.170911818742752,0.4298313558101654,0.3301182091236114,-0.14061039686203,0.5527020692825317,0.5003465414047241,0.0020116446539759,0.4487710297107696,0.4998726844787597,-0.0023258763831108,0.5667529106140137,0.61365807056427,0.0438756048679351,0.4122461378574371,0.6138124465942383,0.0099543221294879,0.5672357678413391,0.7085610628128052,0.2973710000514984,0.39838907122612,0.7096500396728516,0.250033438205719
U,False,0.505811870098114,0.2821309566497803,-0.3848042488098144,0.586034893989563,0.3382784128189087,-0.1629359424114227,0.4302734136581421,0.3295143544673919,-0.169817253947258,0.5518416166305542,0.5002744197845459,0.0043580057099461,0.448426216840744,0.500345766544342,-0.0046400148421525,0.562275767326355,0.6120168566703796,0.0552070215344429,0.4091052412986755,0.6121746897697449,0.0344942174851894,0.5638978481292725,0.708370566368103,0.2957109212875366,0.3883765339851379,0.7091159224510193,0.2584107518196106
U,False,0.4823268353939056,0.2778544425964355,-0.3622097373008728,0.585548996925354,0.3379985392093658,-0.2186713814735412,0.4352779388427734,0.3323975801467895,-0.0687859281897544,0.5517581701278687,0.5004738569259644,-0.0171375665813684,0.4493776857852936,0.4998719692230224,0.0168328303843736,0.5707657933235168,0.6123979687690735,0.0821096077561378,0.4123872220516205,0.6120258569717407,0.0624101273715496,0.5731138586997986,0.7064235210418701,0.2905284166336059,0.3960077464580536,0.7081909775733948,0.2640845775604248
U,False,0.4886331558227539,0.2809517681598663,-0.3641681969165802,0.5851913690567017,0.3407495617866516,-0.1918963342905044,0.4391122758388519,0.3320506513118744,-0.0828579142689704,0.5510148406028748,0.5019745230674744,-0.0087074935436248,0.4482601284980774,0.4995674192905426,0.0084399441257119,0.5657413005828857,0.6133362054824829,0.0618960745632648,0.4099070131778717,0.6136327385902405,0.0384980738162994,0.5640711784362793,0.7105146050453186,0.2985481023788452,0.3895151615142822,0.7098190188407898,0.2560785114765167
U,False,0.4883755147457123,0.2774693369865417,-0.4002358317375183,0.5855680704116821,0.3379448056221008,-0.2085239440202713,0.434984028339386,0.328441709280014,-0.1459149867296219,0.5512623190879822,0.5011947751045227,-0.0052806395106017,0.4484857320785522,0.499319851398468,0.0049469918012619,0.5666357278823853,0.6142933964729309,0.0513870753347873,0.4077505469322204,0.6144410371780396,0.0332331918179988,0.5641629099845886,0.7089284062385559,0.3415282964706421,0.3885073065757751,0.7107591032981873,0.2765816450119018
U,False,0.4968770146369934,0.2834586799144745,-0.349762499332428,0.5753765106201172,0.3379839956760406,-0.1097857132554054,0.425405889749527,0.3322542011737823,-0.152194082736969,0.5524579286575317,0.4998908936977386,0.0136920297518372,0.4485826194286346,0.5015117526054382,-0.0139640187844634,0.5711933374404907,0.6165146231651306,0.0535783395171165,0.4207265675067901,0.619785726070404,0.0058882092125713,0.5749777555465698,0.7149950861930847,0.231190338730812,0.4124810695648193,0.7221174836158752,0.2013694494962692
U,False,0.4993993043899536,0.2801719605922699,-0.354384034872055,0.5762079358100891,0.3325502574443817,-0.1436490565538406,0.4230884909629822,0.3285861015319824,-0.1514156758785247,0.552339494228363,0.499631255865097,0.004154706839472,0.4479016065597534,0.5003895163536072,-0.0045071681961417,0.5639116168022156,0.6159583330154419,0.0282998010516166,0.4129171967506408,0.6183702349662781,0.0156997703015804,0.5661643147468567,0.7132415771484375,0.2801754772663116,0.3990924656391144,0.7156673669815063,0.2525066435337066
U,False,0.4113349914550781,0.2935660183429718,-0.4755136370658874,0.546257734298706,0.3482982814311981,-0.5741525292396545,0.4158839881420135,0.3539405763149261,-0.0522873252630233,0.5382460951805115,0.4995621740818023,-0.153048038482666,0.4628050923347473,0.5005850195884705,0.1528454273939132,0.5509186387062073,0.6113405823707581,-0.1245705187320709,0.4697068333625793,0.5994216203689575,0.3899701535701751,0.5863361954689026,0.7092382311820984,0.0942658111453056,0.4773654341697693,0.6856896877288818,0.7552130818367004
U,False,0.4295847117900848,0.2908428907394409,-0.2722729444503784,0.5483084917068481,0.3262436091899872,-0.42095947265625,0.4315674006938934,0.3347148597240448,0.1321999579668045,0.5386114120483398,0.5005146861076355,-0.1609014272689819,0.4605256617069244,0.5000668168067932,0.1603344976902008,0.5534586310386658,0.6097874641418457,-0.0684510469436645,0.467479795217514,0.6037585735321045,0.3678678572177887,0.5885761380195618,0.7134751677513123,0.1705610156059265,0.4920961558818817,0.6844437718391418,0.7227184772491455
U,False,0.4509321749210357,0.2884279191493988,-0.2883852124214172,0.5653283596038818,0.3273190557956695,-0.4005094766616821,0.4420672953128814,0.335267424583435,0.108044683933258,0.541728138923645,0.5008808970451355,-0.1494662314653396,0.4584799110889435,0.4993991553783417,0.1489012092351913,0.5564782619476318,0.6100383400917053,-0.0273434314876794,0.478624552488327,0.6011282801628113,0.3555552661418915,0.5883800983428955,0.7124372124671936,0.1887728869915008,0.4908986389636993,0.6865646839141846,0.6968303918838501
U,False,0.4405341148376465,0.2900923788547516,-0.2925726175308227,0.5585822463035583,0.3278707563877105,-0.4244208335876465,0.4394658803939819,0.3339274227619171,0.1167220249772071,0.5403066277503967,0.500816822052002,-0.1610838621854782,0.4610942602157593,0.5007249116897583,0.1605781763792038,0.5562388896942139,0.610591471195221,-0.0169789679348468,0.4708306193351745,0.6014944314956665,0.4118969142436981,0.5882675051689148,0.7126877903938293,0.2190728485584259,0.4918708205223083,0.6870970726013184,0.784016489982605
U,False,0.4150015413761139,0.2965908348560333,-0.3128509521484375,0.5388104915618896,0.3258717954158783,-0.4484421908855438,0.4350786507129669,0.3375510275363922,0.1068337932229042,0.5405346155166626,0.5011991262435913,-0.1550565212965011,0.4604552090167999,0.4988413155078888,0.1546641588211059,0.5229960680007935,0.6110856533050537,0.0064082825556397,0.4392870664596557,0.5973693132400513,0.3614153265953064,0.5800285339355469,0.6964526176452637,0.3182307481765747,0.4866579473018646,0.6719461679458618,0.7656360268592834
U,False,0.4258985817432403,0.2832943201065063,-0.2830000519752502,0.5431408882141113,0.323515921831131,-0.4263863265514374,0.4227475523948669,0.3340506851673126,0.1245564073324203,0.540237307548523,0.4998323619365692,-0.1565118581056594,0.4603170454502105,0.5005974173545837,0.1559226065874099,0.5615167617797852,0.6110110282897949,-0.059096559882164,0.4758631885051727,0.6037745475769043,0.3077873289585113,0.5947633981704712,0.710249125957489,0.2292162925004959,0.5039218664169312,0.6864434480667114,0.67287677526474
U,False,0.3806759417057037,0.2880643904209137,-0.2887440025806427,0.4943388700485229,0.3213610649108886,-0.4606930315494537,0.3956415355205536,0.3359061479568481,0.0878489688038826,0.5423837900161743,0.500372588634491,-0.1613375395536422,0.4570834636688232,0.5012444257736206,0.1608781814575195,0.5358717441558838,0.6085321307182312,0.048590637743473,0.4201926589012146,0.588889479637146,0.4165281951427459,0.563705563545227,0.6998148560523987,0.3307714462280273,0.4621726274490356,0.6712532043457031,0.8291435837745667
U,False,0.4708872139453888,0.2979604005813598,-0.2740801870822906,0.5814127922058105,0.3366522192955017,-0.390104740858078,0.4656750857830047,0.3417993783950805,0.1473779678344726,0.5381748080253601,0.5019505620002747,-0.1494009345769882,0.4614520967006683,0.4995412230491638,0.1488941013813018,0.5627385377883911,0.6125115156173706,-0.1138411238789558,0.4873232543468475,0.6028146147727966,0.3001922965049743,0.5915706157684326,0.7156427502632141,0.0590923242270946,0.499659389257431,0.6901199817657471,0.6097336411476135
U,False,0.4730543196201324,0.2949554026126861,-0.3260579407215118,0.5840213894844055,0.3345226347446441,-0.3934872448444366,0.4635184705257416,0.3408954441547394,0.1274570673704147,0.5391676425933838,0.5015109777450562,-0.1447609663009643,0.4602888524532318,0.4996240139007568,0.1442826986312866,0.5591855645179749,0.6131583452224731,-0.0998799949884414,0.4775967895984649,0.603592574596405,0.2900300025939941,0.580471396446228,0.7183805108070374,0.0803553760051727,0.4839358031749725,0.6898999214172363,0.5991073846817017
U,False,0.4557583034038543,0.2914259433746338,-0.2951183021068573,0.5730997323989868,0.3280547559261322,-0.4061402380466461,0.4495639503002167,0.3372808694839477,0.1253877729177475,0.5406056046485901,0.5008061528205872,-0.1515094488859176,0.4604429900646209,0.4993115663528442,0.150989681482315,0.5468035340309143,0.6131156086921692,-0.0826069340109825,0.4673216640949249,0.6006295680999756,0.2990073263645172,0.5753849148750305,0.7157872915267944,0.1386938095092773,0.4769422113895416,0.6879080533981323,0.6207231879234314
U,False,0.380642831325531,0.297843337059021,-0.3287709951400757,0.504912257194519,0.3229699432849884,-0.4934318363666534,0.4050300121307373,0.3379220962524414,0.1040965244174003,0.5409395694732666,0.5013943314552307,-0.167420819401741,0.4592379331588745,0.499151349067688,0.1670411974191665,0.5200951099395752,0.6078028678894043,0.0499004386365413,0.4237444400787353,0.5867278575897217,0.4996113777160644,0.5323190689086914,0.7070078253746033,0.3469941914081573,0.4385926127433777,0.6754670739173889,0.9159246683120728
U,False,0.4524400234222412,0.2851641178131103,-0.3301496207714081,0.5675942301750183,0.3454398214817047,-0.4430842101573944,0.447016179561615,0.3451369404792785,0.1205906495451927,0.5386360287666321,0.5023892521858215,-0.1538747549057006,0.4623761773109436,0.498175710439682,0.153383582830429,0.5475632548332214,0.6082166433334351,-0.1151076927781105,0.446666419506073,0.597281813621521,0.2926716804504394,0.5579980611801147,0.7130096554756165,0.0631469637155532,0.4545235633850097,0.6862968802452087,0.5504387021064758
U,False,0.4271455705165863,0.2839199900627136,-0.3350467681884765,0.5471247434616089,0.3242621719837188,-0.4359934628009796,0.4346915185451507,0.3360199332237243,0.1098100990056991,0.5369993448257446,0.5012221336364746,-0.1606395989656448,0.4639109075069427,0.4995338916778564,0.1600228697061538,0.5534740686416626,0.6150330901145935,0.0001209758192999,0.4754432141780853,0.6024488210678101,0.4017302393913269,0.5814229846000671,0.7171568870544434,0.241548553109169,0.4878097474575043,0.6849291324615479,0.778263509273529
U,False,0.4582572877407074,0.2889341413974762,-0.2837072908878326,0.5768715143203735,0.3289206027984619,-0.4219755530357361,0.4553619921207428,0.3341186046600342,0.119835115969181,0.541544497013092,0.5013455748558044,-0.1568631827831268,0.4597744643688202,0.4988360702991485,0.1562473177909851,0.5622838139533997,0.6146146655082703,-0.0746305212378501,0.4861812889575958,0.6041387319564819,0.3420945107936859,0.5951509475708008,0.7163749933242798,0.1527314335107803,0.4960066378116607,0.6860015392303467,0.6916550397872925
U,False,0.448401540517807,0.2817112505435943,-0.2730194926261902,0.5626601576805115,0.3243127465248108,-0.4151827991008758,0.4454300701618194,0.3327459692955017,0.1445027291774749,0.5401530861854553,0.5014369487762451,-0.1628375500440597,0.4612168967723846,0.498612642288208,0.1622055619955063,0.552842378616333,0.6149637699127197,-0.0657869949936866,0.4707664549350738,0.6037164926528931,0.3351359665393829,0.5858545899391174,0.7150799632072449,0.2067574113607406,0.4919504821300506,0.6851849555969238,0.7083055973052979
U,False,0.3511988818645477,0.3068916499614715,-0.3152673244476318,0.4751890301704407,0.3318022787570953,-0.4569551050662994,0.3931548595428467,0.3476656973361969,0.127126544713974,0.5403513312339783,0.5007051825523376,-0.1704538166522979,0.459770143032074,0.4996069371700287,0.1701486259698867,0.522622287273407,0.610579788684845,0.0191119331866502,0.4097706079483032,0.5854039788246155,0.4634049832820892,0.5372927784919739,0.7053978443145752,0.3252289891242981,0.4326809048652649,0.6745139360427856,0.8798492550849915
U,False,0.4074865579605102,0.2833558320999145,-0.2540116906166076,0.5233684182167053,0.3171438872814178,-0.4374017119407654,0.4122794270515442,0.3334885239601135,0.1425217688083648,0.540117084980011,0.4991553425788879,-0.1723909825086593,0.4604270458221435,0.5014559626579285,0.1718613505363464,0.5429561734199524,0.6147759556770325,0.0014112395001575,0.4537572860717773,0.6027030944824219,0.5036651492118835,0.5593046545982361,0.7165600061416626,0.2272816747426986,0.4639007449150085,0.6884739398956299,0.9197181463241576
U,False,0.4846315681934356,0.2892873287200928,-0.3305931389331817,0.5898087024688721,0.3294329941272735,-0.4337738752365112,0.4612626731395721,0.33461394906044,0.1006178930401802,0.540570080280304,0.5019358396530151,-0.1569449007511139,0.4581041038036346,0.4992351233959198,0.1562989950180053,0.5597853064537048,0.6142715811729431,-0.0696635767817497,0.4782600104808807,0.6037963032722473,0.351117730140686,0.5847341418266296,0.7194769382476807,0.1352027207612991,0.4872433841228485,0.6951223015785217,0.6858788132667542
U,False,0.4851747751235962,0.2970221936702728,-0.3040349781513214,0.583001434803009,0.337502509355545,-0.4029533863067627,0.4694569110870361,0.3440417349338531,0.135335311293602,0.5391172170639038,0.5013102889060974,-0.1531381160020828,0.461341381072998,0.4990206956863403,0.1526421457529068,0.5529943704605103,0.6112966537475586,-0.1122118830680847,0.4711325168609619,0.6000364422798157,0.307004302740097,0.571300745010376,0.7180635929107666,0.0722593441605568,0.4725819826126098,0.6878963708877563,0.6210200786590576
U,False,0.4766489863395691,0.2884781956672668,-0.3128763437271118,0.589385449886322,0.3318650722503662,-0.4151882529258728,0.4616286754608154,0.3345855474472046,0.1144625395536422,0.541771411895752,0.5017761588096619,-0.1489096730947494,0.4585892558097839,0.4992418885231018,0.1482711434364318,0.5555379390716553,0.614422082901001,-0.0367350876331329,0.4746270179748535,0.605223536491394,0.3554117679595947,0.5799160003662109,0.717831552028656,0.243384301662445,0.4868878126144409,0.693996250629425,0.7299696803092957
U,False,0.4557624459266662,0.2917253971099853,-0.2898880541324615,0.5749711990356445,0.327443778514862,-0.4206951558589935,0.4514157772064209,0.3311522603034973,0.1192696914076805,0.5408075451850891,0.5016202926635742,-0.1586169004440307,0.4599731564521789,0.4989989697933197,0.1580513417720794,0.5541968941688538,0.612234890460968,-0.035440694540739,0.4690260887145996,0.6000900864601135,0.3792641460895538,0.5764011740684509,0.7157182693481445,0.1746561676263809,0.4755339622497558,0.6889340281486511,0.714438259601593
U,False,0.3500648438930511,0.3213061392307281,-0.3381191790103912,0.4787066876888275,0.3347581923007965,-0.492806613445282,0.3799632489681244,0.3534032106399536,0.0901789218187332,0.541401207447052,0.500010073184967,-0.16558338701725,0.4582343995571136,0.5003196001052856,0.1654423475265503,0.5231027007102966,0.6076255440711975,-0.0654299110174179,0.4152854979038238,0.5809147357940674,0.3895556330680847,0.5273144841194153,0.7085169553756714,0.1876867264509201,0.4228884875774383,0.6698023676872253,0.7940764427185059
U,False,0.4765351414680481,0.2942812740802765,-0.2264633327722549,0.5832807421684265,0.333242803812027,-0.4047208130359649,0.4668738842010498,0.3381723165512085,0.1459092944860458,0.5410749912261963,0.5005968809127808,-0.1529573053121566,0.4603610634803772,0.5006973743438721,0.152537003159523,0.5620412230491638,0.6134408712387085,-0.1035557463765144,0.4874696731567383,0.6064058542251587,0.3196820318698883,0.5917017459869385,0.717625081539154,0.1204909011721611,0.4967367649078369,0.6926453709602356,0.6593254208564758
U,False,0.475709319114685,0.288571149110794,-0.2323421388864517,0.5826814770698547,0.3281816840171814,-0.3764191269874573,0.4647232890129089,0.3332369029521942,0.1314022839069366,0.5400023460388184,0.5010879039764404,-0.1410589069128036,0.4590973854064941,0.4999434351921081,0.1403534710407257,0.5626689195632935,0.6135178804397583,-0.0714070796966552,0.485626757144928,0.6040531396865845,0.3426845073699951,0.5884267687797546,0.7137882709503174,0.1638979315757751,0.4946194291114807,0.6887654662132263,0.6847321391105652
U,False,0.4508680403232574,0.2845688462257385,-0.2268106192350387,0.5612218976020813,0.3219109773635864,-0.3951674103736877,0.4499345123767853,0.3339742720127105,0.140449970960617,0.5379738211631775,0.5005569458007812,-0.1547708511352539,0.4614162147045135,0.4998979866504669,0.1541807949542999,0.5570905208587646,0.6124451756477356,-0.0589040331542491,0.4767134487628937,0.6021627187728882,0.3687812387943268,0.5841230750083923,0.7168411612510681,0.1729517430067062,0.4835141599178314,0.6861904263496399,0.7100042700767517
U,False,0.3535448908805847,0.3062474429607391,-0.3231123089790344,0.4762164950370788,0.326854258775711,-0.4822253882884979,0.3842372298240661,0.3457753658294678,0.089716650545597,0.5394508838653564,0.5004764795303345,-0.1650168001651764,0.4616388082504272,0.5009129643440247,0.1646193116903305,0.5275112390518188,0.6108914613723755,0.0522944629192352,0.4173558950424194,0.5875463485717773,0.4906108379364013,0.5344011783599854,0.7053799629211426,0.3553824722766876,0.4324492216110229,0.6749182343482971,0.8900548219680786
U,False,0.4741774797439575,0.2903526425361633,-0.2875712811946869,0.5782285928726196,0.3297395706176758,-0.4363201558589935,0.4612851738929748,0.3360903561115265,0.1081147789955139,0.5392663478851318,0.5018214583396912,-0.1563499420881271,0.4616768360137939,0.4993118345737457,0.1558316946029663,0.5510897040367126,0.6090645790100098,-0.041067436337471,0.4699208736419678,0.5980910658836365,0.3864785432815552,0.5757852792739868,0.7148054242134094,0.1685219258069992,0.475182294845581,0.6845972537994385,0.7414763569831848
U,False,0.4595747292041778,0.2823871672153473,-0.2803451120853424,0.5749377012252808,0.3175118267536163,-0.4348637461662292,0.443310409784317,0.3268194198608398,0.0966251194477081,0.5414174795150757,0.5011965036392212,-0.1609729975461959,0.458074003458023,0.4992897808551788,0.1603794246912002,0.5547105073928833,0.6150137782096863,0.0268232394009828,0.4624939262866974,0.6059902906417847,0.4682702124118805,0.5757526159286499,0.7141475677490234,0.2594207227230072,0.4775892794132232,0.6815717816352844,0.844535231590271
U,False,0.4686537981033325,0.29246386885643,-0.3209064304828644,0.5855977535247803,0.329153448343277,-0.4368419945240021,0.4618818163871765,0.3337573409080505,0.1392244845628738,0.5406451225280762,0.5014259219169617,-0.1715258061885833,0.4596723318099975,0.4991736114025116,0.1711775958538055,0.5534368753433228,0.6114052534103394,-0.0390014722943306,0.4683200120925903,0.600135087966919,0.4006171226501465,0.5794491171836853,0.717239260673523,0.1834419518709182,0.4772879481315613,0.6871939897537231,0.7807086110115051
U,False,0.4685361087322235,0.2928247153759002,-0.2906359732151031,0.5840643644332886,0.3289220631122589,-0.4393963813781738,0.4706058800220489,0.3377131521701813,0.1377149671316146,0.5403879284858704,0.5019441246986389,-0.1640971004962921,0.4602060616016388,0.4995578825473785,0.1637441664934158,0.5518866181373596,0.613663911819458,-0.0291610639542341,0.459582656621933,0.6015612483024597,0.3969213366508484,0.5714791417121887,0.7145215272903442,0.2328657209873199,0.4726405441761017,0.6880329251289368,0.7659711241722107
U,False,0.4265551567077636,0.3024320900440216,-0.309455543756485,0.5422655344009399,0.3290668725967407,-0.428204745054245,0.4431737661361694,0.3436590135097503,0.1551666110754013,0.5398898124694824,0.502236008644104,-0.1603301018476486,0.4586592316627502,0.4980230927467346,0.1599577069282531,0.5195521116256714,0.6089066863059998,-0.0854342579841613,0.4062689542770386,0.5905603766441345,0.2451334446668625,0.568584680557251,0.7009214758872986,0.2908354699611664,0.4667900204658508,0.6668984889984131,0.7198067307472229
U,False,0.4725619852542877,0.2935413420200348,-0.2974887788295746,0.5792620778083801,0.33472740650177,-0.4201704561710357,0.4524573981761932,0.3362893760204315,0.1176852285861969,0.5399296879768372,0.5017430782318115,-0.1581000685691833,0.4599084556102752,0.4990263283252716,0.1575178951025009,0.5497499704360962,0.6088638305664062,-0.0894812121987342,0.466541975736618,0.5986273884773254,0.3096648752689361,0.5771669149398804,0.7171849012374878,0.0971938669681549,0.4742290675640106,0.6873912811279297,0.620447039604187
U,False,0.428353875875473,0.2857220470905304,-0.2583339810371399,0.5457618832588196,0.32166388630867,-0.4209484755992889,0.4365996718406677,0.3330187201499939,0.1342581212520599,0.5371422171592712,0.5005266666412354,-0.1669526547193527,0.4628518521785736,0.4995578825473785,0.166265919804573,0.5528838038444519,0.6117390990257263,-0.0167992487549781,0.4787309467792511,0.6000233888626099,0.4207372069358825,0.5840131044387817,0.7158883213996887,0.2108166515827179,0.4893187582492828,0.6813709139823914,0.777353048324585
U,False,0.4542906582355499,0.2825485169887543,-0.3058329820632934,0.5708231329917908,0.3247851431369781,-0.4109838306903839,0.4502404630184173,0.3307639062404632,0.0878254249691963,0.5397956371307373,0.5023161172866821,-0.1501134932041168,0.4603292644023895,0.4987084567546844,0.1494887918233871,0.5533018708229065,0.6125650405883789,0.0475975535809993,0.4749481379985809,0.5986100435256958,0.4287278354167938,0.5813842415809631,0.7107952833175659,0.2825396060943603,0.4856359660625458,0.6776822209358215,0.7938866019248962
U,False,0.4454434812068939,0.2815633118152618,-0.2889819145202636,0.5646816492080688,0.3203433752059936,-0.4338600933551788,0.4505667984485626,0.326671153306961,0.1003633961081504,0.5411257147789001,0.5016472935676575,-0.1578402370214462,0.4587713181972503,0.4999546706676483,0.1572351306676864,0.5491820573806763,0.6079294681549072,0.0705005973577499,0.4573695361614227,0.5953255891799927,0.4651986062526703,0.5803487300872803,0.7063060998916626,0.3272268176078796,0.482121080160141,0.6748071908950806,0.8413171172142029
U,False,0.4142383635044098,0.2773750424385071,-0.249130293726921,0.5406663417816162,0.31522998213768,-0.425925463438034,0.4241306781768799,0.3265533149242401,0.1301164031028747,0.5398349165916443,0.501431941986084,-0.1658349782228469,0.4613867402076721,0.5002015233039856,0.1651990264654159,0.5508421063423157,0.6134387254714966,0.0431772917509079,0.4670189619064331,0.6018424034118652,0.4468795359134674,0.5813239812850952,0.710648238658905,0.2972928285598755,0.4809557199478149,0.6814382076263428,0.7817503809928894
U,False,0.4748440384864807,0.2793160080909729,-0.2461718469858169,0.5835728645324707,0.3248161673545837,-0.395842969417572,0.4641730189323425,0.3304160535335541,0.1144338846206665,0.539393961429596,0.502011775970459,-0.1520838886499405,0.4600964784622192,0.4988093376159668,0.1514597535133361,0.5574474930763245,0.6116489768028259,-0.0108430767431855,0.4827433228492737,0.5996540188789368,0.3975412845611572,0.5862358808517456,0.7117341160774231,0.2103639245033264,0.4905744194984436,0.6834771037101746,0.732228696346283
U,False,0.4529076218605041,0.2757580280303955,-0.2199915498495102,0.5634166598320007,0.3196498453617096,-0.4111892879009247,0.4527127742767334,0.3293589055538177,0.1443186551332473,0.5394423007965088,0.501399040222168,-0.1635847687721252,0.4614857733249664,0.4996740520000458,0.1630134880542755,0.5487087368965149,0.6109508275985718,-0.0281227752566337,0.4636235535144806,0.5981735587120056,0.411147266626358,0.5851782560348511,0.7103771567344666,0.2194958329200744,0.4846078157424927,0.6817463040351868,0.7677721977233887
U,False,0.4529832899570465,0.287041038274765,-0.3077953457832336,0.5659615397453308,0.3247726559638977,-0.4476886987686157,0.443787544965744,0.3310182988643646,0.1037940010428428,0.5401022434234619,0.5024042129516602,-0.1565784960985183,0.4606985747814178,0.4987078309059143,0.15604168176651,0.5423786640167236,0.6067549586296082,-0.0304930601269006,0.4564587771892547,0.595843493938446,0.3832216262817383,0.5746585130691528,0.7080705165863037,0.2333390563726425,0.4725880324840545,0.6758782863616943,0.7717353105545044
U,False,0.4330461919307709,0.2973494231700897,-0.2277392745018005,0.5554960370063782,0.3290033638477325,-0.4139611721038818,0.4402635395526886,0.3380524218082428,0.1603063642978668,0.538176953792572,0.5008237957954407,-0.1685008853673935,0.4608358442783355,0.4996276795864105,0.1679385751485824,0.5543122291564941,0.6121125817298889,-0.0946233123540878,0.4703117311000824,0.6054388880729675,0.3533141911029815,0.5746513605117798,0.7177192568778992,0.1165040284395217,0.4739436209201813,0.6919413805007935,0.6813319325447083
U,False,0.4633920788764953,0.2886498272418976,-0.2651453018188476,0.5741652250289917,0.3246775865554809,-0.4114428162574768,0.4524360299110412,0.3307894170284271,0.1179125979542732,0.5404550433158875,0.5025806427001953,-0.1597472131252288,0.4607640504837036,0.498604953289032,0.1592060476541519,0.550347089767456,0.6107082366943359,-0.0485116392374038,0.4734455347061157,0.599926233291626,0.3759374618530273,0.5802909135818481,0.7126336693763733,0.1820520311594009,0.4796022772789001,0.6806002259254456,0.727430522441864
U,False,0.4479512870311737,0.286740630865097,-0.2878302335739136,0.569674015045166,0.3242068588733673,-0.4447543621063232,0.443558394908905,0.3291404545307159,0.1306401193141937,0.541976809501648,0.5013256072998047,-0.1678089648485183,0.4591839909553528,0.4991011619567871,0.1672516018152237,0.5534070134162903,0.6103407144546509,-0.0088537950068712,0.4718285202980041,0.6003797054290771,0.373826265335083,0.583050549030304,0.7120733857154846,0.2833027839660644,0.4814794063568115,0.6858108043670654,0.7545142769813538
U,False,0.4369377791881561,0.289892703294754,-0.2881134152412414,0.5585688352584839,0.3249451220035553,-0.4689997434616089,0.4402498602867126,0.3327229917049408,0.1480137258768081,0.5385759472846985,0.5015661716461182,-0.1789062172174453,0.4607954323291778,0.4998342394828796,0.1785020977258682,0.5480722188949585,0.6117498278617859,-0.0013853122945874,0.4571739137172699,0.5992936491966248,0.4228814840316772,0.5761765837669373,0.7144020795822144,0.2697598934173584,0.4744010865688324,0.6865053176879883,0.7961525917053223
U,False,0.4184071123600006,0.2900961637496948,-0.2858918309211731,0.5254101157188416,0.3262169361114502,-0.4324439465999603,0.4200096726417541,0.33685964345932,0.1014425009489059,0.5401238799095154,0.5018125176429749,-0.1565469950437545,0.4592073559761047,0.499824047088623,0.155992329120636,0.5306528210639954,0.6134068965911865,-0.0375013500452041,0.4183833301067352,0.5902740359306335,0.2445322275161743,0.5610629320144653,0.7047078013420105,0.2732457816600799,0.4601191878318786,0.6748806238174438,0.6351838707923889
U,False,0.4640622437000274,0.2923690974712372,-0.254440575838089,0.5676748156547546,0.3308631777763366,-0.3874826729297638,0.4644480049610138,0.3416332900524139,0.1707458943128585,0.5388933420181274,0.5013291835784912,-0.154800534248352,0.4620939195156097,0.499222993850708,0.1543142199516296,0.5508742332458496,0.6107072234153748,-0.1308901757001876,0.4557080566883087,0.6015584468841553,0.2734498977661133,0.571313202381134,0.7179507613182068,0.0604530051350593,0.4698459804058075,0.6911419034004211,0.5454917550086975
U,False,0.4657233655452728,0.2898853719234466,-0.2791268527507782,0.5749167203903198,0.3339492976665497,-0.4014271795749664,0.4628352224826813,0.3420993685722351,0.1426567286252975,0.5383490920066833,0.5011987686157227,-0.1539802253246307,0.460825651884079,0.4995404183864593,0.1536206603050232,0.5462612509727478,0.6111828088760376,-0.1079673618078231,0.4577639400959015,0.5994933843612671,0.2827880382537842,0.5728598833084106,0.7207778692245483,0.0527959465980529,0.470583826303482,0.6905124187469482,0.5667703747749329
U,False,0.3914013206958771,0.3081732988357544,-0.3769628405570984,0.5089279413223267,0.3335568308830261,-0.4568306803703308,0.4233272969722748,0.3487418293952942,0.1357760578393936,0.5369757413864136,0.5014147758483887,-0.1756303012371063,0.4617646634578705,0.4995027184486389,0.1752671301364898,0.5116551518440247,0.6075828075408936,-0.0071894251741468,0.4252412021160126,0.5919430255889893,0.3990167081356048,0.5501830577850342,0.7052064538002014,0.312715470790863,0.460420697927475,0.6732214689254761,0.8360809087753296
U,False,0.4294570684432983,0.2770143151283264,-0.2329787611961364,0.5369353294372559,0.3130228817462921,-0.4032305181026459,0.4335232973098755,0.328946441411972,0.1184596046805381,0.5365087389945984,0.5004660487174988,-0.1603375524282455,0.4641295373439789,0.5008206367492676,0.1596989631652832,0.5580520033836365,0.6081551909446716,0.0143202617764472,0.4738360345363617,0.6004543900489807,0.4129327237606048,0.590863823890686,0.705827534198761,0.2362911850214004,0.498992770910263,0.6824147701263428,0.7253695130348206
U,False,0.4552555680274963,0.2908394634723663,-0.2751437425613403,0.5757916569709778,0.3236806094646454,-0.3759633898735046,0.455718994140625,0.3341147005558014,0.1130621656775474,0.5393096804618835,0.5013949275016785,-0.1438180804252624,0.4617692828178406,0.4999078214168548,0.1432738155126571,0.5528208613395691,0.6136265993118286,-0.0615840591490268,0.4828077554702759,0.6040331721305847,0.3253736793994903,0.5886701345443726,0.7134482860565186,0.0791475772857666,0.4953950643539428,0.6871553659439087,0.6010136008262634
U,False,0.4613243639469147,0.2854426801204681,-0.288451075553894,0.5803709626197815,0.3257850408554077,-0.3939808905124664,0.4516925513744354,0.3317236602306366,0.1000265628099441,0.5404726266860962,0.502074658870697,-0.1449577212333679,0.4604211747646332,0.4981749355792999,0.1442494988441467,0.5538656115531921,0.6082722544670105,-0.0044813025742769,0.4760917127132416,0.5968698263168335,0.3637630343437195,0.589301347732544,0.7081186175346375,0.1841434836387634,0.4920020401477813,0.6804049611091614,0.675312876701355
U,False,0.4575995802879333,0.294703871011734,-0.2155509144067764,0.572409987449646,0.3335147798061371,-0.3594453036785126,0.4507813453674316,0.3425732851028442,0.1407518684864044,0.5415425300598145,0.5017982125282288,-0.1420623511075973,0.4596728086471557,0.4990992546081543,0.1414296329021453,0.5567074418067932,0.6138778924942017,-0.1064375340938568,0.4785967469215393,0.6008086204528809,0.291457861661911,0.5916114449501038,0.7176313400268555,0.0233420394361019,0.4936656355857849,0.6881923675537109,0.5385940670967102
U,False,0.4284625947475433,0.2991417050361633,-0.2629714012145996,0.5455384850502014,0.3253374099731445,-0.410601258277893,0.442875325679779,0.3378987610340118,0.1293629258871078,0.5387753248214722,0.50065678358078,-0.151835411787033,0.4619263708591461,0.5005877017974854,0.1514897644519806,0.5504842400550842,0.6111688613891602,-0.0231317114084959,0.4662548005580902,0.600088357925415,0.349854439496994,0.588387668132782,0.7097368836402893,0.2307238280773162,0.49600949883461,0.6819551587104797,0.7031034827232361
U,False,0.427440732717514,0.276529848575592,-0.2726426124572754,0.5371297001838684,0.3167054057121277,-0.4312470555305481,0.4264340400695801,0.3282153904438019,0.1102495342493057,0.5387449860572815,0.501414954662323,-0.1641457825899124,0.4617780148983001,0.5000173449516296,0.1635942757129669,0.5598505735397339,0.6182427406311035,-0.0045981798321008,0.4869715571403503,0.6016660332679749,0.4357257187366485,0.6057892441749573,0.7102044224739075,0.2505321800708771,0.5201176404953003,0.6792332530021667,0.8189975619316101
U,False,0.4877094328403473,0.2903701066970825,-0.2031359374523162,0.591259777545929,0.3380773961544037,-0.358551561832428,0.4796013534069061,0.3401387631893158,0.1354666948318481,0.5346803665161133,0.5022773146629333,-0.1480338722467422,0.4647808074951172,0.4992095530033111,0.1472753882408142,0.5717208385467529,0.6128464937210083,-0.0664952993392944,0.4993914067745209,0.6012075543403625,0.325139969587326,0.6098159551620483,0.7078162431716919,0.1739514023065567,0.5220226645469666,0.6851674914360046,0.6319804191589355
U,False,0.4749273657798767,0.2930667400360107,-0.1873728185892105,0.5793188214302063,0.3372913300991058,-0.3441774547100067,0.4657593369483948,0.3390994071960449,0.1632203608751297,0.536494791507721,0.5012029409408569,-0.1488486975431442,0.464083194732666,0.4993437230587005,0.1482011377811432,0.5570845007896423,0.6159673929214478,-0.1225844174623489,0.4866970181465149,0.6042462587356567,0.3002118170261383,0.5948852896690369,0.7174617648124695,0.0058407001197338,0.507536768913269,0.6912411451339722,0.5538104772567749
U,False,0.4519832134246826,0.296837717294693,-0.2171778976917266,0.5715300440788269,0.3352411389350891,-0.3807208836078644,0.4585095047950744,0.3412339091300964,0.1713448762893676,0.5366280674934387,0.5012374520301819,-0.1643905043601989,0.4624330401420593,0.500365138053894,0.1639125645160675,0.5544074773788452,0.6139993667602539,-0.0866871327161789,0.4798654913902282,0.6039102673530579,0.3189654052257538,0.5915176272392273,0.7157799005508423,0.106170617043972,0.5005244016647339,0.6941033005714417,0.6120350360870361
U,False,0.4387814700603485,0.300351619720459,-0.223794937133789,0.5660073161125183,0.3313911259174347,-0.3818371891975403,0.4463018178939819,0.3401037156581878,0.193309411406517,0.5400909781455994,0.5016031265258789,-0.1680450737476349,0.4613448083400726,0.4993136525154114,0.1675455421209335,0.544202983379364,0.6158508062362671,-0.1284970194101333,0.4604689180850982,0.6031484007835388,0.2449691146612167,0.5901206731796265,0.7154557704925537,0.1321057081222534,0.4993459284305572,0.687990665435791,0.5718491673469543
U,False,0.4811619222164154,0.2929807603359222,-0.2908796966075897,0.5866749286651611,0.3318189680576324,-0.4026403427124023,0.4620247781276703,0.3379001319408417,0.1185412406921386,0.5411290526390076,0.5017827749252319,-0.1475005447864532,0.4599615037441253,0.4995011985301971,0.1469231247901916,0.5594397187232971,0.6121474504470825,-0.0683874115347862,0.4727298319339752,0.6014547944068909,0.3143866658210754,0.5888102054595947,0.7125917077064514,0.1882547289133072,0.5002955198287964,0.6866925954818726,0.6480479836463928
U,False,0.4836279451847076,0.2969526350498199,-0.2664468884468078,0.587674617767334,0.3401795327663421,-0.3740952014923095,0.4670399725437164,0.3409494459629059,0.1263083517551422,0.5380020141601562,0.5017907619476318,-0.1380400210618972,0.4613206684589386,0.4995200634002685,0.1374577730894088,0.5564759969711304,0.6115050315856934,-0.1039999127388,0.4725771248340606,0.6009074449539185,0.2271402329206466,0.5884400606155396,0.7146298289299011,0.087450236082077,0.4938380420207977,0.693121612071991,0.4927800297737121
U,False,0.4688905775547027,0.2928890883922577,-0.2746436893939972,0.5785520076751709,0.3347157835960388,-0.3962005078792572,0.4539925754070282,0.3404514491558075,0.1311568319797516,0.538148820400238,0.5014427304267883,-0.1430400609970092,0.460903912782669,0.4990528225898742,0.1425384134054184,0.55839604139328,0.6107434034347534,-0.0847361609339714,0.4764011204242706,0.6006911993026733,0.270965963602066,0.5903589725494385,0.7136102914810181,0.1066882312297821,0.4924933016300201,0.6889630556106567,0.5549686551094055
U,False,0.4432176351547241,0.292687326669693,-0.3118221759796142,0.5622150301933289,0.3299468457698822,-0.4202540516853332,0.4476212859153747,0.3414818346500397,0.1433344036340713,0.5384840965270996,0.5016388893127441,-0.1606830954551696,0.4607006907463074,0.4998997449874878,0.1602682918310165,0.5472515821456909,0.6123510599136353,-0.0632266998291015,0.4553859829902649,0.5989148020744324,0.334408700466156,0.591259777545929,0.7103232145309448,0.1811076551675796,0.4947324991226196,0.6841248273849487,0.6835278868675232
U,False,0.588753879070282,0.2857445776462555,-0.5063899159431458,0.5831391215324402,0.3453496992588043,-0.0826998725533485,0.455217182636261,0.3401864767074585,-0.5414171814918518,0.5354381203651428,0.500338077545166,0.1442819833755493,0.4651881456375122,0.5005528330802917,-0.1445593386888504,0.5226782560348511,0.5940232276916504,0.4766825735569,0.4458528459072113,0.6059551239013672,0.0380128622055053,0.5180123448371887,0.6759064197540283,0.8179551959037781,0.4104060530662536,0.7031110525131226,0.2998339235782623
U,False,0.5705224871635437,0.2866194546222687,-0.3672211468219757,0.5755116939544678,0.3358739912509918,0.0715933442115783,0.4539281725883484,0.323338896036148,-0.4149779677391052,0.5403738617897034,0.5005426406860352,0.1416741609573364,0.4606060981750488,0.5005896687507629,-0.1418105363845825,0.5280419588088989,0.5989004373550415,0.4432715177536011,0.4437328279018402,0.6063402891159058,0.0210264436900615,0.5052621960639954,0.6791566610336304,0.8184674978256226,0.4127280116081238,0.70758455991745,0.2346343249082565
U,False,0.5490899682044983,0.283225953578949,-0.3498256206512451,0.5588318109512329,0.3315662443637848,0.065516673028469,0.4321455061435699,0.3218549191951751,-0.4061222672462463,0.5389868021011353,0.5001093745231628,0.1364778727293014,0.460977554321289,0.5007365345954895,-0.1365612298250198,0.5181189179420471,0.5987738370895386,0.3901018500328064,0.4336327910423279,0.6061639785766602,0.0641796737909317,0.5048152804374695,0.6783758997917175,0.7212717533111572,0.4116131663322449,0.7026446461677551,0.3383563756942749
U,False,0.5562942624092102,0.2806722223758697,-0.3378817141056061,0.5577762722969055,0.3277564942836761,0.0674265027046203,0.4384475946426391,0.3190887868404388,-0.4114261567592621,0.5389763116836548,0.4994555115699768,0.1364386528730392,0.4617201089859009,0.5010729432106018,-0.1364880800247192,0.5222405195236206,0.6009600162506104,0.3806551992893219,0.4354203045368194,0.6079264283180237,0.0600403286516666,0.5044886469841003,0.679212749004364,0.700924277305603,0.4078760743141174,0.7054573893547058,0.3227035701274872
U,False,0.5857819318771362,0.2949534952640533,-0.3603153824806213,0.5718261003494263,0.3355709910392761,0.1008268669247627,0.4641406536102295,0.3296398222446441,-0.4535529315471649,0.5404113531112671,0.4999792575836181,0.1557720452547073,0.4593512415885925,0.5006250143051147,-0.155907467007637,0.5614051222801208,0.5960290431976318,0.3713122308254242,0.479941189289093,0.6070300340652466,-0.1048573330044746,0.5137282609939575,0.6739751100540161,0.7856189608573914,0.4141222536563873,0.7017084360122681,0.1580724716186523
U,False,0.5721461772918701,0.2787016630172729,-0.3507404029369354,0.5716677308082581,0.3346199691295624,0.0997306555509567,0.4565220177173614,0.3196848928928375,-0.4093587100505829,0.5383769869804382,0.5013955235481262,0.1420831531286239,0.4609972834587097,0.4994142055511474,-0.1421962529420852,0.5176970958709717,0.600798487663269,0.3883039355278015,0.4358692765235901,0.6057363152503967,0.057791780680418,0.4922324419021606,0.6797305941581726,0.7209535837173462,0.4049102663993835,0.7047283053398132,0.3439627587795257
U,False,0.6190581321716309,0.2931811809539795,-0.4177630841732025,0.6042917370796204,0.3455385863780975,0.0165548082441091,0.5087845325469971,0.3257172405719757,-0.5335353016853333,0.5445502996444702,0.5013097524642944,0.1574651002883911,0.456669807434082,0.4999140501022339,-0.1575875133275985,0.5855453014373779,0.5898787975311279,0.3126242458820343,0.472917765378952,0.6056344509124756,0.0461172834038734,0.5335525274276733,0.665527880191803,0.6916859745979309,0.4354643225669861,0.7006962895393372,0.3653177320957184
U,False,0.5251342058181763,0.2908276617527008,-0.1737418174743652,0.526000440120697,0.3352384865283966,0.1712634414434433,0.4070649445056915,0.3338435292243957,-0.3311915099620819,0.5404629707336426,0.4987981021404266,0.1253330558538437,0.4591701924800873,0.5018982291221619,-0.1254106760025024,0.5028062462806702,0.6014254093170166,0.376412957906723,0.4270700514316559,0.6110941767692566,-0.1136973723769187,0.4906042814254761,0.6874399781227112,0.7005149126052856,0.4044813811779022,0.7151064872741699,0.0106568345800042
U,False,0.5240247249603271,0.2899930477142334,-0.318188339471817,0.5346555113792419,0.3349718153476715,0.110162079334259,0.4040539264678955,0.3300641477108001,-0.403597742319107,0.5403140783309937,0.4982588589191437,0.1350968033075332,0.4586476683616638,0.5019505023956299,-0.1350816041231155,0.5198284387588501,0.5997440814971924,0.3896334171295166,0.4336515963077545,0.6111889481544495,-0.0201128851622343,0.5103329420089722,0.6854973435401917,0.7322218418121338,0.4118947684764862,0.7156651616096497,0.2136629968881607
U,False,0.5440089702606201,0.2870931923389435,-0.3428282141685486,0.5459665656089783,0.327721893787384,0.0886795297265052,0.422112762928009,0.3209670186042785,-0.44757279753685,0.5409033298492432,0.499260663986206,0.1443294733762741,0.4604999423027038,0.5015841722488403,-0.1443145871162414,0.5309836268424988,0.5959606766700745,0.4296460747718811,0.4470486640930176,0.6109405159950256,0.0335717238485813,0.5238466858863831,0.6816142201423645,0.7878413200378418,0.4236306846141815,0.7112421989440918,0.304606020450592
U,False,0.6194883584976196,0.300986498594284,-0.3778644204139709,0.5994458198547363,0.3421021401882171,0.0465495064854621,0.4927591681480407,0.3236190378665924,-0.4659613668918609,0.5436336994171143,0.5001051425933838,0.1487930715084076,0.455420970916748,0.5007116794586182,-0.1487675011157989,0.5784005522727966,0.594054639339447,0.3801106214523315,0.477132499217987,0.606779158115387,0.0845981389284133,0.5616049766540527,0.6744813919067383,0.7420339584350586,0.4575265049934387,0.7062539458274841,0.3994572758674621
U,False,0.5470138192176819,0.2814413607120514,-0.2349213361740112,0.5517470240592957,0.3356550931930542,0.138569101691246,0.4323329031467438,0.3384379744529724,-0.3697465062141418,0.5385850667953491,0.4987232387065887,0.1436481028795242,0.4627889394760132,0.5025972723960876,-0.1437008380889892,0.5440863966941833,0.5920663475990295,0.3963381648063659,0.4493834674358368,0.6056568026542664,-0.0750940144062042,0.5401970148086548,0.6774036884307861,0.6957415342330933,0.4407607614994049,0.708320140838623,0.0873084738850593
U,False,0.5700132250785828,0.2797273397445678,-0.3164538741111755,0.5710983872413635,0.328658789396286,0.0725108608603477,0.446154922246933,0.3212051689624786,-0.3999368250370025,0.5402216911315918,0.5007367730140686,0.1333970874547958,0.4603135883808136,0.5008589625358582,-0.1334674954414367,0.5215213298797607,0.6002832055091858,0.3953924775123596,0.4389168322086334,0.6047940254211426,0.0555233433842659,0.5104079842567444,0.6826511025428772,0.7208753228187561,0.4118130207061767,0.7067979574203491,0.3201321363449096
U,False,0.5402550101280212,0.2800521850585937,-0.2751564681529999,0.5450583696365356,0.3308385908603668,0.0801392868161201,0.4235603809356689,0.3230603635311126,-0.3559243977069855,0.5397896766662598,0.4993543922901153,0.1230674609541893,0.4608664214611053,0.5018673539161682,-0.1232347935438156,0.5102568864822388,0.601200520992279,0.3777793943881988,0.4321212470531463,0.6074676513671875,0.028612807393074,0.4985962212085724,0.6859903931617737,0.6789462566375732,0.4019897878170013,0.7135502696037292,0.2357377856969833
U,False,0.5565764904022217,0.2755175828933716,-0.3921712338924408,0.5581453442573547,0.3300853669643402,0.0566361322999,0.4398233294486999,0.318888396024704,-0.4387203752994537,0.5402740836143494,0.4998821020126343,0.1432579159736633,0.4609185755252838,0.5008550882339478,-0.1434160321950912,0.5257173776626587,0.6019785404205322,0.4319421350955963,0.4462794065475464,0.6092838048934937,0.1092968508601188,0.5125540494918823,0.6832263469696045,0.7939362525939941,0.4138904809951782,0.7083185911178589,0.4332989156246185
U,False,0.647773265838623,0.3095466792583465,-0.4523228108882904,0.6163579821586609,0.3504990041255951,-0.0374790206551551,0.5166762471199036,0.3329774737358093,-0.5730290412902832,0.5442432165145874,0.501262903213501,0.1439115107059478,0.4558750689029693,0.4994532763957977,-0.1439535319805145,0.5864865779876709,0.5899761915206909,0.4376235604286194,0.4769938886165619,0.607097327709198,0.1511021256446838,0.5611016750335693,0.6737357974052429,0.8431102633476257,0.4595923721790313,0.7048174738883972,0.5285013318061829
U,False,0.5931585431098938,0.2806896567344665,-0.3836024701595306,0.5883978605270386,0.3317056894302368,0.0624404810369014,0.4790901243686676,0.3151280283927917,-0.4787531197071075,0.5419657230377197,0.5010346174240112,0.1506532430648803,0.4580348432064056,0.4992319345474243,-0.1507311314344406,0.5510687232017517,0.6005396246910095,0.4098415374755859,0.4514314234256744,0.6105086207389832,0.0820355042815208,0.5318671464920044,0.6792066097259521,0.7833840847015381,0.438157320022583,0.7142266035079956,0.3978431224822998
U,False,0.5142236948013306,0.2829969227313995,-0.4011106193065643,0.5382225513458252,0.3287603259086609,0.0907076522707939,0.4072659611701965,0.3218069076538086,-0.4139066934585571,0.5375608801841736,0.499456912279129,0.1460087895393371,0.4610231816768646,0.5017660856246948,-0.1461434662342071,0.5186285376548767,0.5993313193321228,0.4350593090057373,0.4336357712745666,0.6091871857643127,0.0464736931025981,0.5051184296607971,0.684666097164154,0.7995203733444214,0.4080146849155426,0.7138620615005493,0.34003946185112
U,False,0.5091157555580139,0.2889113128185272,-0.3388544023036957,0.5233720541000366,0.3375120759010315,0.1101664826273918,0.4085108935832977,0.3338024318218231,-0.3914201855659485,0.5376337766647339,0.4987687766551971,0.1355392038822174,0.4609335064888,0.5028892159461975,-0.1356515437364578,0.5253573060035706,0.5970750451087952,0.415553480386734,0.4390457570552826,0.6091241836547852,-0.0071646776050329,0.5188475847244263,0.6833422183990479,0.7634382843971252,0.4199239313602447,0.715397834777832,0.205796480178833
U,False,0.5160114169120789,0.2829712331295013,-0.3704716861248016,0.5359024405479431,0.3237229883670807,0.0437670573592186,0.4028436541557312,0.3211329579353332,-0.4064558148384094,0.5400328040122986,0.4988316893577575,0.1270526349544525,0.4591192007064819,0.5017238259315491,-0.127158522605896,0.5205662250518799,0.5986660718917847,0.4163283109664917,0.4348763227462768,0.6066132187843323,0.0730405822396278,0.5084474086761475,0.679131805896759,0.7853633165359497,0.4100354611873626,0.7109828591346741,0.3445048034191131
U,False,0.5345624685287476,0.2873755395412445,-0.3641188144683838,0.5468383431434631,0.3245822191238403,0.0517497025430202,0.4187879562377929,0.3185427188873291,-0.4246315360069275,0.539833128452301,0.498553067445755,0.1369730085134506,0.4616159796714782,0.5015516877174377,-0.1370379328727722,0.5263763666152954,0.5990192294120789,0.4198221266269684,0.4425874054431915,0.6068017482757568,0.068775825202465,0.5183150768280029,0.6774731278419495,0.7719421982765198,0.420865386724472,0.7096261382102966,0.3499723374843597
U,False,0.6469366550445557,0.3239494264125824,-0.4030202031135559,0.6250104904174805,0.3547171652317047,-0.0076312483288347,0.5115545392036438,0.3375318050384521,-0.5171331167221069,0.5441232919692993,0.5004155039787292,0.1468469947576522,0.4545942842960357,0.4996486306190491,-0.1467710584402084,0.5880184173583984,0.5860506892204285,0.362180233001709,0.4735009968280792,0.6047660112380981,0.0153480172157287,0.5702319145202637,0.6742218136787415,0.7665823698043823,0.4714945554733276,0.7056688666343689,0.2935412526130676
U,False,0.5260050892829895,0.2886337041854858,-0.2467978447675705,0.5268321633338928,0.3287082314491272,0.1361441165208816,0.4059748351573944,0.3265354335308075,-0.4008788466453552,0.5388380885124207,0.4990456700325012,0.1400336325168609,0.4597557485103607,0.5019687414169312,-0.1401104032993316,0.5130576491355896,0.6006860136985779,0.4154167473316192,0.4302515089511871,0.6095181107521057,0.0129456976428627,0.4992461204528808,0.6850623488426208,0.7531968355178833,0.4034588932991028,0.7145183086395264,0.2478872835636139
U,False,0.522508442401886,0.2829845249652862,-0.3080999851226806,0.5328857898712158,0.3340891003608703,0.130709633231163,0.4126500785350799,0.3219823241233825,-0.3537451326847076,0.5385233163833618,0.4991040229797363,0.131272092461586,0.4600346684455871,0.5015085935592651,-0.1314054131507873,0.514427661895752,0.6000832915306091,0.3939760029315948,0.4328930377960205,0.6090400815010071,-0.0124016413465142,0.4973892271518707,0.6846867203712463,0.7184943556785583,0.4031853079795837,0.7142857909202576,0.1808646917343139
U,False,0.5474956035614014,0.2783925831317901,-0.3986384272575378,0.5555851459503174,0.3351109325885772,0.1175842955708503,0.4398930370807647,0.3154971301555633,-0.420850932598114,0.5358332395553589,0.4999423921108246,0.1550190597772598,0.462834745645523,0.5010371804237366,-0.1552498787641525,0.5206884145736694,0.5989670753479004,0.4477559030056,0.4433727264404297,0.6086219549179077,0.0783086866140365,0.5106105804443359,0.6815383434295654,0.8087397813796997,0.4151968955993652,0.7100139856338501,0.3954239785671234
U,False,0.6465221047401428,0.3098371922969818,-0.3717007935047149,0.6186327338218689,0.3559202253818512,0.0361535921692848,0.5250325798988342,0.3284362852573395,-0.5033506751060486,0.5444587469100952,0.500482439994812,0.1504828333854675,0.4569028317928314,0.4998104274272918,-0.1504243910312652,0.5882789492607117,0.5899694561958313,0.2993772625923157,0.4727752208709717,0.6082018613815308,-0.012773772701621,0.5627941489219666,0.6781344413757324,0.6705690026283264,0.4606246054172516,0.7097797989845276,0.2513591349124908
U,False,0.5154069662094116,0.2844864726066589,-0.3712934851646423,0.5414702296257019,0.3296314179897308,0.0732349902391433,0.4112391471862793,0.3281392455101013,-0.3948026895523071,0.5392765998840332,0.4986771047115326,0.135154440999031,0.4594219326972961,0.5025990605354309,-0.1353156864643097,0.5224053859710693,0.6011268496513367,0.4209630489349365,0.4377281963825226,0.6097337007522583,0.041748046875,0.518897294998169,0.682988703250885,0.7754197120666504,0.4206602871417999,0.7121262550354004,0.2888611257076263
U,False,0.5338355302810669,0.2760642170906067,-0.4260628223419189,0.5526612401008606,0.3189499080181122,-0.0149791687726974,0.4200422465801239,0.3149456679821014,-0.4797109961509704,0.5402188301086426,0.4995194375514984,0.1351276487112045,0.4598608911037445,0.5018337368965149,-0.135245144367218,0.530971348285675,0.598829448223114,0.4847653210163116,0.4419039785861969,0.6067976951599121,0.1105949133634567,0.5134679675102234,0.6688295006752014,0.8944457769393921,0.421434074640274,0.7027944922447205,0.448136568069458
U,False,0.5302345752716064,0.2861128449440002,-0.2590806782245636,0.5316991806030273,0.3261490762233734,0.1174978837370872,0.4108073115348816,0.3215816617012024,-0.3774136900901794,0.5384846329689026,0.4986182153224945,0.1379657387733459,0.4610468745231628,0.5016313791275024,-0.1379697024822235,0.5244471430778503,0.5996261835098267,0.3921371698379516,0.4414549767971039,0.6093479990959167,0.0122750485315918,0.5168843865394592,0.6826733946800232,0.7260920405387878,0.4218271970748901,0.7119101881980896,0.2264185696840286
U,False,0.5341116189956665,0.2897856831550598,-0.2315866500139236,0.5373410582542419,0.3260264694690704,0.1358539164066314,0.4134486317634582,0.3197200000286102,-0.390863299369812,0.5407071709632874,0.4980934262275696,0.1404559016227722,0.4601103365421295,0.5034716129302979,-0.1405035108327865,0.5319991707801819,0.6007716059684753,0.4099944531917572,0.4427017569541931,0.6129593849182129,0.0548798404633998,0.5225761532783508,0.6791132688522339,0.7382601499557495,0.4250608086585998,0.7080012559890747,0.3128329813480377
U,False,0.5790782570838928,0.3028762936592102,-0.3431467115879059,0.5569112300872803,0.3372895419597626,0.0888471752405166,0.4642286598682403,0.3329995572566986,-0.4292918443679809,0.5399364829063416,0.4990807771682739,0.1474859118461609,0.4602183103561401,0.501778781414032,-0.1475174129009246,0.5952472686767578,0.5932821035385132,0.2673582434654236,0.4813038110733032,0.6099207997322083,-0.0065227807499468,0.5266901850700378,0.6664732098579407,0.7372251749038696,0.4328860938549042,0.7033897638320923,0.2676913142204284
U,False,0.5244039297103882,0.2846780717372894,-0.3886442184448242,0.545234203338623,0.3310630917549133,0.0899481773376464,0.4193680882453918,0.3268530964851379,-0.4202651679515838,0.5388423800468445,0.4980677962303161,0.1483779549598693,0.4620423316955566,0.5021190643310547,-0.1486040949821472,0.5283039212226868,0.5990096926689148,0.4515309333801269,0.4421165585517883,0.6091877818107605,0.042618092149496,0.523847758769989,0.6819891333580017,0.8147693276405334,0.4236028492450714,0.7132415175437927,0.2979165315628052
U,False,0.5600625276565552,0.2797289192676544,-0.3528362214565277,0.569923996925354,0.3347286283969879,0.0934734866023063,0.4520950615406036,0.3219508826732635,-0.4010427594184875,0.5389145612716675,0.5001379251480103,0.1442125141620636,0.4614732563495636,0.5005460977554321,-0.1444081664085388,0.5193217992782593,0.5995956063270569,0.4082892537117004,0.4360960125923157,0.6075891256332397,0.0521920025348663,0.5072789192199707,0.6837893724441528,0.743068516254425,0.4123499393463135,0.7110796570777893,0.3234759867191314
U,False,0.5395722389221191,0.2846569418907165,-0.3381310403347015,0.5467023849487305,0.3354959487915039,0.1035641953349113,0.4281761944293976,0.3231237530708313,-0.3969505131244659,0.5380266308784485,0.499668687582016,0.1383386552333831,0.4623168706893921,0.501609206199646,-0.1384388655424118,0.5188887715339661,0.5996910333633423,0.4469992816448211,0.4345861375331878,0.60840904712677,-0.0054335547611117,0.508558452129364,0.6796834468841553,0.8196573257446289,0.4107691943645477,0.7102866768836975,0.2024661749601364
U,False,0.5478478670120239,0.283092051744461,-0.3992770612239837,0.5489978194236755,0.3295872509479522,0.0687920749187469,0.4317556023597717,0.319724291563034,-0.441981554031372,0.5397126078605652,0.499116837978363,0.1419649124145507,0.460441529750824,0.5017101168632507,-0.1421203166246414,0.5336419939994812,0.5983540415763855,0.4361083209514618,0.4391801953315735,0.60685133934021,0.1092654317617416,0.5094607472419739,0.6772375702857971,0.8065401911735535,0.40857595205307,0.7069591283798218,0.4341584742069244
U,False,0.5817765593528748,0.2772238254547119,-0.4044831991195678,0.5715041756629944,0.3293446600437164,0.0735365450382232,0.4564631283283233,0.3164528310298919,-0.4539599120616913,0.5391605496406555,0.5000734925270081,0.1517408639192581,0.461019366979599,0.5000607371330261,-0.1518287062644958,0.5280753970146179,0.5984228849411011,0.4649685025215149,0.4435137212276459,0.609390914440155,0.0778584852814674,0.512407124042511,0.6811584830284119,0.8548753261566162,0.4203028380870819,0.7111861109733582,0.3810576200485229
U,False,0.5268394947052002,0.2751732170581817,-0.3287523984909057,0.5426311492919922,0.3314369916915893,0.1104647368192672,0.4168837666511535,0.3258483111858368,-0.3736859560012817,0.5390378832817078,0.4995632767677307,0.1366143822669983,0.4609642624855041,0.5010700821876526,-0.1367741227149963,0.5198017358779907,0.599665641784668,0.4259460568428039,0.4383691847324371,0.6097331643104553,0.0236107688397169,0.5116372108459473,0.6867899298667908,0.778954267501831,0.4130779802799225,0.7142839431762695,0.2705408930778503
U,False,0.5486283898353577,0.2713083624839782,-0.3876996040344238,0.5517911911010742,0.3294433057308197,0.1055186316370964,0.4357552230358124,0.3178394138813019,-0.4392763078212738,0.5380574464797974,0.4998616576194763,0.1559439152479171,0.4604729115962982,0.5014151334762573,-0.1560897827148437,0.5302999019622803,0.5975418090820312,0.4555087983608246,0.4459355175495147,0.6086087226867676,0.0800496190786361,0.5123850703239441,0.6798935532569885,0.8298400640487671,0.4137488305568695,0.7082833647727966,0.4046343266963959
U,False,0.5424419641494751,0.283759742975235,-0.392627865076065,0.5517844557762146,0.3327639997005462,0.0730959773063659,0.4288276433944702,0.3230339586734772,-0.440064787864685,0.540211021900177,0.4990623593330383,0.1452796012163162,0.4600790143013,0.5020283460617065,-0.1454445719718933,0.5397705435752869,0.595448911190033,0.4341296255588531,0.4474826157093048,0.6066902279853821,0.0888001844286918,0.5196259617805481,0.6806176900863647,0.7954907417297363,0.422356367111206,0.7073965668678284,0.3991607129573822
U,False,0.5614086985588074,0.2979815602302551,-0.3277489244937897,0.5632506012916565,0.3362476527690887,0.0624321475625038,0.4420162737369537,0.3258913159370422,-0.4021292626857757,0.538530707359314,0.5000077486038208,0.1347844749689102,0.4604487121105194,0.5013020038604736,-0.1348071247339248,0.5281187295913696,0.5982106328010559,0.4222312569618225,0.4413138031959533,0.6090103983879089,-0.0221189446747303,0.521777331829071,0.6827285885810852,0.7658860683441162,0.424915462732315,0.7123773097991943,0.146196648478508
U,False,0.5415991544723511,0.2886172235012054,-0.3348304331302643,0.5439417362213135,0.3344952464103699,0.1300872415304184,0.4276324212551117,0.3214083313941955,-0.4139745235443115,0.5387434959411621,0.4997267425060272,0.1508440375328064,0.4626266360282898,0.5018498301506042,-0.1509368568658828,0.5249428153038025,0.6021661162376404,0.4396727085113525,0.4403378069400787,0.6085909008979797,-0.0150398779660463,0.5199390649795532,0.6838387846946716,0.7921180725097656,0.4181167185306549,0.7132157683372498,0.2028556764125824
U,False,0.5505984425544739,0.2869335412979126,-0.3509117662906647,0.5600264072418213,0.3332624435424804,0.0863461121916771,0.4314831495285034,0.3233538269996643,-0.4057751595973968,0.5400402545928955,0.4992450773715973,0.1440287232398986,0.4610540270805359,0.5021487474441528,-0.1441675424575805,0.5255129933357239,0.6011239290237427,0.4371024072170257,0.439784437417984,0.6092540621757507,0.0155497668310999,0.5153634548187256,0.6825746297836304,0.7875243425369263,0.4172260165214538,0.7094613313674927,0.2475055903196334
U,False,0.5652709007263184,0.287836343050003,-0.3406097292900085,0.5600073337554932,0.3342115879058838,0.0881556943058967,0.4387867450714111,0.3222138285636902,-0.4209959506988525,0.5400534868240356,0.498887687921524,0.1422617733478546,0.4610013365745544,0.5011624097824097,-0.1423412412405014,0.5354377031326294,0.5979301929473877,0.4114776849746704,0.4461306929588318,0.6093336939811707,0.0188100300729274,0.5238715410232544,0.6798533201217651,0.7598770260810852,0.4226205348968506,0.7100924849510193,0.241441860795021
U,False,0.5820837020874023,0.2883146107196808,-0.3887262046337127,0.5862492322921753,0.3379334807395935,0.0130071509629488,0.4759904146194458,0.3267731070518493,-0.4384922087192535,0.5432031750679016,0.500483512878418,0.1361973285675048,0.457321435213089,0.5010764002799988,-0.1362996399402618,0.5851776003837585,0.5845733284950256,0.2733540534973144,0.4731357395648956,0.6063586473464966,-0.0394765362143516,0.5310394763946533,0.6728938817977905,0.5765808820724487,0.433378666639328,0.7019745111465454,0.1579855978488922
U,False,0.5348632335662842,0.2871948182582855,-0.2611347138881683,0.5400031805038452,0.3379246294498443,0.1549896150827407,0.4287393093109131,0.3280315697193146,-0.3744450509548187,0.541081428527832,0.4985797107219696,0.1420833766460418,0.4579557478427887,0.5022942423820496,-0.1421271413564682,0.5309587717056274,0.6058605313301086,0.3695763051509857,0.4450962543487549,0.6099329590797424,-0.0969606041908264,0.5230251550674438,0.6881967782974243,0.7260581851005554,0.4267726540565491,0.7157465815544128,0.0772968977689743
U,False,0.5293681621551514,0.284608244895935,-0.2984374761581421,0.5328165292739868,0.337390661239624,0.1360359638929367,0.4226476848125458,0.3268528580665588,-0.4137627482414245,0.538768470287323,0.4982882142066955,0.1486602574586868,0.4601853191852569,0.502043604850769,-0.1486976593732834,0.5306099057197571,0.5997809767723083,0.3879309892654419,0.4459109902381897,0.6077832579612732,-0.038073468953371,0.5231558680534363,0.6844391226768494,0.7146167755126953,0.4246997535228729,0.7137681841850281,0.1933188885450363
U,False,0.6125802993774414,0.3064436018466949,-0.3429292440414428,0.5797438025474548,0.3463486135005951,0.1117651388049125,0.491558700799942,0.3358773589134216,-0.454520583152771,0.5402000546455383,0.5006080269813538,0.1590245813131332,0.4608746469020843,0.500803530216217,-0.1590730398893356,0.5773926973342896,0.5932835340499878,0.3712711632251739,0.4939858615398407,0.6052236557006836,-0.0342565327882766,0.5440855026245117,0.676635205745697,0.74187833070755,0.4482996761798858,0.705794632434845,0.2221918702125549
U,False,0.5680071115493774,0.2724881470203399,-0.3891798257827759,0.5698434114456177,0.332985371351242,0.1057711988687515,0.4653274118900299,0.3147222697734833,-0.4774408042430877,0.5374147891998291,0.5019087195396423,0.163193479180336,0.4633192121982574,0.4983523190021515,-0.1633897870779037,0.5220409035682678,0.5983669757843018,0.503920316696167,0.4332896173000335,0.604649543762207,0.0999411046504974,0.4982077777385711,0.6780194640159607,0.916914165019989,0.4056239426136017,0.704124391078949,0.4471921026706695
U,False,0.5422800183296204,0.2761103510856628,-0.3528471887111664,0.5448364615440369,0.3303806483745575,0.1099932491779327,0.4252615571022033,0.3191971182823181,-0.4718061089515686,0.5379438996315002,0.5002936720848083,0.1556455194950103,0.4624696671962738,0.5006101131439209,-0.1557854413986206,0.5199300646781921,0.5985222458839417,0.4848814010620117,0.4386424124240875,0.6052250862121582,0.0647915676236152,0.5025981068611145,0.6781479716300964,0.886404812335968,0.409955084323883,0.7082608342170715,0.3639188706874847
U,False,0.5394198894500732,0.2831525206565857,-0.384939968585968,0.5452293753623962,0.3348385393619537,0.0969516634941101,0.4238073825836181,0.3251884877681732,-0.4448658227920532,0.5375211834907532,0.5000357031822205,0.1546535640954971,0.4628718197345733,0.5016138553619385,-0.1547716706991195,0.5240775346755981,0.5962612628936768,0.4766692817211151,0.4432506561279297,0.603472113609314,0.0459687933325767,0.5075465440750122,0.67867511510849,0.8702415823936462,0.412327378988266,0.705558717250824,0.3391609787940979
U,False,0.5421390533447266,0.2866177558898926,-0.3440846502780914,0.5442168116569519,0.3355612456798553,0.1123827919363975,0.4289925396442413,0.3239612877368927,-0.4253510236740112,0.5379722118377686,0.4993384480476379,0.1461038291454315,0.4619349539279938,0.501393735408783,-0.1461774855852127,0.5186160206794739,0.5965007543563843,0.4426801204681396,0.4330879747867584,0.6047514081001282,0.0097171505913138,0.5014550685882568,0.6789767146110535,0.8072484731674194,0.4040949940681457,0.7067596912384033,0.254090815782547
U,False,0.5732468962669373,0.2973394691944122,-0.3152369260787964,0.5563263297080994,0.3333093523979187,0.1021724417805671,0.4477702379226684,0.3235145509243011,-0.4409702718257904,0.5395646095275879,0.4997328817844391,0.1448740810155868,0.4616594314575195,0.5016030669212341,-0.1449126601219177,0.5233290791511536,0.6006702780723572,0.4199016094207763,0.4452536702156067,0.6061986088752747,0.018245380371809,0.5022293925285339,0.6827337741851807,0.7666023969650269,0.4064138531684875,0.7047170400619507,0.2785321176052093
U,False,0.5758507251739502,0.2745177447795868,-0.4040277004241943,0.5738463401794434,0.3326994478702545,0.1093902364373207,0.4580089747905731,0.3219214081764221,-0.4917706847190857,0.5368652939796448,0.5024800896644592,0.164466917514801,0.4617984592914581,0.4991854429244995,-0.1646795570850372,0.511093020439148,0.6049565672874451,0.4922054409980774,0.4341087341308594,0.6123737096786499,0.0591921247541904,0.481635183095932,0.6857270002365112,0.9037506580352784,0.3898048400878906,0.712668240070343,0.3849906325340271
U,False,0.5094225406646729,0.2876150608062744,-0.3456840217113495,0.5201736688613892,0.3331556022167206,0.1213266253471374,0.4111246764659881,0.3342822194099426,-0.3826897144317627,0.5354540348052979,0.4996868073940277,0.1309872418642044,0.4657299816608429,0.5004649758338928,-0.1310944259166717,0.4945857524871826,0.6002366542816162,0.3586941659450531,0.425416886806488,0.606069028377533,0.0105607695877552,0.4686518311500549,0.6823564171791077,0.6811348795890808,0.381789892911911,0.7062219977378845,0.2567984759807586
U,False,0.5223923325538635,0.2824892103672027,-0.3207636177539825,0.535240650177002,0.3362592756748199,0.1016813516616821,0.417728990316391,0.33374884724617,-0.3800241351127624,0.5389498472213745,0.4991354346275329,0.1220459640026092,0.4601759612560272,0.5008965730667114,-0.1221360638737678,0.5067605972290039,0.6013772487640381,0.3709579706192016,0.4322340190410614,0.6077398061752319,0.0052589094266295,0.4829375147819519,0.6848678588867188,0.7057837247848511,0.4021024405956268,0.7102694511413574,0.2306815087795257
U,False,0.5477525591850281,0.289709061384201,-0.2043458670377731,0.5441500544548035,0.3358364105224609,0.1436772644519806,0.4271630942821502,0.3305075168609619,-0.3362088799476623,0.5380154252052307,0.4992086887359619,0.1302738040685653,0.4628618061542511,0.5013249516487122,-0.1304657459259033,0.5114120841026306,0.6014686226844788,0.3427460193634033,0.4364417195320129,0.6064079999923706,-0.0496152117848396,0.4930512607097626,0.6887401938438416,0.6061329245567322,0.4059805572032928,0.712810218334198,0.110648438334465
U,False,0.5633617639541626,0.2971768081188202,-0.2205184996128082,0.5550328493118286,0.334402859210968,0.1226384937763214,0.4346847236156463,0.3274762332439422,-0.3475993275642395,0.53817218542099,0.4990479052066803,0.1325752586126327,0.4620074033737182,0.5019721984863281,-0.1326805800199508,0.52870112657547,0.6009337306022644,0.3683150708675384,0.4490372240543365,0.6081801652908325,-0.0668798759579658,0.4992109537124634,0.6876479983329773,0.6481938362121582,0.4065691232681274,0.7136688232421875,0.0833987444639206
U,False,0.5188260078430176,0.2929531633853912,-0.3516741693019867,0.5365861654281616,0.3352764546871185,0.1157440617680549,0.4094442129135132,0.3286798894405365,-0.3802827596664428,0.541140079498291,0.4993636012077331,0.1333240121603012,0.460237056016922,0.5014793872833252,-0.1334475874900818,0.518033504486084,0.6011226773262024,0.3807953894138336,0.4361726343631744,0.6055570840835571,-0.0347671173512935,0.4902633726596832,0.6825301051139832,0.7716597318649292,0.4066198468208313,0.7060350179672241,0.2041355669498443
U,False,0.5156451463699341,0.287577360868454,-0.2739036083221435,0.5428686141967773,0.3364336192607879,0.1385940462350845,0.4060622155666351,0.3333304822444916,-0.3389279246330261,0.5414586067199707,0.4988226890563965,0.1299947053194046,0.4578993022441864,0.5015878677368164,-0.1301178783178329,0.5171740651130676,0.6018854379653931,0.3414396941661834,0.434781402349472,0.6054984927177429,-0.0449380837380886,0.4985232651233673,0.6832171082496643,0.7072927951812744,0.4087943732738495,0.7090893983840942,0.171556070446968
U,False,0.527654767036438,0.2868039906024933,-0.3351448774337768,0.5460860729217529,0.3346827328205108,0.0697056055068969,0.414150983095169,0.328558474779129,-0.3875340521335602,0.5394259095191956,0.4993911385536194,0.1297203451395034,0.4591182470321655,0.501603364944458,-0.1298638433218002,0.514800488948822,0.597915530204773,0.3975784480571747,0.43255615234375,0.6041173934936523,0.0045366548001766,0.4992918968200683,0.6789859533309937,0.7497549057006836,0.4043930768966675,0.7073338031768799,0.2253897488117218
U,False,0.5548501014709473,0.2879823446273803,-0.2931087911128998,0.5504622459411621,0.3344297707080841,0.1185062751173973,0.4323829710483551,0.3276478946208954,-0.4134159386157989,0.5396034717559814,0.4991599023342132,0.1381518691778183,0.4594894647598266,0.5012413263320923,-0.1381987333297729,0.5335383415222168,0.5986772775650024,0.3621101081371307,0.448346346616745,0.604813814163208,0.0033611820545047,0.5010210871696472,0.6772633194923401,0.7511109709739685,0.4018772840499878,0.7049196362495422,0.2786037027835846
U,False,0.4719084799289703,0.2872703969478607,-0.340613305568695,0.58163982629776,0.3338542580604553,-0.3958340883255005,0.461429089307785,0.3389658331871032,0.1218155026435852,0.538360595703125,0.5026282072067261,-0.1426804810762405,0.4612899720668793,0.4985997676849365,0.1421964466571808,0.5625069737434387,0.6057999730110168,-0.0315475463867187,0.4709068834781647,0.5983870625495911,0.346070259809494,0.5781061053276062,0.7049260139465332,0.2118162512779235,0.4762443602085113,0.6832534074783325,0.6757367849349976
U,False,0.4796240627765655,0.2947578728199005,-0.3301533758640289,0.5833184123039246,0.331621378660202,-0.4077033698558807,0.4681126177310943,0.3386835157871246,0.1478777229785919,0.5393010973930359,0.5017766952514648,-0.1554315537214279,0.4606913030147552,0.4993709921836853,0.155081495642662,0.5624290108680725,0.6109866499900818,-0.0867180824279785,0.4747005999088287,0.6027065515518188,0.2800595760345459,0.585263192653656,0.7149467468261719,0.1215535402297973,0.4795548617839813,0.690212070941925,0.5799508094787598
U,False,0.4740909039974212,0.2924636900424957,-0.2372902035713195,0.578004002571106,0.3304754793643951,-0.3853871524333954,0.4664446413516998,0.3391074240207672,0.1419106870889663,0.5374483466148376,0.5014767050743103,-0.1486457884311676,0.4612217843532562,0.499406635761261,0.1482802331447601,0.5561460256576538,0.6106790900230408,-0.0723115056753158,0.4660222828388214,0.6002525687217712,0.2901410758495331,0.5735798478126526,0.7145937085151672,0.1322641372680664,0.4691708981990814,0.6858964562416077,0.590424120426178
U,False,0.4470005929470062,0.2930647432804107,-0.2595925033092499,0.5557670593261719,0.3257494866847992,-0.429274708032608,0.4560113847255707,0.3384987711906433,0.1495112180709839,0.5381483435630798,0.5007940530776978,-0.1640810668468475,0.4619130194187164,0.5006022453308105,0.1636398881673813,0.5478109121322632,0.6090935468673706,-0.0486114993691444,0.4534284770488739,0.5957106947898865,0.393324613571167,0.5662326812744141,0.7118986248970032,0.2327441126108169,0.4584597647190094,0.6835827231407166,0.7587122917175293
U,False,0.4664612710475921,0.2956257164478302,-0.2494004517793655,0.5796025395393372,0.3341895043849945,-0.3804485499858856,0.4596546590328216,0.3406533896923065,0.1602308750152588,0.5409243702888489,0.5002092719078064,-0.1452073454856872,0.4595253765583038,0.4999562501907348,0.1447602361440658,0.5616151094436646,0.6083405613899231,-0.0911667793989181,0.4775842130184173,0.6051005721092224,0.2911141812801361,0.5815037488937378,0.7136592864990234,0.1126411035656929,0.4791748821735382,0.6881389021873474,0.5897603631019592
U,False,0.4739301204681396,0.2949521839618683,-0.2186894118785858,0.5849723815917969,0.3373366892337799,-0.3691838979721069,0.4690901041030884,0.3430466651916504,0.1639612466096878,0.5393295288085938,0.5014130473136902,-0.1461468786001205,0.4603740572929382,0.4991389811038971,0.1457239836454391,0.5588058233261108,0.6130911707878113,-0.102623701095581,0.4721783995628357,0.604116678237915,0.2945609092712402,0.5788829326629639,0.7182332277297974,0.1161410883069038,0.4795626401901245,0.6920756697654724,0.5855714082717896
U,False,0.4721451997756958,0.2905185520648956,-0.3082394003868103,0.5813839435577393,0.3353855907917022,-0.4214442372322082,0.4603431820869446,0.3350151479244232,0.1060868874192237,0.5420870780944824,0.5035120248794556,-0.147120863199234,0.4592310786247253,0.4977680444717407,0.1465195268392563,0.5606591105461121,0.6076854467391968,-0.0247159469872713,0.4759266972541809,0.5989300608634949,0.3222477734088897,0.5863822102546692,0.7096520066261292,0.2283278405666351,0.4798724055290222,0.683366596698761,0.6601321697235107
U,False,0.4468363523483276,0.2902997434139251,-0.2816560864448547,0.5578910112380981,0.3259288072586059,-0.402686595916748,0.4571836590766907,0.3403390944004059,0.1491022557020187,0.5378169417381287,0.5010592937469482,-0.1562248915433883,0.4614948630332947,0.4994619190692901,0.1557367295026779,0.5406522750854492,0.6108431816101074,-0.0612287744879722,0.4420245289802551,0.5980545878410339,0.3843350708484649,0.5664107203483582,0.7131730914115906,0.1406522691249847,0.457427978515625,0.6858021020889282,0.706993579864502
U,False,0.3955323398113251,0.3009093105792999,-0.2763626277446747,0.5061525702476501,0.3288906514644623,-0.4531896412372589,0.4173520505428314,0.3447178900241852,0.140657290816307,0.5383008122444153,0.5005889534950256,-0.1693715900182724,0.4607659876346588,0.5008650422096252,0.1690220385789871,0.5298081636428833,0.6073389053344727,-0.0502908341586589,0.4172227680683136,0.5876671075820923,0.3979941010475158,0.5484088659286499,0.7080212831497192,0.2249330878257751,0.4452493488788605,0.6764629483222961,0.8105964064598083
U,False,0.4835496842861175,0.28911292552948,-0.2289542406797409,0.5885932445526123,0.3365248739719391,-0.3991630971431732,0.4681046903133392,0.3409508168697357,0.1616184413433075,0.5389876961708069,0.501090943813324,-0.1555941849946975,0.4601462185382843,0.4995105862617492,0.1552193909883499,0.5587767362594604,0.6119847893714905,-0.1198505908250808,0.480128139257431,0.6030111312866211,0.3069139122962951,0.582733154296875,0.7208665013313293,0.0476156435906887,0.4847805798053741,0.6932122111320496,0.6034877300262451
U,False,0.4714713096618652,0.2886790633201599,-0.2791500091552734,0.5748182535171509,0.3305043876171112,-0.3866975605487823,0.4648827314376831,0.3368572890758514,0.1353318095207214,0.5375756621360779,0.5011461973190308,-0.1444813460111618,0.4637705683708191,0.500144362449646,0.1439544111490249,0.5601082444190979,0.6113499999046326,-0.0723003596067428,0.4738648533821106,0.5989919900894165,0.2793681621551513,0.5814381241798401,0.7159062027931213,0.1299333572387695,0.4812136888504028,0.6887219548225403,0.5501701235771179
U,False,0.4585185945034027,0.2886961698532104,-0.2440340220928192,0.5628629922866821,0.3266918361186981,-0.4037599861621856,0.4571005403995514,0.3359415829181671,0.1512365043163299,0.5359345078468323,0.5007575750350952,-0.157670646905899,0.4650850594043731,0.5007002353668213,0.1571496427059173,0.5575185418128967,0.610011875629425,-0.0519165247678756,0.470286875963211,0.5977075099945068,0.3666859269142151,0.588251531124115,0.7147485613822937,0.1573259085416793,0.480987399816513,0.6841954588890076,0.677128791809082
U,False,0.422842800617218,0.2943536341190338,-0.2823166847229004,0.5367230772972107,0.323693186044693,-0.4500732421875,0.4325828552246094,0.3386711180210113,0.1460250616073608,0.5402054190635681,0.5012993216514587,-0.1671413481235504,0.4597830176353454,0.4990805983543396,0.1667301654815673,0.5340273380279541,0.6087357997894287,-0.0295967888087034,0.4352724552154541,0.5938429236412048,0.4214040040969848,0.5579422116279602,0.7071536183357239,0.2359080910682678,0.4568644762039184,0.6803742051124573,0.8150424957275391
U,False,0.4609965682029724,0.2809396088123321,-0.3173057436943054,0.5680891871452332,0.3262316286563873,-0.4522201418876648,0.4554285407066345,0.333794504404068,0.0987880304455757,0.5397114157676697,0.5017181038856506,-0.1561401337385177,0.4589115381240845,0.4993106722831726,0.1555236577987671,0.5568095445632935,0.6047019958496094,0.0735943466424942,0.4710662961006164,0.5958043932914734,0.4229854643344879,0.582606852054596,0.7046342492103577,0.3848180770874023,0.4753488302230835,0.6845404505729675,0.8021469712257385
U,False,0.4370343089103699,0.2882945239543915,-0.2248374819755554,0.5465726256370544,0.3230126500129699,-0.4056899547576904,0.4419781565666199,0.3342311382293701,0.1552714407444,0.5391709208488464,0.501183807849884,-0.163525104522705,0.4622035622596741,0.4991949796676636,0.1629138439893722,0.5427839756011963,0.6113152503967285,-0.0047747176140546,0.4541906714439392,0.6000350713729858,0.4071770012378692,0.554059624671936,0.7140730023384094,0.2098600417375564,0.4478285312652588,0.687018096446991,0.7215654253959656
U,False,0.4746144115924835,0.2858615815639496,-0.2185346186161041,0.5733641982078552,0.3284814655780792,-0.3728978335857391,0.4605843126773834,0.3329593241214752,0.1498119086027145,0.5382996797561646,0.5021398663520813,-0.1501641422510147,0.4624209105968475,0.4987634122371673,0.1494841128587722,0.5511724948883057,0.6122205257415771,-0.0454774796962738,0.4642235934734344,0.6018258929252625,0.312711626291275,0.5660651922225952,0.7186232209205627,0.1461207568645477,0.456716924905777,0.6907629370689392,0.579610288143158
U,False,0.4646681249141693,0.2824398577213287,-0.2750358581542969,0.567135751247406,0.3214277327060699,-0.4326115250587463,0.4549854695796966,0.3307822644710541,0.1397923678159713,0.5396812558174133,0.5017344951629639,-0.1650088727474212,0.4609929025173187,0.4982872307300567,0.1644524782896042,0.5490643382072449,0.6104192137718201,0.043670043349266,0.462673932313919,0.6005657911300659,0.3796213865280151,0.5637513995170593,0.7120258212089539,0.3643461465835571,0.4565123617649078,0.6864818930625916,0.7427106499671936
U,False,0.3966403007507324,0.293925940990448,-0.2083184570074081,0.5113677978515625,0.323690265417099,-0.4201545417308807,0.4160194396972656,0.3391505181789398,0.1559772342443466,0.5370993614196777,0.5009391903877258,-0.1639488786458969,0.4637559652328491,0.5004807114601135,0.1633735448122024,0.5333716869354248,0.608497142791748,0.0626134797930717,0.447100818157196,0.5902190208435059,0.4474187195301056,0.5441697239875793,0.7106819748878479,0.3051373958587646,0.4385735988616943,0.6772375106811523,0.7781188488006592
U,False,0.398011714220047,0.3055280745029449,-0.2674520015716553,0.5130756497383118,0.334507018327713,-0.4386766254901886,0.4135792553424835,0.3473882973194122,0.1320913881063461,0.541248619556427,0.5019195079803467,-0.1631350666284561,0.458952397108078,0.4995138645172119,0.1627092212438583,0.5246424674987793,0.6070602536201477,-0.0640935376286506,0.4136815369129181,0.5895691514015198,0.3478062450885772,0.548865556716919,0.701938807964325,0.2356128096580505,0.4412270486354828,0.6762791275978088,0.7543773651123047
U,False,0.4454551935195923,0.2868046760559082,-0.2574396133422851,0.5592174530029297,0.3269575238227844,-0.3985795676708221,0.4489688873291015,0.3384370505809784,0.1515127271413803,0.5390243530273438,0.5007530450820923,-0.1570106297731399,0.4606857895851135,0.5004428029060364,0.1564818918704986,0.5596956014633179,0.6085925102233887,-0.0792743936181068,0.4693204760551452,0.6000846028327942,0.3435327410697937,0.5798958539962769,0.7129942774772644,0.1393213719129562,0.4722267985343933,0.6868897080421448,0.6669389009475708
U,False,0.4566338956356048,0.2890791893005371,-0.2525323927402496,0.5704360008239746,0.3280678391456604,-0.4186930656433105,0.4556297957897186,0.3330074548721313,0.1232534423470497,0.5379423499107361,0.5007607340812683,-0.1542550772428512,0.4609325230121612,0.5003514885902405,0.1537041664123535,0.5628112554550171,0.6102840304374695,-0.0328981392085552,0.4748999774456024,0.6007964015007019,0.3589929342269897,0.5826768279075623,0.7129552960395813,0.2168166041374206,0.4804323017597198,0.6829953193664551,0.6999937295913696
U,False,0.4326568841934204,0.2869590520858764,-0.2905690670013428,0.5478699207305908,0.3242983818054199,-0.4333035051822662,0.4403133392333984,0.3363903760910034,0.1247112900018692,0.5379104018211365,0.4999904036521911,-0.1584490090608596,0.4616928100585937,0.5004922747612,0.1579057574272155,0.5491006374359131,0.6090459823608398,-0.0053610149770975,0.4593662619590759,0.6004109978675842,0.3876717686653137,0.5721505880355835,0.7114600539207458,0.2910186648368835,0.46588134765625,0.6859579682350159,0.7583801746368408
U,False,0.4725894331932068,0.2906523048877716,-0.2834362983703613,0.5826203227043152,0.3389526605606079,-0.3903331160545349,0.4643473625183105,0.3424956500530243,0.1470796316862106,0.5410303473472595,0.5009726881980896,-0.144060418009758,0.4592729210853576,0.4992250800132751,0.1435155272483825,0.561932384967804,0.6087169647216797,-0.0957004651427269,0.4816434979438782,0.6009864807128906,0.2571021318435669,0.585224986076355,0.712997555732727,0.1213982030749321,0.4829068779945373,0.687217652797699,0.5634148716926575
U,False,0.475523829460144,0.2928118705749511,-0.289387583732605,0.5847398042678833,0.3385820686817169,-0.4048938751220703,0.46737140417099,0.3425758481025696,0.148373007774353,0.5401574373245239,0.501319169998169,-0.1506177932024002,0.4593744277954101,0.5002458691596985,0.1501562446355819,0.5633050203323364,0.6118016242980957,-0.111538253724575,0.4790965318679809,0.6010584831237793,0.3072023391723633,0.5842731595039368,0.7156157493591309,0.1162433102726936,0.4852787852287292,0.6892775297164917,0.6440481543540955
U,False,0.4508383870124817,0.2947940230369568,-0.2581572830677032,0.5649132132530212,0.3331420421600342,-0.4027313888072967,0.4542274475097656,0.341505229473114,0.1516040414571762,0.5378972291946411,0.500521719455719,-0.1535150706768036,0.4616867303848266,0.4998635053634643,0.1530690640211105,0.5545775890350342,0.6081745624542236,-0.0870096012949943,0.4648922681808471,0.5994951128959656,0.3247274160385132,0.5822300314903259,0.7156982421875,0.11346185952425,0.4716918468475342,0.6881141662597656,0.6296043992042542
U,False,0.3514754772186279,0.3192876875400543,-0.3037078380584717,0.4819224774837494,0.3332389295101166,-0.4572416543960571,0.382909893989563,0.3543716371059418,0.1230460926890373,0.5426504015922546,0.499707281589508,-0.1602888852357864,0.458468347787857,0.5008719563484192,0.1599874645471573,0.5328940749168396,0.6095969080924988,-0.0947738140821456,0.4144878685474396,0.5845299363136292,0.3233433365821838,0.5378588438034058,0.705083966255188,0.2369666844606399,0.4326009452342987,0.6738083362579346,0.7439139485359192
U,False,0.3435112237930298,0.3172820508480072,-0.3534680306911468,0.461688756942749,0.3394612073898315,-0.4911256730556488,0.3765826225280761,0.3540340960025787,0.0675343498587608,0.5405731201171875,0.4992806613445282,-0.1621618866920471,0.4598295092582702,0.5010449886322021,0.1618309020996093,0.522378146648407,0.6101719737052917,-0.0305498540401458,0.3983500599861145,0.5846659541130066,0.3101159036159515,0.5358399152755737,0.6970751285552979,0.304000586271286,0.4361603260040283,0.6712421178817749,0.7284321784973145
U,False,0.4684436619281769,0.295761376619339,-0.2523059546947479,0.576968252658844,0.3305956423282623,-0.3863467872142792,0.4604696333408355,0.3375430405139923,0.1377630680799484,0.5403572916984558,0.5013418197631836,-0.1440106183290481,0.4600553810596466,0.4992773234844208,0.1434746235609054,0.5616347789764404,0.6074697375297546,-0.0601983740925788,0.4766635000705719,0.5972161889076233,0.3442630767822265,0.5880284309387207,0.7095509767532349,0.147623062133789,0.4875250160694122,0.6827413439750671,0.6643874645233154
U,False,0.4688024222850799,0.2917218208312988,-0.3598951697349548,0.568598747253418,0.3299798369407654,-0.4131879210472107,0.4643225371837616,0.3396927714347839,0.115888625383377,0.5384679436683655,0.5008772611618042,-0.1443867832422256,0.4601577222347259,0.4995667040348053,0.1439478993415832,0.5597773790359497,0.6092785596847534,-0.0455169081687927,0.471542090177536,0.5995445251464844,0.2922355830669403,0.5834433436393738,0.7125149369239807,0.1911575943231582,0.4817391335964203,0.6855697631835938,0.6124125719070435
U,False,0.438201755285263,0.290370225906372,-0.3154188692569732,0.541765034198761,0.3249476253986358,-0.426018476486206,0.4410941898822784,0.3363370299339294,0.13734732568264,0.538009762763977,0.5014095306396484,-0.1586566865444183,0.4611155688762665,0.4999416470527649,0.1580891013145446,0.5431652665138245,0.6111874580383301,-0.0342365205287933,0.4519887864589691,0.5996907353401184,0.3241047263145447,0.5700899362564087,0.7083544731140137,0.2891868054866791,0.4649101793766022,0.6858184337615967,0.6819815039634705
U,False,0.399822860956192,0.2823964953422546,-0.2722894549369812,0.5226228833198547,0.3133586943149566,-0.4427396953105926,0.4154024720191955,0.3294006288051605,0.107514850795269,0.5398892164230347,0.4997281432151794,-0.1594306230545044,0.4592169523239136,0.5005187392234802,0.1588478684425354,0.5375513434410095,0.6048881411552429,0.127280130982399,0.43827885389328,0.5896424055099487,0.4812621176242828,0.5553697943687439,0.6970872282981873,0.4531625807285309,0.4501609206199646,0.6721251606941223,0.8724268674850464
U,False,0.4520799815654754,0.2903147935867309,-0.3199142217636108,0.5631831884384155,0.3309804499149322,-0.385192722082138,0.4609911143779754,0.3427481353282928,0.1274354010820388,0.5374134182929993,0.501129686832428,-0.1500363498926162,0.4618688523769378,0.4998527765274048,0.1496833860874176,0.5626876950263977,0.6100959777832031,-0.0620861686766147,0.4797461330890655,0.6024513840675354,0.3252164721488952,0.5882143974304199,0.7142260074615479,0.1635256707668304,0.4836066663265228,0.6883130073547363,0.656856119632721
U,False,0.4399591386318207,0.2875892221927643,-0.2771400511264801,0.5557467937469482,0.3258826434612274,-0.4194487929344177,0.4449481666088104,0.3367913961410522,0.1021227017045021,0.5414836406707764,0.5007097125053406,-0.1435527503490448,0.4595295488834381,0.5002502799034119,0.1432322710752487,0.5613675117492676,0.609369695186615,0.0489151962101459,0.4720486104488373,0.6010082364082336,0.4035922586917877,0.5843586325645447,0.7112085223197937,0.3275691568851471,0.4818268120288849,0.6827882528305054,0.7842426896095276
U,False,0.3397378325462341,0.3255111873149872,-0.344181627035141,0.4661475718021393,0.338734894990921,-0.4798592031002044,0.3783338665962219,0.3569940626621246,0.0685557276010513,0.5405522584915161,0.4996559619903564,-0.153685837984085,0.4586694538593292,0.5018511414527893,0.153342455625534,0.5305711627006531,0.6045868396759033,-0.052840419113636,0.403062492609024,0.5824850797653198,0.283206582069397,0.533033549785614,0.6959967017173767,0.2388537526130676,0.4309801757335663,0.6728796362876892,0.6546443700790405
U,False,0.4488800466060638,0.2812094986438751,-0.2731142044067383,0.5618087649345398,0.326182872056961,-0.4030609726905823,0.4465796649456024,0.3337868750095367,0.0991174578666687,0.5389030575752258,0.501431941986084,-0.1505434066057205,0.4609229266643524,0.5002086758613586,0.149954617023468,0.5467288494110107,0.6103972792625427,0.0264754705131053,0.4745326340198517,0.6016945838928223,0.4089929759502411,0.5717607736587524,0.712735116481781,0.2386421263217926,0.4764072000980377,0.6822221875190735,0.7390545606613159
U,False,0.470027208328247,0.2854388654232025,-0.2949434518814087,0.581177830696106,0.3271067142486572,-0.4321266114711761,0.4626210331916809,0.332245796918869,0.1069414913654327,0.5389710068702698,0.5015472769737244,-0.1557426154613495,0.4595488905906677,0.499648779630661,0.1551216691732406,0.550326943397522,0.6092184782028198,0.0354066379368305,0.4646064043045044,0.5972319841384888,0.4301290810108185,0.5725721120834351,0.7132750153541565,0.2849555015563965,0.4724553823471069,0.6858331561088562,0.810657262802124
U,False,0.4465287625789642,0.2870987057685852,-0.2697720825672149,0.5666100382804871,0.3246080577373504,-0.431586742401123,0.4470184743404388,0.3320044577121734,0.1221248731017112,0.540651261806488,0.5013332962989807,-0.1610252112150192,0.4594267308712005,0.4995803833007812,0.1603918224573135,0.5485828518867493,0.6123104691505432,0.0517173074185848,0.4651748239994049,0.6020168662071228,0.4310282766819,0.5744137763977051,0.7136724591255188,0.3263067007064819,0.4742153584957123,0.6827878952026367,0.8021624684333801
U,False,0.3947815895080566,0.299895167350769,-0.3048471510410309,0.5097030997276306,0.3284180164337158,-0.4666478931903839,0.4066388309001922,0.3399856686592102,0.0940114334225654,0.5408188104629517,0.5008542537689209,-0.1591698229312896,0.4579398036003113,0.5006948113441467,0.1586382687091827,0.5318720936775208,0.6090248227119446,-0.0013112826272845,0.4220094680786133,0.5925101041793823,0.413347065448761,0.5542044639587402,0.7073783874511719,0.2743488848209381,0.4418403506278991,0.6806572079658508,0.8165372610092163
U,False,0.4760405421257019,0.2971058189868927,-0.2580997347831726,0.5832977890968323,0.3314762115478515,-0.3657364249229431,0.4707445502281189,0.3410675823688507,0.1399523913860321,0.539639949798584,0.5015935897827148,-0.1370905637741089,0.4609495401382446,0.5000321269035339,0.1367410570383072,0.5616109371185303,0.6060002446174622,-0.0425493158400058,0.4734044075012207,0.5984250903129578,0.2676389217376709,0.5875762104988098,0.7078941464424133,0.1576849520206451,0.4831377267837524,0.6848775744438171,0.5426462888717651
U,False,0.524451494216919,0.2854993641376495,-0.2300770133733749,0.5390974879264832,0.3328810334205627,0.1477853655815124,0.4141438603401184,0.3322365581989288,-0.3504714667797088,0.5426377058029175,0.4983059763908386,0.132028117775917,0.4587239921092987,0.5033496022224426,-0.1320214718580246,0.523993730545044,0.59720778465271,0.3866379261016845,0.4381368160247803,0.6052476167678833,-0.0664790049195289,0.5206143260002136,0.6806637048721313,0.740019679069519,0.4128420948982239,0.7031907439231873,0.1265621483325958
U,False,0.521897554397583,0.2939419150352478,-0.3111434876918793,0.5412501692771912,0.3356136679649353,0.0957357361912727,0.4098296463489532,0.3318080008029938,-0.3629385232925415,0.5396720170974731,0.4982444941997528,0.1308868378400802,0.4590621590614319,0.5022685527801514,-0.131001815199852,0.5216996073722839,0.6027653813362122,0.3430460393428802,0.4343122541904449,0.6083547472953796,-0.0252522733062505,0.516232430934906,0.6859018802642822,0.6538957953453064,0.4127028286457062,0.7105932831764221,0.1910424977540969
U,False,0.5228363871574402,0.2877076864242553,-0.3086430728435516,0.5343106389045715,0.3349330127239227,0.0766107365489006,0.4139934182167053,0.3312362134456634,-0.3930202126502991,0.5400263667106628,0.4980170130729675,0.1351298540830612,0.4590143263339996,0.5033507943153381,-0.1352632194757461,0.5273838639259338,0.6011096239089966,0.3908304870128631,0.4398146569728851,0.6096353530883789,-0.011356359347701,0.5265700817108154,0.6852613687515259,0.7358056902885437,0.4232006371021271,0.7144773006439209,0.2066839188337326
U,False,0.5524518489837646,0.292081743478775,-0.3207656145095825,0.5519512891769409,0.3348520994186401,0.0825351998209953,0.4353247880935669,0.3240192532539367,-0.4108771979808807,0.5407695174217224,0.4982986450195312,0.1400598585605621,0.4598896503448486,0.5017051100730896,-0.1401512324810028,0.5313662886619568,0.5990122556686401,0.4278412163257599,0.4470011293888092,0.6079922318458557,-0.0010317558189854,0.531991720199585,0.6815032958984375,0.7739187479019165,0.4286211431026459,0.7100203037261963,0.1960825324058532
U,False,0.536903977394104,0.2940099835395813,-0.1712493896484375,0.5328166484832764,0.3345969319343567,0.1896957010030746,0.4178676009178161,0.3326265513896942,-0.3369761109352112,0.5394231677055359,0.4988247752189636,0.1392776817083358,0.4602690637111664,0.5018478035926819,-0.1392919719219207,0.5231651067733765,0.6022976636886597,0.3895407319068908,0.4363381564617157,0.610251247882843,-0.1222906187176704,0.5176730155944824,0.6878933906555176,0.7078742384910583,0.414555013179779,0.7168499827384949,0.0024516014382243
U,False,0.5246491432189941,0.2875804007053375,-0.3020593225955963,0.5433557033538818,0.3361491560935974,0.0863664969801902,0.4102471172809601,0.3317066729068756,-0.3751682937145233,0.5409876704216003,0.4978224635124206,0.1315314769744873,0.4602252244949341,0.5023871660232544,-0.1316407769918441,0.5236713886260986,0.6044023036956787,0.3572415709495544,0.43692746758461,0.6116330623626709,0.0140636460855603,0.516785740852356,0.684865415096283,0.7042034268379211,0.4147142171859741,0.7139828205108643,0.2356141954660415
U,False,0.5218386650085449,0.2836684286594391,-0.2991628646850586,0.5378194451332092,0.332211822271347,0.1073764711618423,0.4063875079154968,0.3324391543865204,-0.3624200224876404,0.5415074229240417,0.4976464509963989,0.1313690096139907,0.4588890969753265,0.5029845237731934,-0.1314567178487777,0.5181717276573181,0.6036781072616577,0.3604543805122375,0.4301688373088836,0.6073164343833923,0.0103233568370342,0.5105813145637512,0.6852184534072876,0.6958882212638855,0.4088185429573059,0.7065778374671936,0.2668283879756927
U,False,0.5538879632949829,0.2863199114799499,-0.2999517321586609,0.5552654266357422,0.3341058790683746,0.0981815382838249,0.4373978674411773,0.3243677914142608,-0.382788211107254,0.5413089990615845,0.4987268149852752,0.1337612420320511,0.4595905244350433,0.5024920701980591,-0.1337983906269073,0.549996554851532,0.5954347848892212,0.373821347951889,0.4505692720413208,0.6087294220924377,0.0131452577188611,0.5327959656715393,0.6784811615943909,0.7340551018714905,0.4293124377727508,0.7094113826751709,0.2344633489847183
U,False,0.6030173301696777,0.3012561798095703,-0.3807534575462341,0.5829524397850037,0.3475479781627655,0.0747986361384391,0.4926517903804779,0.3303942382335663,-0.4044822454452514,0.5397623181343079,0.5003736019134521,0.1438902914524078,0.4595642387866974,0.5005720257759094,-0.1438574194908142,0.587541937828064,0.5946277976036072,0.2740022838115692,0.4680844843387604,0.608932375907898,-0.0230292323976755,0.5534632205963135,0.6788852214813232,0.7015208005905151,0.454617440700531,0.7107406854629517,0.2367429882287979
U,False,0.5149655938148499,0.2821972966194153,-0.2217517495155334,0.5366969704627991,0.3337761759757995,0.1640381664037704,0.4100686013698578,0.3325136601924896,-0.3034296035766601,0.5391842126846313,0.498556911945343,0.1316400617361068,0.461018830537796,0.5021137595176697,-0.1317158490419387,0.5203661918640137,0.603024959564209,0.3257596492767334,0.4373367428779602,0.611217737197876,-0.0700246840715408,0.5141647458076477,0.6877856850624084,0.6220395565032959,0.4137358963489532,0.715927243232727,0.1072971150279045
U,False,0.5292587876319885,0.2835040986537933,-0.2229852974414825,0.5352862477302551,0.3294033706188202,0.1670071631669998,0.4183026850223541,0.3273549973964691,-0.3642264604568481,0.5372924208641052,0.4985950291156769,0.1398478001356125,0.4615893959999084,0.5028056502342224,-0.1398818790912628,0.5234318971633911,0.6001448035240173,0.3770134150981903,0.4346902966499328,0.6120580434799194,-0.0394923575222492,0.5149050354957581,0.6840104460716248,0.7192525267601013,0.4105507135391235,0.7135050296783447,0.1517386883497238
U,False,0.5398798584938049,0.2840074598789215,-0.2612826824188232,0.543498158454895,0.3324208557605743,0.1414307504892349,0.4294041991233825,0.3222383558750152,-0.3585143089294433,0.5380819439888,0.4988851845264435,0.1365833431482315,0.4624549448490143,0.5018852949142456,-0.136648029088974,0.5248061418533325,0.59943687915802,0.3966322243213653,0.4377131760120392,0.6078566312789917,-0.0036616749130189,0.5128167867660522,0.681830644607544,0.7073967456817627,0.4108286201953888,0.7092097997665405,0.1868497878313064
U,False,0.5741791725158691,0.298507422208786,-0.313806414604187,0.5666995644569397,0.3388286530971527,0.0835602283477783,0.4610767364501953,0.3264570236206054,-0.416519284248352,0.5405120253562927,0.499263197183609,0.1426955163478851,0.4597016274929046,0.5009156465530396,-0.142679363489151,0.5716358423233032,0.5956726670265198,0.2807931900024414,0.4631672203540802,0.611467182636261,-0.0230195689946413,0.5388184785842896,0.6779478192329407,0.710304856300354,0.4367561042308807,0.7112763524055481,0.2137670665979385
U,False,0.5304222106933594,0.2817765176296234,-0.3217630684375763,0.5526160597801208,0.3340367972850799,0.0867828279733657,0.4250490963459015,0.3252031505107879,-0.3401934206485748,0.5403308868408203,0.4993501901626587,0.1259365230798721,0.4589947760105133,0.5020341873168945,-0.1260997951030731,0.5190039873123169,0.6037653088569641,0.3760881423950195,0.4365210831165313,0.6078798770904541,0.0304257404059171,0.516408383846283,0.6848122477531433,0.7141592502593994,0.4119911789894104,0.7065721750259399,0.2776964604854584
U,False,0.5617901682853699,0.2862926125526428,-0.3592555522918701,0.567865788936615,0.3406564891338348,0.0573661252856254,0.454829066991806,0.3222891390323639,-0.4048439860343933,0.5377780795097351,0.5002920627593994,0.1336184293031692,0.4610015153884887,0.5007326602935791,-0.1337595880031585,0.5401175022125244,0.5991516709327698,0.4074347913265228,0.448064237833023,0.6095753312110901,0.0280047804117202,0.5457502603530884,0.683325469493866,0.7476308345794678,0.4427714943885803,0.7133306860923767,0.249461144208908
U,False,0.5254450440406799,0.2792727053165436,-0.3438718616962433,0.5367321968078613,0.3363498747348785,0.0911891162395477,0.4244670867919922,0.3235114514827728,-0.4079718589782715,0.5381695032119751,0.4993461668491363,0.1451781392097473,0.4609600007534027,0.5021162629127502,-0.145387664437294,0.5302560925483704,0.6016864776611328,0.4126270413398742,0.4425949454307556,0.6129196286201477,0.0391640998423099,0.5369341969490051,0.6855724453926086,0.7402087450027466,0.4354333281517029,0.7158396244049072,0.2844202518463135
U,False,0.5365685820579529,0.2766101658344269,-0.3526762127876282,0.5434303879737854,0.3356147706508636,0.07938202470541,0.4343449473381042,0.318526953458786,-0.3965561389923095,0.5374745726585388,0.4987326562404632,0.1400283128023147,0.4628730416297912,0.5013747215270996,-0.1402539014816284,0.5382435321807861,0.599819540977478,0.3962536752223968,0.4516811966896057,0.6084989309310913,0.0668956339359283,0.5469343066215515,0.6841392517089844,0.7133601307868958,0.4406675100326538,0.7093643546104431,0.3454193770885467
U,False,0.6058802008628845,0.2913929522037506,-0.3696315884590149,0.5907509326934814,0.3367184102535248,0.0335690081119537,0.4883284270763397,0.3179566860198974,-0.4748302400112152,0.541174590587616,0.5000501871109009,0.1440263241529464,0.4602349698543548,0.5002194046974182,-0.1441214233636856,0.5566836595535278,0.5916948318481445,0.4077796638011932,0.4632825851440429,0.6047594547271729,0.0761571377515792,0.5604687929153442,0.673004686832428,0.7668969631195068,0.4581694900989532,0.7046893239021301,0.3630260527133941
U,False,0.6061068773269653,0.3078344166278839,-0.354697972536087,0.5983275175094604,0.354487270116806,0.072615310549736,0.4913041889667511,0.335518330335617,-0.4000105261802673,0.5431098341941833,0.5000764727592468,0.1398122608661651,0.4581030011177063,0.5013453364372253,-0.1398736387491226,0.5928330421447754,0.5909799933433533,0.2140581160783767,0.4787750244140625,0.6042876839637756,-0.0294956602156162,0.5635644197463989,0.6798750162124634,0.5408703088760376,0.4553052484989166,0.704584538936615,0.2123066037893295
U,False,0.5534610748291016,0.2846460044384002,-0.3536563515663147,0.5579642057418823,0.3336579501628876,0.0974431559443473,0.4390483498573303,0.3208723664283752,-0.4036427736282348,0.5394247770309448,0.5003884434700012,0.1411309689283371,0.4604304730892181,0.5010667443275452,-0.1413673907518386,0.5189589858055115,0.6037742495536804,0.4427107870578766,0.4360941648483276,0.6081089973449707,0.0212128106504678,0.5176388621330261,0.6840202808380127,0.825244665145874,0.4177585542201996,0.709793210029602,0.2790396213531494
U,False,0.5411409735679626,0.2854477763175964,-0.2956220209598541,0.5435964465141296,0.3376267850399017,0.1081798896193504,0.4260628223419189,0.3236088752746582,-0.3869447708129883,0.5381907820701599,0.4992076456546783,0.1378112286329269,0.4611448645591736,0.5013793706893921,-0.138019859790802,0.5203702449798584,0.5998659133911133,0.4250980317592621,0.4344234764575958,0.6080008149147034,0.0023254947736859,0.5164817571640015,0.6840113997459412,0.7695236802101135,0.4102006554603576,0.7126622796058655,0.2178323864936828
U,False,0.561919093132019,0.2802838981151581,-0.3736293315887451,0.5597456097602844,0.3315579891204834,0.047818686813116,0.4449292421340942,0.3205422759056091,-0.4271352291107178,0.5393792390823364,0.5004070997238159,0.1358795315027237,0.4599122703075409,0.5007185339927673,-0.1359871923923492,0.5274806022644043,0.5992506742477417,0.4190518856048584,0.4404383599758148,0.6086498498916626,0.100765123963356,0.5252875685691833,0.676348865032196,0.7660319209098816,0.4228963553905487,0.7088859677314758,0.4058261811733246
U,False,0.5317398309707642,0.2865105271339416,-0.230954110622406,0.5390332937240601,0.3337455093860626,0.1542873680591583,0.4159205555915832,0.3325152993202209,-0.334524929523468,0.5416580438613892,0.4988557994365692,0.1219537332653999,0.4579827189445495,0.5026440620422363,-0.122002325952053,0.5236182808876038,0.5976101160049438,0.3023618161678314,0.4376896917819977,0.6069037914276123,-0.0624994114041328,0.5143401026725769,0.6829511523246765,0.6578301191329956,0.4134010970592499,0.7096941471099854,0.1693420112133026
U,False,0.5247268080711365,0.2850569784641266,-0.196457177400589,0.524429440498352,0.3332898318767547,0.1657871007919311,0.4082342982292175,0.3298276662826538,-0.3388053774833679,0.5396512150764465,0.4993028044700622,0.1314174830913543,0.4590747654438019,0.5022445917129517,-0.1314494907855987,0.5222108960151672,0.5988941788673401,0.4013602137565613,0.4354743957519531,0.606452226638794,-0.0558163151144981,0.5118208527565002,0.6835455298423767,0.7235394716262817,0.4124053418636322,0.7140865921974182,0.1056341528892517
U,False,0.5483347177505493,0.2865769267082214,-0.2359529435634613,0.5449815392494202,0.3333702981472015,0.1424743235111236,0.4278381764888763,0.3239971399307251,-0.3856382966041565,0.5399540662765503,0.4996606409549713,0.1411158740520477,0.4598901271820068,0.5017399191856384,-0.1412026435136795,0.5230105519294739,0.6002496480941772,0.4250363409519195,0.4390691518783569,0.6084407567977905,-0.0035601735580712,0.5216655731201172,0.6793438792228699,0.7714951634407043,0.419167548418045,0.7044631838798523,0.2153312414884567
U,False,0.6506710052490234,0.3226519525051117,-0.3698505461215973,0.621334433555603,0.3591534197330475,0.0266924146562814,0.51593416929245,0.3359323143959045,-0.4452689588069916,0.5441869497299194,0.5022921562194824,0.1374459713697433,0.4556930065155029,0.4989131093025207,-0.1373103410005569,0.5889715552330017,0.5892020463943481,0.301772266626358,0.4679709672927856,0.6044896841049194,-0.0299673210829496,0.5655185580253601,0.677262008190155,0.6652675271034241,0.4587251245975494,0.7081146240234375,0.2281999140977859
U,False,0.6531891226768494,0.3133396506309509,-0.4595331847667694,0.630627453327179,0.3613221645355224,0.0097209094092249,0.5373730063438416,0.3385084867477417,-0.5187482833862305,0.5447424054145813,0.502474308013916,0.1524663418531417,0.4564972519874573,0.4986018538475036,-0.1524815410375595,0.6091214418411255,0.5817307829856873,0.1380354613065719,0.4838445782661438,0.6021701693534851,0.0096200453117489,0.5646769404411316,0.6645946502685547,0.5259447693824768,0.459996610879898,0.6945450305938721,0.3691942095756531
U,False,0.5311771035194397,0.2897305786609649,-0.2052341103553772,0.532932698726654,0.3309845328330993,0.1565159559249878,0.4173541367053985,0.3236380815505981,-0.3198056519031524,0.5400627255439758,0.49886554479599,0.1302630752325058,0.4605364501476288,0.502051055431366,-0.1303237825632095,0.521438717842102,0.5954791307449341,0.4128405451774597,0.4329586923122406,0.6053906679153442,-0.055802509188652,0.5078582763671875,0.6803788542747498,0.7318484783172607,0.410330981016159,0.7085965275764465,0.1060361713171005
U,False,0.5292604565620422,0.2849574983119964,-0.2524175643920898,0.5411879420280457,0.3322734236717224,0.1364173144102096,0.4201032221317291,0.3218561112880707,-0.3441613614559173,0.5400581955909729,0.4991745948791504,0.1335666477680206,0.4605512619018554,0.5012601017951965,-0.1336659491062164,0.5201491713523865,0.6022109389305115,0.402975857257843,0.4346529245376587,0.6070476174354553,-0.0192625559866428,0.5144914388656616,0.6829795837402344,0.735680341720581,0.4110502600669861,0.7083581686019897,0.1777149736881256
U,False,0.5604963898658752,0.2887006998062134,-0.3715564906597137,0.5586218237876892,0.3344199061393738,0.0881672427058219,0.4461320638656616,0.3240138292312622,-0.4280004799365997,0.5409004092216492,0.5001694560050964,0.1442626118659973,0.4599188864231109,0.5014764666557312,-0.144316554069519,0.5461028218269348,0.5960644483566284,0.3943926692008972,0.4465207457542419,0.611115038394928,0.0787738561630249,0.5249069333076477,0.679119348526001,0.7343043684959412,0.4284700751304626,0.7099938988685608,0.3845806717872619
U,False,0.5944150686264038,0.2935903370380401,-0.3849404156208038,0.5866799354553223,0.3416855037212372,0.0455685257911682,0.4821842908859253,0.325767308473587,-0.4569551050662994,0.5417618155479431,0.501069962978363,0.1477370858192443,0.4587356150150299,0.5004400014877319,-0.147813931107521,0.5645080804824829,0.5956928133964539,0.3834766447544098,0.4626860022544861,0.6061481237411499,0.0486373119056224,0.538140058517456,0.6753106117248535,0.7457432150840759,0.44118732213974,0.7075074911117554,0.3317437171936035
U,False,0.5428811311721802,0.286056637763977,-0.3289328217506408,0.5392489433288574,0.3342548906803131,0.1100494042038917,0.428370714187622,0.3237532079219818,-0.4026846289634704,0.5382572412490845,0.4992315173149109,0.1404110640287399,0.4625998437404632,0.5010743141174316,-0.1404474228620529,0.5173338055610657,0.6013593673706055,0.3883723616600036,0.4312902987003326,0.6088452935218811,0.0227055642753839,0.5106728076934814,0.6845628619194031,0.7050604224205017,0.4079823493957519,0.710336446762085,0.2687897086143493
U,False,0.553229808807373,0.284933477640152,-0.3545047640800476,0.5495041608810425,0.3339934647083282,0.1069323197007179,0.4440985321998596,0.3208931386470794,-0.4146681129932403,0.5392037034034729,0.4995549321174621,0.1432476043701172,0.4618260860443115,0.5009384751319885,-0.1432957351207733,0.5243212580680847,0.5991870760917664,0.4318490624427795,0.4400478303432464,0.6073567867279053,0.0218416191637516,0.5187780857086182,0.6809393167495728,0.7807915806770325,0.417199432849884,0.7097457647323608,0.2469329386949539
U,False,0.6554437279701233,0.3280436098575592,-0.4681530892848968,0.6320956349372864,0.3640100359916687,-0.0585863254964351,0.525749683380127,0.3395189940929413,-0.5340787172317505,0.5438364148139954,0.5023561716079712,0.1416085958480835,0.456513911485672,0.498425155878067,-0.1415819823741912,0.5968984961509705,0.5818682312965393,0.2766681611537933,0.4718433916568756,0.5992487072944641,0.0217695869505405,0.5666887164115906,0.6701700091362,0.625851571559906,0.4606789052486419,0.6978733539581299,0.3315980732440948
U,False,0.5452689528465271,0.2832711040973663,-0.3202603459358215,0.5549608469009399,0.3381965458393097,0.1100771501660347,0.439722865819931,0.3231852054595947,-0.3673005998134613,0.5351162552833557,0.4997404515743255,0.1343063712120056,0.4636624753475189,0.5003131031990051,-0.1344325989484787,0.5258190035820007,0.6004003882408142,0.3703334629535675,0.4457810819149017,0.6090723276138306,0.0003834293456748,0.5217993259429932,0.6873390674591064,0.6828615665435791,0.4254396557807922,0.7132821083068848,0.2245040535926818
U,False,0.5210438966751099,0.2821925282478332,-0.3651981949806213,0.5377552509307861,0.3320684134960174,0.0567784868180751,0.4092851281166076,0.3245585858821869,-0.4034870862960815,0.5378185510635376,0.4987622201442718,0.1339489668607711,0.4609486758708954,0.5026828050613403,-0.134074255824089,0.5242440700531006,0.5995731949806213,0.4035829305648803,0.4367318153381347,0.6090532541275024,0.0797056630253791,0.5189863443374634,0.6784913539886475,0.7517160773277283,0.4154388308525085,0.7100573182106018,0.3656069934368133
U,False,0.5414065718650818,0.2856136858463287,-0.4052349030971527,0.5543811321258545,0.3277859985828399,0.0421194247901439,0.4300008714199066,0.3176526129245758,-0.4597438871860504,0.5391177535057068,0.4992108643054962,0.1427275836467743,0.4594233632087707,0.5008950233459473,-0.1428382843732834,0.5312884449958801,0.595668375492096,0.4383386373519897,0.4463962912559509,0.605940043926239,0.1019309610128402,0.5255162715911865,0.6760421991348267,0.8171265721321106,0.4212267398834228,0.7048513293266296,0.4275247752666473
U,False,0.6060326099395752,0.301668107509613,-0.3804210424423218,0.5894871354103088,0.3508903980255127,0.0396903902292251,0.4919821619987488,0.3320538699626922,-0.4851323664188385,0.5414303541183472,0.5003414750099182,0.1525534987449646,0.4599836766719818,0.5002528429031372,-0.1526946872472763,0.5841855406761169,0.5922398567199707,0.3491259813308716,0.4693646430969238,0.6046061515808105,0.0242629237473011,0.553234338760376,0.6799137592315674,0.7300316095352173,0.4473574459552765,0.7042623162269592,0.3282276690006256
U,False,0.5185421705245972,0.2999124825000763,-0.2581574916839599,0.5285006165504456,0.3425213396549225,0.1334869712591171,0.4063942730426788,0.3355470597743988,-0.3473997712135315,0.5401651859283447,0.4984041750431061,0.1304553896188736,0.459465742111206,0.5028959512710571,-0.1304953694343567,0.5171230435371399,0.6053243279457092,0.3115449845790863,0.431538462638855,0.611703634262085,-0.0887665748596191,0.5112394094467163,0.6908262968063354,0.6128749847412109,0.4088186621665954,0.7133549451828003,0.0894401147961616
U,False,0.3820984661579132,0.3126832544803619,-0.1007823795080185,0.4660278260707855,0.3485349714756012,-0.3467659950256347,0.4257051944732666,0.3575313985347748,0.1986739486455917,0.522196888923645,0.5002539753913879,-0.1657129973173141,0.4781916439533233,0.5005402565002441,0.1652822792530059,0.5033491253852844,0.6090475916862488,-0.1178514510393142,0.4598632156848907,0.5949845314025879,0.3592792451381683,0.5064065456390381,0.7145683169364929,-0.0698303282260894,0.4558261334896087,0.6833728551864624,0.5841351747512817
U,False,0.4229008555412292,0.3033089935779571,-0.1014448404312133,0.513084352016449,0.3403615057468414,-0.3614586889743805,0.4543952345848083,0.3508085012435913,0.2401162832975387,0.5224366784095764,0.5007657408714294,-0.1747410297393798,0.4775883555412292,0.5004420876502991,0.1742840558290481,0.5185895562171936,0.6120992302894592,-0.1329708844423294,0.4788734912872314,0.6058701872825623,0.3939317166805267,0.5214596390724182,0.7193297147750854,-0.072812907397747,0.4676601886749267,0.6837520599365234,0.6387924551963806
U,False,0.418999433517456,0.3035907745361328,-0.0808711796998977,0.5113975405693054,0.3395903408527374,-0.3652422428131103,0.4547632932662964,0.3499450087547302,0.2589384019374847,0.5199479460716248,0.5020992755889893,-0.1874594092369079,0.4804219007492065,0.4994487166404724,0.1869650185108184,0.5100421905517578,0.6145061254501343,-0.1037071198225021,0.4797922968864441,0.6020911335945129,0.3719303011894226,0.5177909135818481,0.7164266705513,-0.0092185428366065,0.4788104295730591,0.6814057230949402,0.5959032773971558
U,False,0.4293214678764343,0.3066806495189667,-0.0916023701429367,0.5240243077278137,0.3411082625389099,-0.3595586717128753,0.4538701176643371,0.3531774282455444,0.2556749582290649,0.5253420472145081,0.5017390251159668,-0.1838490962982177,0.4760763049125671,0.4998936951160431,0.1834244430065155,0.51523756980896,0.6141482591629028,-0.1369882971048355,0.4632298350334167,0.6023983359336853,0.3867484927177429,0.520530641078949,0.7165725231170654,-0.0566732063889503,0.4753671884536743,0.6879663467407227,0.6225220561027527
U,False,0.4417086243629455,0.3053463995456695,-0.0458484776318073,0.5323967933654785,0.3465067744255066,-0.3000336289405823,0.4637604355812073,0.3551178276538849,0.2400345355272293,0.5245968699455261,0.5009788274765015,-0.1563824713230133,0.4756354093551636,0.4990809857845306,0.1559135615825653,0.5210350751876831,0.6129781007766724,-0.1558567732572555,0.4814092516899109,0.603093683719635,0.3327232897281647,0.510791540145874,0.7173731923103333,-0.1539558321237564,0.4599805474281311,0.6837794780731201,0.5435605049133301
U,False,0.3980104327201843,0.3155090808868408,-0.0955726578831672,0.4758176803588867,0.3489137887954712,-0.3479983508586883,0.4440835118293762,0.3564992249011993,0.2016979753971099,0.5180204510688782,0.502952516078949,-0.1704163253307342,0.4817199110984802,0.4975282549858093,0.1700489521026611,0.4639398455619812,0.6074020266532898,-0.0744065344333648,0.428629994392395,0.5897852182388306,0.3755719661712646,0.4643067717552185,0.7070425152778625,0.0169800575822591,0.4344522356986999,0.6764911413192749,0.6137396097183228
U,False,0.4097189009189605,0.3150084912776947,-0.0836787372827529,0.4966296851634979,0.3498745858669281,-0.3459855914115906,0.4447459280490875,0.3620555698871612,0.2405654042959213,0.5206651091575623,0.4996514022350311,-0.1784187853336334,0.4788568317890167,0.5013642311096191,0.177987053990364,0.5008842945098877,0.6082476377487183,-0.1113890931010246,0.469721645116806,0.6019822955131531,0.3617342710494995,0.4895313084125519,0.7120559215545654,-0.0341546460986137,0.4666226208209991,0.6890073418617249,0.5801284909248352
U,False,0.4037493169307709,0.3159163892269134,-0.1194802597165107,0.4912917017936706,0.3525585234165191,-0.3843420743942261,0.4405088424682617,0.3606988489627838,0.2087280452251434,0.522669792175293,0.4999425709247589,-0.1811133027076721,0.4787197113037109,0.5007432699203491,0.1807053238153457,0.5034127831459045,0.6135637164115906,-0.1393001824617386,0.4668821096420288,0.599201500415802,0.3756313621997833,0.4970903992652893,0.7209431529045105,-0.0884938165545463,0.460879921913147,0.6915280222892761,0.6016560792922974
U,False,0.400285542011261,0.3210270404815674,-0.1141386926174163,0.4912405908107757,0.3507847487926483,-0.3697482943534851,0.4308282434940338,0.3625508248806,0.2170047312974929,0.5208760499954224,0.5001786947250366,-0.1836732476949691,0.4782823026180267,0.5004543662071228,0.1832855194807052,0.4963016211986542,0.6107742190361023,-0.1674574017524719,0.4581269323825836,0.598160445690155,0.3878579437732696,0.5014742612838745,0.7189903855323792,-0.1448610872030258,0.4622475206851959,0.6904011964797974,0.6149871349334717
U,False,0.3276083767414093,0.3419029116630554,-0.0761486366391182,0.4233665764331817,0.3606290817260742,-0.3397651314735412,0.3945852220058441,0.369592547416687,0.1937117129564285,0.5211291909217834,0.5008231997489929,-0.1708552986383438,0.4795030057430267,0.4995564818382263,0.170790210366249,0.470145970582962,0.6107012629508972,-0.1756338328123092,0.4343301951885223,0.5937860012054443,0.3308070302009582,0.4895069301128387,0.7240145802497864,-0.1595040112733841,0.4415177404880523,0.6885889172554016,0.5175302624702454
U,False,0.3784719407558441,0.3223218023777008,-0.0173131730407476,0.482322096824646,0.3439860641956329,-0.2751264870166778,0.4177901744842529,0.3641539216041565,0.2813398540019989,0.5221313238143921,0.4990841448307037,-0.1673292815685272,0.4784297347068786,0.501889705657959,0.1669495701789856,0.5071960091590881,0.6156651377677917,-0.1482944786548614,0.4851628541946411,0.6117081642150879,0.2937099933624267,0.5048397183418274,0.7194114923477173,-0.1284110993146896,0.486225962638855,0.694031298160553,0.4587767124176025
U,False,0.3944320678710937,0.3174185752868652,-0.0475517734885215,0.5037270784378052,0.3445008397102356,-0.2981754839420318,0.4223897457122803,0.3603363633155823,0.2635963559150696,0.5262067317962646,0.4991167187690735,-0.1710173785686493,0.4723300337791443,0.5016086101531982,0.1706608533859253,0.5139346718788147,0.6149853467941284,-0.1957472115755081,0.4741711020469665,0.6099191308021545,0.3533472120761871,0.5215811729431152,0.7249353528022766,-0.192523717880249,0.470080554485321,0.692827045917511,0.5548535585403442
U,False,0.4252536594867706,0.3105588853359222,-0.0226894970983266,0.5281044840812683,0.3426383435726166,-0.2980017364025116,0.4486768543720245,0.3584827482700348,0.2950523495674133,0.5276848077774048,0.5006983280181885,-0.1726976186037063,0.4727772176265716,0.5003783106803894,0.1723888218402862,0.5080230832099915,0.613920271396637,-0.1902874261140823,0.4593187272548675,0.6032217741012573,0.2852615118026733,0.5208107829093933,0.7177439332008362,-0.1497633010149002,0.4761089980602264,0.69271320104599,0.4468994140625
U,False,0.3746191263198852,0.3161291480064392,-0.1479989886283874,0.4716348946094513,0.3507047593593597,-0.3972399532794952,0.4127853214740753,0.3632322549819946,0.1948212534189224,0.5262355208396912,0.500135600566864,-0.1729720681905746,0.472590297460556,0.5003437399864197,0.1727150231599807,0.4756490886211395,0.61024409532547,-0.1510011106729507,0.4265943765640259,0.5976308584213257,0.3442622721195221,0.4963291585445404,0.7141450643539429,-0.0925141870975494,0.4456265270709991,0.6886838674545288,0.5739414691925049
U,False,0.4389762878417969,0.3011443018913269,-0.1454108506441116,0.5299867987632751,0.34774249792099,-0.3808472454547882,0.451348066329956,0.3580904304981231,0.2240820378065109,0.5247611403465271,0.5012719035148621,-0.1795032918453216,0.4750738441944122,0.5002858638763428,0.1791567206382751,0.5231403708457947,0.6141712665557861,-0.1613949835300445,0.4811621606349945,0.6046565175056458,0.3834218680858612,0.530632495880127,0.7167656421661377,-0.0813975185155868,0.482237845659256,0.6889212131500244,0.6309698224067688
U,False,0.4363799095153808,0.3052648305892944,-0.1428290754556656,0.5296905040740967,0.3477626144886017,-0.3531132042407989,0.4492151439189911,0.3580878973007202,0.2400877773761749,0.5253092646598816,0.5008312463760376,-0.1767615973949432,0.4741279184818268,0.5002937316894531,0.1763898730278015,0.5151386260986328,0.613027036190033,-0.1636049300432205,0.4744892418384552,0.6059386730194092,0.3601175844669342,0.523710310459137,0.7144435048103333,-0.0906954184174537,0.4775761663913727,0.687436044216156,0.5815111994743347
U,False,0.4482642114162445,0.3068121671676636,-0.0812451764941215,0.5455460548400879,0.3468379974365234,-0.3568198084831238,0.4628280401229858,0.3579052984714508,0.2641862630844116,0.529448390007019,0.5009013414382935,-0.180183857679367,0.4701103866100311,0.4997677505016327,0.1799209415912628,0.5017998814582825,0.6119697093963623,-0.2008419632911682,0.4438700377941131,0.6000522375106812,0.253612756729126,0.5181040167808533,0.7142324447631836,-0.0855812579393386,0.4673408567905426,0.6912704706192017,0.4413305222988128
U,False,0.4193380177021026,0.3053245842456817,-0.0942132025957107,0.5179125070571899,0.3447406888008117,-0.3632604479789734,0.4472863376140594,0.3550732135772705,0.2320093959569931,0.5249082446098328,0.5014888644218445,-0.1714851260185241,0.4750254452228546,0.4996252357959747,0.171033963561058,0.5148621797561646,0.6132509708404541,-0.1132639348506927,0.4777706563472748,0.6058166027069092,0.3398793339729309,0.5102704167366028,0.7119959592819214,-0.0307579580694437,0.466487318277359,0.6863062381744385,0.5527480244636536
U,False,0.4335402548313141,0.3097158670425415,-0.0576578453183174,0.5275768637657166,0.3473963737487793,-0.3267134428024292,0.4482148289680481,0.3585906028747558,0.2766137719154358,0.5241249799728394,0.5008467435836792,-0.1823991239070892,0.4745025932788849,0.5002713799476624,0.1819879561662674,0.510516881942749,0.6169508099555969,-0.1515246480703354,0.4748494625091553,0.6078284978866577,0.3326225876808166,0.5109491944313049,0.7168654203414917,-0.0907195284962654,0.4842655062675476,0.6949630975723267,0.5091155767440796
U,False,0.4407886862754822,0.3061586916446686,-0.1012673079967498,0.5348799228668213,0.3455168306827545,-0.376330554485321,0.4599388241767883,0.354329913854599,0.245661661028862,0.5253486633300781,0.5015919804573059,-0.1849535703659057,0.4747128188610077,0.4998695850372314,0.1845672577619552,0.5053673982620239,0.6167961955070496,-0.1396970450878143,0.459416776895523,0.6033208966255188,0.367920309305191,0.5206905603408813,0.716022253036499,-0.062943048775196,0.4804688692092895,0.6922414302825928,0.5813449025154114
U,False,0.4146947562694549,0.3090430796146393,-0.0952834635972976,0.5086005330085754,0.344500184059143,-0.3687901198863983,0.4486638605594635,0.3550258278846741,0.2258760631084442,0.5223559737205505,0.5020692944526672,-0.1780642569065094,0.4785909354686737,0.4994266033172607,0.1776120364665985,0.512256920337677,0.6163659691810608,-0.113608218729496,0.4794128239154815,0.604941725730896,0.3631055355072021,0.5163577795028687,0.7177733182907104,-0.0407739281654357,0.4759435951709747,0.68551105260849,0.5900841951370239
U,False,0.4240976870059967,0.3099488317966461,-0.0769108235836029,0.5164698362350464,0.3451306819915771,-0.3455885946750641,0.4446554780006408,0.3558400273323059,0.2519922256469726,0.5246998071670532,0.5008009672164917,-0.1772349178791046,0.4751062989234924,0.4999278783798218,0.1768749505281448,0.5114084482192993,0.6152775883674622,-0.1638197004795074,0.4690551161766052,0.6057375073432922,0.3693863451480865,0.505620002746582,0.7186621427536011,-0.1253030747175216,0.4679711461067199,0.6907303929328918,0.5934867858886719
U,False,0.4447051286697387,0.3087177872657776,-0.1033684983849525,0.538524866104126,0.3446154594421386,-0.3695052862167358,0.4602085649967193,0.3539829850196838,0.2533385455608368,0.5287052989006042,0.5009132027626038,-0.1871112287044525,0.4727638661861419,0.4997634291648865,0.1868125796318054,0.5020111799240112,0.6140719056129456,-0.2073885947465896,0.441984623670578,0.5982605814933777,0.3281104862689972,0.5174812078475952,0.7151126265525818,-0.1235297843813896,0.4698796570301056,0.6878508925437927,0.5587177872657776
U,False,0.4312637448310852,0.3035246729850769,-0.0558559633791446,0.5302330255508423,0.3423168063163757,-0.2828224599361419,0.4459607005119324,0.353861927986145,0.2406094968318939,0.527728796005249,0.5009170770645142,-0.1503663212060928,0.4709570705890655,0.5000391006469727,0.1499305367469787,0.5143433213233948,0.6158035397529602,-0.1502765864133834,0.4757901132106781,0.609649121761322,0.2456388622522354,0.5147297978401184,0.7150629162788391,-0.1049764752388,0.4760875403881073,0.6944997906684875,0.3844259679317474
U,False,0.4405773878097534,0.3043875098228454,-0.0699219554662704,0.5394284129142761,0.3403511047363281,-0.3123508989810943,0.4543602466583252,0.3488630652427673,0.2325788289308548,0.5254228115081787,0.5016812682151794,-0.1594149470329284,0.474511981010437,0.4993838965892792,0.1589485108852386,0.5120274424552917,0.6135945916175842,-0.1518822312355041,0.4752477407455444,0.6025531888008118,0.2985277771949768,0.5079187154769897,0.7121632099151611,-0.1073642894625663,0.4708759188652038,0.6863160729408264,0.4738377630710602
U,False,0.4490569829940796,0.3010216355323791,-0.1176483929157257,0.5439647436141968,0.3374582529067993,-0.357996255159378,0.4622008800506592,0.3468775451183319,0.2251859754323959,0.5240925550460815,0.5029663443565369,-0.175125315785408,0.475890576839447,0.4983800649642944,0.1746038049459457,0.4872616529464721,0.6153022050857544,-0.1427726149559021,0.4408490359783172,0.5958477258682251,0.288616806268692,0.5040307641029358,0.709652841091156,0.0082511408254504,0.4649018943309784,0.6830078363418579,0.5136420130729675
U,False,0.4126963317394256,0.3110387921333313,-0.0637256950139999,0.5071699619293213,0.3465980291366577,-0.3560375273227691,0.446364551782608,0.3564987182617187,0.2720632553100586,0.5229479074478149,0.5001556277275085,-0.1855813711881637,0.4771175682544708,0.5002112984657288,0.1852376013994217,0.5075372457504272,0.6152285933494568,-0.1227800920605659,0.4733906686306,0.6059264540672302,0.3605761528015136,0.4886751472949981,0.7205871939659119,-0.0566641390323638,0.4586448967456817,0.6916625499725342,0.5649458765983582
U,False,0.4260782897472381,0.3114892840385437,-0.1090538427233696,0.5222994685173035,0.3453117907047272,-0.3765330910682678,0.4519521594047546,0.357164978981018,0.2575391829013824,0.5262275338172913,0.5000157952308655,-0.1898194998502731,0.4752415120601654,0.5007687211036682,0.1895454078912735,0.513766348361969,0.6120417714118958,-0.1718834191560745,0.4669936001300812,0.6049126982688904,0.3848561942577362,0.507996678352356,0.7197683453559875,-0.1004236936569213,0.455794483423233,0.6884083151817322,0.6090366244316101
U,False,0.4265293180942535,0.3066231608390808,-0.036810390651226,0.5144322514533997,0.3458956480026245,-0.3067368566989898,0.4612597525119781,0.3566195666790008,0.2547821402549743,0.5198287963867188,0.5005921125411987,-0.1643389910459518,0.4790167510509491,0.4995445907115936,0.1638875603675842,0.5030404925346375,0.6117428541183472,-0.1282018572092056,0.4747754633426666,0.6023736596107483,0.2964312434196472,0.498199313879013,0.7175969481468201,-0.0862331390380859,0.4599044024944305,0.6877021789550781,0.4686590433120727
U,False,0.4225111007690429,0.3020320832729339,-0.0803407654166221,0.5184091925621033,0.3396649956703186,-0.3459163010120392,0.444618821144104,0.3514248132705688,0.2550276517868042,0.5244473218917847,0.500049352645874,-0.1798256635665893,0.4761288166046142,0.5004353523254395,0.1794201582670211,0.5106004476547241,0.6134045124053955,-0.1547799110412597,0.4686503410339355,0.6051668524742126,0.3557867109775543,0.5039342641830444,0.7173143029212952,-0.1101310029625892,0.4610716104507446,0.6890498399734497,0.5581828355789185
U,False,0.4277204275131225,0.3098892867565155,-0.0850614607334137,0.5175415277481079,0.3457189202308655,-0.3417077958583832,0.4502802491188049,0.3574323952198028,0.2312816530466079,0.5274960398674011,0.5000414848327637,-0.1672664582729339,0.4716421365737915,0.5010001063346863,0.1669948399066925,0.489427387714386,0.608510434627533,-0.1568411439657211,0.430046021938324,0.594537615776062,0.3424979150295257,0.4936398267745971,0.7138396501541138,-0.1138412952423095,0.4415960311889648,0.6850298047065735,0.538907527923584
U,False,0.405927449464798,0.308967113494873,-0.0718366354703903,0.4897518455982208,0.343060553073883,-0.3600296378135681,0.4569238126277923,0.3512941002845764,0.2380305379629135,0.5191817283630371,0.5010737776756287,-0.1821097433567047,0.4811272323131561,0.4993006885051727,0.1817160546779632,0.5008533596992493,0.610325813293457,-0.0932433232665062,0.4664505422115326,0.6014370918273926,0.3748439848423004,0.4909467995166778,0.7191014885902405,-0.0230040363967418,0.4564743340015411,0.689801812171936,0.6020877361297607
U,False,0.395719438791275,0.3104009926319122,-0.0857651233673095,0.4759579300880432,0.3470242917537689,-0.3568706214427948,0.4400946497917175,0.3588699698448181,0.2431919574737548,0.5195890665054321,0.4996394217014313,-0.1836259514093399,0.4807958602905273,0.5012757182121277,0.1832741647958755,0.5018139481544495,0.6081749796867371,-0.1317377090454101,0.4693676829338074,0.5982677340507507,0.3948481678962707,0.4947693943977356,0.717954158782959,-0.0830999910831451,0.4548396468162536,0.6854498982429504,0.6350541710853577
U,False,0.402657687664032,0.3087255358695984,-0.0680082663893699,0.494334876537323,0.3447169661521911,-0.3434517085552215,0.4385683536529541,0.3549358248710632,0.2503794729709625,0.5234865546226501,0.4997530877590179,-0.1747829914093017,0.4763785004615783,0.5007987022399902,0.1744199097156524,0.5084298849105835,0.6111375093460083,-0.1184251457452774,0.4760966300964355,0.6033844351768494,0.3593550026416778,0.4903000593185425,0.7146296501159668,-0.0587317273020744,0.4609098434448242,0.687252402305603,0.5733997225761414
U,False,0.4054965674877167,0.3086424469947815,-0.0876623168587684,0.4968103468418121,0.3445851802825928,-0.3627858161926269,0.4413899481296539,0.3554083108901977,0.2356238514184951,0.5218150615692139,0.500576913356781,-0.1795443743467331,0.4780546724796295,0.499644011259079,0.1790813952684402,0.5049708485603333,0.6134157776832581,-0.1192766055464744,0.4626094400882721,0.6010639071464539,0.380813717842102,0.4944096505641937,0.7194857001304626,-0.051924742758274,0.4549808800220489,0.686274528503418,0.6178732514381409
U,False,0.4169892370700836,0.3070611655712127,-0.069246657192707,0.5006464719772339,0.3428673446178436,-0.3460429012775421,0.4549779593944549,0.3533167243003845,0.251907616853714,0.5196953415870667,0.5015916228294373,-0.1795334219932556,0.4796869456768036,0.4999395906925201,0.179060086607933,0.4980255663394928,0.6132012009620667,-0.0961450189352035,0.4646930992603302,0.6039159893989563,0.3549802303314209,0.4748603999614715,0.72211092710495,-0.0211542043834924,0.4449531733989715,0.6914922595024109,0.570267379283905
U,False,0.4456960558891296,0.2970690131187439,-0.0638592988252639,0.5286865234375,0.3391063809394836,-0.3594849407672882,0.4831476807594299,0.3470446169376373,0.2492274791002273,0.5204054117202759,0.5019165873527527,-0.1773405522108078,0.478168785572052,0.4983512759208679,0.1770280748605728,0.4813233017921448,0.6121556758880615,-0.0854286700487136,0.4478873610496521,0.5998992919921875,0.3888024985790252,0.4519996643066406,0.716408371925354,-0.0112017979845404,0.4226282835006714,0.6819488406181335,0.6247406005859375
U,False,0.391313225030899,0.3131982982158661,-0.1434978544712066,0.4747926592826843,0.3453645408153534,-0.4126428365707397,0.437538743019104,0.356553703546524,0.2022165954113006,0.5174949765205383,0.5009431838989258,-0.1905276775360107,0.4830193519592285,0.4997666776180267,0.1901223361492157,0.48019939661026,0.6095574498176575,-0.1088930293917656,0.452004611492157,0.5961085557937622,0.4229685664176941,0.4926382899284363,0.7187839150428772,-0.0287242047488689,0.4563633799552917,0.6830500364303589,0.6815880537033081
U,False,0.3821368515491485,0.3050758242607116,-0.0904782861471176,0.477535218000412,0.3390499353408813,-0.3533005118370056,0.4217917025089264,0.3512130379676819,0.2168620973825454,0.5246462225914001,0.4998568594455719,-0.1716367155313491,0.4744336903095245,0.5008975267410278,0.171156957745552,0.5136117339134216,0.6122421026229858,-0.0919566228985786,0.4796154201030731,0.6059312224388123,0.3376085162162781,0.5059050917625427,0.720014214515686,-0.0075230421498417,0.4756137430667877,0.6943826675415039,0.5581472516059875
U,False,0.3936885297298431,0.3097251355648041,-0.1018572002649307,0.4860404729843139,0.3424547016620636,-0.3664187490940094,0.4298620820045471,0.352912038564682,0.2265510410070419,0.5235651731491089,0.4996618032455444,-0.1769867092370987,0.476577877998352,0.5003427863121033,0.1765215843915939,0.511850893497467,0.6125206351280212,-0.1084984764456749,0.4730600118637085,0.603956937789917,0.3733597695827484,0.5125824809074402,0.7163692116737366,-0.0295244771987199,0.4717603921890259,0.6885089874267578,0.6077765822410583
U,False,0.6086058020591736,0.3145587742328644,-0.2524117529392242,0.5787197351455688,0.3620025515556335,0.146662026643753,0.5312222242355347,0.348261684179306,-0.3495341837406158,0.5255958437919617,0.5005785226821899,0.1569604575634002,0.4752841293811798,0.4995227456092834,-0.1571351140737533,0.543720006942749,0.5992342829704285,0.3326197266578674,0.4933894872665405,0.6107071042060852,-0.1058157831430435,0.549044132232666,0.6848270297050476,0.5610131025314331,0.4814279973506927,0.7175112366676331,-0.0450112968683242
U,False,0.57718425989151,0.2957209646701813,-0.1767126470804214,0.5559783577919006,0.353433758020401,0.1802634745836258,0.4885180592536926,0.3363725244998932,-0.3809295892715454,0.5270545482635498,0.5008850693702698,0.167977750301361,0.4738695621490478,0.5000016689300537,-0.1680728644132614,0.5316954255104065,0.6023507118225098,0.3708381056785583,0.4766095280647278,0.6124251484870911,-0.0784496515989303,0.5445488095283508,0.6891650557518005,0.6282303333282471,0.4788452684879303,0.719510018825531,0.0307349376380443
U,False,0.580165445804596,0.2996836602687835,-0.1741302907466888,0.5595211386680603,0.3533901274204254,0.182261660695076,0.4863545000553131,0.3388011157512665,-0.3512214720249176,0.5274255871772766,0.5012292265892029,0.1593003720045089,0.4731730222702026,0.4996508061885834,-0.1593679189682006,0.5315291881561279,0.6050845980644226,0.3193012773990631,0.4768472909927368,0.6153201460838318,-0.0852173864841461,0.5359036326408386,0.6902194619178772,0.5422853231430054,0.4727030098438263,0.7183895111083984,9.726265125209466e-05
U,False,0.5676283240318298,0.2980616390705108,-0.13440503180027,0.5501449108123779,0.353516548871994,0.2014018446207046,0.4752217829227447,0.3365562260150909,-0.3315783143043518,0.5257900357246399,0.5004333853721619,0.1606334149837494,0.4738043546676636,0.5007831454277039,-0.1607655882835388,0.5327717065811157,0.5997024178504944,0.3122967481613159,0.4783391058444977,0.6110520362854004,-0.0678249895572662,0.5265377759933472,0.6873147487640381,0.5299313068389893,0.4678843319416046,0.7142922878265381,0.0560247972607612
U,False,0.5531843900680542,0.3022584021091461,-0.1518158763647079,0.5404929518699646,0.3584685921669006,0.1986742317676544,0.4687432944774627,0.3461108803749084,-0.3653094470500946,0.5285146832466125,0.5008477568626404,0.1672467589378357,0.4718803465366363,0.5006738305091858,-0.1674719452857971,0.524476945400238,0.6006460785865784,0.3661585450172424,0.4757000803947449,0.6091563701629639,-0.1266499906778335,0.5365291237831116,0.6897348761558533,0.628119707107544,0.479412704706192,0.7152402400970459,-0.0383587069809436
U,False,0.6000255346298218,0.3146810233592987,-0.1227173060178756,0.5694230794906616,0.3664077222347259,0.1759406179189682,0.5245308876037598,0.3497296273708343,-0.3398002684116363,0.5269180536270142,0.5008799433708191,0.1595330983400344,0.4737045764923095,0.4993013739585876,-0.1594733446836471,0.5765321850776672,0.5943285822868347,0.2005766481161117,0.5254960656166077,0.6035943031311035,-0.0918251425027847,0.5664510726928711,0.6870258450508118,0.3531676828861236,0.5297932028770447,0.7070209980010986,0.0188975874334573
U,False,0.5890194773674011,0.3109332025051117,-0.1563477516174316,0.5628049373626709,0.3642169237136841,0.1843112707138061,0.5036154985427856,0.346639335155487,-0.3442126214504242,0.5267812013626099,0.501272976398468,0.1584413647651672,0.4719456136226654,0.4994043409824371,-0.1584681421518325,0.5397419929504395,0.603090763092041,0.2384499758481979,0.4895053803920746,0.6107740998268127,-0.0696425214409828,0.5513331294059753,0.6921297311782837,0.415610522031784,0.500739336013794,0.7153515219688416,0.0541907809674739
U,False,0.589438796043396,0.3090085089206695,-0.2180448919534683,0.5650192499160767,0.3573456406593323,0.165100023150444,0.5033519268035889,0.3452577888965606,-0.3587358295917511,0.5276846289634705,0.5004615783691406,0.1577970534563064,0.4736849069595337,0.5001639127731323,-0.1579073518514633,0.5421503782272339,0.6002357006072998,0.3044180870056152,0.4882656633853912,0.6110132336616516,-0.0746131613850593,0.5532073378562927,0.6880149245262146,0.5179993510246277,0.4888025820255279,0.716023325920105,0.0304237250238657
U,False,0.6036183834075928,0.3159465491771698,-0.1759841293096542,0.5777013897895813,0.3641857206821441,0.1646196544170379,0.5134127140045166,0.3497428596019745,-0.3510448038578033,0.5263038873672485,0.5015487670898438,0.1560792028903961,0.4727296233177185,0.4990544319152832,-0.156140923500061,0.5520059466362,0.6008962988853455,0.2615709006786346,0.4910584986209869,0.6111578345298767,-0.1249398812651634,0.5537109971046448,0.690754234790802,0.4503282010555267,0.4884925186634063,0.7171278595924377,-0.0543383806943893
U,False,0.6766722798347473,0.3357194662094116,-0.1314297914505005,0.6277835369110107,0.3792895972728729,0.1562488377094268,0.5765616297721863,0.3585490584373474,-0.3314227759838104,0.5277974605560303,0.5021867752075195,0.1523151844739914,0.4722396433353424,0.4981962144374847,-0.152063250541687,0.5716900825500488,0.5930254459381104,0.1129387766122818,0.5271398425102234,0.5964424014091492,-0.2365293353796005,0.5663297772407532,0.6902058720588684,0.2142124474048614,0.5048017501831055,0.7209016680717468,-0.1854586452245712
U,False,0.6306653618812561,0.3225157558917999,-0.1234902814030647,0.5933729410171509,0.3719702064990997,0.1993545889854431,0.522905170917511,0.3463590443134308,-0.307491660118103,0.5288941264152527,0.5035160183906555,0.1492918878793716,0.4705163538455963,0.4977616369724273,-0.149205669760704,0.524942934513092,0.6066158413887024,0.2043695449829101,0.4807117581367492,0.6124762296676636,-0.1502835005521774,0.5312095284461975,0.701420247554779,0.3545132577419281,0.4775894284248352,0.7222815155982971,-0.1210643872618675
U,False,0.6044555306434631,0.3167585134506225,-0.1200754940509796,0.5712140798568726,0.3638935089111328,0.2198629379272461,0.4978949129581451,0.3441565036773681,-0.3306537568569183,0.5291140079498291,0.5017828941345215,0.166023388504982,0.4716262519359588,0.4984529614448547,-0.1661061495542526,0.5235632658004761,0.6041369438171387,0.2639076709747314,0.4686811566352844,0.6099462509155273,-0.1472172886133194,0.5276738405227661,0.695709764957428,0.4443634152412414,0.468765914440155,0.7212063670158386,-0.103870540857315
U,False,0.5738362073898315,0.3121055066585541,-0.1043344587087631,0.5491941571235657,0.3623293936252594,0.2298739701509475,0.4718210697174072,0.3434217572212219,-0.3152404427528381,0.5292684435844421,0.5011794567108154,0.1600245684385299,0.4696369469165802,0.5004833340644836,-0.1601455360651016,0.5395053625106812,0.6031336784362793,0.2803318798542022,0.4826865494251251,0.6124978065490723,-0.1477522104978561,0.5301851630210876,0.6917574405670166,0.4793765842914581,0.4687874317169189,0.7218568325042725,-0.1064645871520042
U,False,0.6225103139877319,0.3121547698974609,-0.2267644554376602,0.5882555246353149,0.3670382499694824,0.1100335121154785,0.5206073522567749,0.3517166376113891,-0.3699890971183777,0.5308561325073242,0.5011342763900757,0.1487000286579132,0.4677431583404541,0.4989359974861145,-0.1487080454826355,0.5744593143463135,0.5975519418716431,0.222313791513443,0.5165358781814575,0.6083303689956665,-0.1070457026362419,0.548004150390625,0.6885072588920593,0.403814435005188,0.5014147758483887,0.7092538475990295,0.0078154075890779
U,False,0.5603731870651245,0.2956441044807434,-0.3116921782493591,0.5606679320335388,0.3570742011070251,0.1888588368892669,0.4631922245025635,0.3457385301589966,-0.4272787868976593,0.5303859710693359,0.5003193020820618,0.1846348792314529,0.469330370426178,0.4999370872974396,-0.1848646104335785,0.5191001296043396,0.601899266242981,0.3829247951507568,0.4663050174713135,0.6055102348327637,-0.137297973036766,0.514111340045929,0.690054178237915,0.6839197874069214,0.4607229232788086,0.7096025943756104,0.025369381532073
U,False,0.5648825168609619,0.2984165549278259,-0.2432766854763031,0.5515874028205872,0.357915461063385,0.1952671706676483,0.4622752070426941,0.3462964296340942,-0.4223428964614868,0.529965341091156,0.500208854675293,0.1846050024032592,0.4703602790832519,0.5013428926467896,-0.1848513782024383,0.5227612853050232,0.6011626720428467,0.3679918944835663,0.4711657166481018,0.6089274883270264,-0.0871171578764915,0.5160427093505859,0.6918759942054749,0.6497073173522949,0.469291478395462,0.7124470472335815,0.0921269804239273
U,False,0.5481798648834229,0.302306056022644,-0.236246109008789,0.5371664762496948,0.358704924583435,0.1831229031085968,0.4487950503826141,0.3474628329277038,-0.4170468151569366,0.5311509370803833,0.4994240701198578,0.1765276938676834,0.4680392742156982,0.5009692311286926,-0.1767126470804214,0.5538741946220398,0.6007862091064453,0.3555210530757904,0.4938841164112091,0.610653281211853,-0.1900923699140548,0.5290995240211487,0.6910233497619629,0.6350049376487732,0.4718227982521057,0.7178781628608704,-0.0955360457301139
U,False,0.5788252949714661,0.3024500608444214,-0.2091207951307296,0.5591033101081848,0.3588426113128662,0.1978084743022918,0.482457160949707,0.3421034216880798,-0.3758262395858764,0.5288453102111816,0.5014622807502747,0.1722412407398224,0.4707734286785126,0.4998013377189636,-0.172377735376358,0.5300730466842651,0.6038162112236023,0.3246119320392608,0.4755324721336365,0.6104576587677002,-0.1141749322414398,0.5357626676559448,0.6940110325813293,0.5590464472770691,0.4860979318618774,0.7177143096923828,-0.0204437281936407
U,False,0.5656536817550659,0.3015877604484558,-0.2510784566402435,0.5531458854675293,0.3603616654872894,0.2046287953853607,0.4703101515769958,0.3439842462539673,-0.4125051200389862,0.5294129848480225,0.5009474754333496,0.1849893629550933,0.4708415865898132,0.5003661513328552,-0.1852541714906692,0.526805579662323,0.6027517318725586,0.3986451923847198,0.4743534326553345,0.6099042296409607,-0.126883864402771,0.527584969997406,0.6907750368118286,0.6984899044036865,0.4744060039520263,0.7137710452079773,-0.0135235367342829
U,False,0.5571030378341675,0.2993045747280121,-0.2314396649599075,0.5373316407203674,0.3555086851119995,0.1936730444431305,0.4615617990493774,0.3420584797859192,-0.4430795311927795,0.5281126499176025,0.5002571940422058,0.1863432079553604,0.4720172584056854,0.5012636184692383,-0.1866411417722702,0.5331957340240479,0.5992827415466309,0.4286731481552124,0.4814020693302154,0.6090102195739746,-0.0974781513214111,0.5253229737281799,0.6865084171295166,0.7536159753799438,0.4703488647937774,0.7125221490859985,0.0639313831925392
U,False,0.5807639360427856,0.3025591969490051,-0.2205256670713424,0.5572881102561951,0.356362909078598,0.1664783507585525,0.4869506657123565,0.3428250551223755,-0.4054687619209289,0.5270282030105591,0.5007638931274414,0.1717695295810699,0.4717824757099151,0.5001583695411682,-0.1719111800193786,0.530382513999939,0.6017886400222778,0.4127475321292877,0.4793685674667358,0.6125267148017883,-0.0910787060856819,0.5381626486778259,0.6902212500572205,0.6974780559539795,0.479045569896698,0.7194121479988098,0.0119686806574463
U,False,0.5748379826545715,0.3050815165042877,-0.2085386216640472,0.550713837146759,0.3583384156227112,0.1954784542322158,0.4789679944515228,0.345220685005188,-0.3921442925930023,0.5278911590576172,0.5009454488754272,0.1774094104766845,0.4712156951427459,0.5001943111419678,-0.1775612831115722,0.5342260599136353,0.6025189757347107,0.3619247376918793,0.4822809994220733,0.6134340763092041,-0.1273114830255508,0.5366819500923157,0.694050133228302,0.6192426681518555,0.4853833317756653,0.7210662364959717,-0.0443497076630592
U,False,0.5544746518135071,0.305233746767044,-0.2257274687290191,0.541881263256073,0.3580947518348694,0.1936362534761428,0.4624719619750976,0.3453275561332702,-0.3904969692230224,0.5293359160423279,0.5004771947860718,0.1737241446971893,0.4709143936634063,0.5009337663650513,-0.1738659590482711,0.5638285875320435,0.5996509790420532,0.3469094336032867,0.5002896189689636,0.6127790808677673,-0.1598650068044662,0.5366150736808777,0.6881100535392761,0.6224757432937622,0.4771746695041656,0.7194773554801941,-0.078411653637886
U,False,0.5664732456207275,0.3010191321372986,-0.2114000171422958,0.5569388270378113,0.35594242811203,0.1975595951080322,0.4701146185398102,0.3429282903671264,-0.3843209147453308,0.5297083854675293,0.5003783702850342,0.1743433177471161,0.4715628325939178,0.5002972483634949,-0.1745593547821045,0.5280829071998596,0.6004908084869385,0.3775936365127563,0.4789452254772186,0.6101506352424622,-0.1620163470506668,0.5384976267814636,0.6888148188591003,0.6673959493637085,0.4750345349311828,0.7174508571624756,-0.1001577898859977
U,False,0.5648995637893677,0.300437331199646,-0.2695913314819336,0.553581714630127,0.3559906780719757,0.1968760341405868,0.4672614336013794,0.3417019844055176,-0.4115822613239288,0.5303692817687988,0.5007980465888977,0.1846083849668502,0.4706101715564728,0.5005816221237183,-0.1849164813756942,0.5349441766738892,0.6028657555580139,0.3848892450332641,0.4810328483581543,0.6120673418045044,-0.1352154463529586,0.5393058061599731,0.6937038898468018,0.6762927770614624,0.482552707195282,0.7183436155319214,-0.02308139950037
U,False,0.5581083297729492,0.3007845282554626,-0.2441935688257217,0.5428498387336731,0.3527401089668274,0.1854329407215118,0.4653321206569671,0.3403246402740478,-0.4048078656196594,0.5277765393257141,0.4995010793209076,0.1737877130508422,0.4733498394489288,0.5005988478660583,-0.1739362180233001,0.5671278834342957,0.5960851311683655,0.3444324433803558,0.5087745785713196,0.6118518114089966,-0.0862415060400962,0.54341721534729,0.6857302188873291,0.6180406212806702,0.4902727007865906,0.7164833545684814,0.0467658601701259
U,False,0.5818964242935181,0.3077937960624695,-0.1431233137845993,0.5541422963142395,0.3600995540618896,0.1914860755205154,0.4853117167949676,0.3459287285804748,-0.3487706780433655,0.5280399322509766,0.5005658268928528,0.1604596674442291,0.4715920984745025,0.4997103810310364,-0.1604759395122528,0.5327752232551575,0.600872278213501,0.2621870338916778,0.4793123602867126,0.6098302602767944,-0.1260498911142349,0.5581812858581543,0.6911775469779968,0.4294428527355194,0.4928316473960876,0.7188366651535034,-0.0529607012867927
U,False,0.5736833214759827,0.3067715167999267,-0.2045514434576034,0.5533056259155273,0.3604691326618194,0.2031266987323761,0.4776694178581238,0.3459002077579498,-0.3730107247829437,0.5277031660079956,0.5005083084106445,0.1715633124113083,0.4726842939853668,0.5004740953445435,-0.1716709733009338,0.5372867584228516,0.6021190285682678,0.2924033999443054,0.4836172759532928,0.6111884117126465,-0.12236138433218,0.5446444153785706,0.6933120489120483,0.4974959194660187,0.4869182705879211,0.7191964387893677,-0.0251792762428522
U,False,0.5729919672012329,0.2983063757419586,-0.256827563047409,0.5579490661621094,0.3553447723388672,0.1840746700763702,0.4872921109199524,0.3426589667797088,-0.4006365239620209,0.5281922817230225,0.5007796287536621,0.1761433482170105,0.47083780169487,0.4997055828571319,-0.1764415204524994,0.5371751189231873,0.6005639433860779,0.3774811923503876,0.4881917834281921,0.6084429025650024,-0.1210193857550621,0.555428147315979,0.6914483904838562,0.6531987190246582,0.4930925965309143,0.7159650921821594,-0.0092777833342552
U,False,0.5729121565818787,0.296824961900711,-0.1677955240011215,0.5573843121528625,0.3567245602607727,0.1794289946556091,0.4842097759246826,0.3375574350357055,-0.3353299796581268,0.5267563462257385,0.500748336315155,0.156914621591568,0.4727775454521179,0.4997957348823547,-0.1569696813821792,0.5363953113555908,0.6028750538825989,0.2941269874572754,0.4825703799724579,0.6137616634368896,-0.0457837022840976,0.550189197063446,0.6877039670944214,0.5057525634765625,0.4915923476219177,0.7129417061805725,0.0881726369261741
U,False,0.5692673921585083,0.3026294112205505,-0.1819909662008285,0.5471860766410828,0.3571226298809051,0.1662151962518692,0.4790037274360657,0.3419112861156463,-0.3687197864055633,0.5294975638389587,0.5001657605171204,0.1580668538808822,0.4694924056529999,0.5007707476615906,-0.1581683903932571,0.5655486583709717,0.5963218212127686,0.2905555069446563,0.5050774216651917,0.6090579628944397,-0.0772737115621566,0.5543683767318726,0.6826180219650269,0.5150396227836609,0.4947041869163513,0.7122764587402344,0.0464111603796482
U,False,0.5891577005386353,0.3094956874847412,-0.1655061244964599,0.5548135638237,0.3598634004592895,0.1862047165632248,0.5046364665031433,0.3465704619884491,-0.3710821568965912,0.5259148478507996,0.5006110668182373,0.1682697981595993,0.4730889201164245,0.5000200867652893,-0.1683142930269241,0.5446326732635498,0.6026789546012878,0.3183170855045318,0.4920193552970886,0.6120522022247314,-0.1200275346636772,0.5666075944900513,0.6932030320167542,0.5372278690338135,0.4973768889904022,0.7212430238723755,-0.0375805720686912
U,False,0.5978438258171082,0.3120901882648468,-0.1109893023967742,0.5637940764427185,0.3659983575344085,0.1837618350982666,0.5158377289772034,0.3488548696041107,-0.3076520562171936,0.5262162685394287,0.5012765526771545,0.1506321430206298,0.4731836915016174,0.4994895756244659,-0.150614395737648,0.5391978621482849,0.5996031165122986,0.2787116467952728,0.487426221370697,0.6101387739181519,-0.1293425559997558,0.5623699426651001,0.687129557132721,0.4714098572731018,0.4962533116340637,0.7165741920471191,-0.0877609923481941
U,False,0.5963608622550964,0.3052162528038025,-0.2153097242116928,0.5661852359771729,0.358126699924469,0.1571454852819442,0.5046170949935913,0.3435614109039306,-0.3524901270866394,0.5274509787559509,0.5014433860778809,0.153364211320877,0.4727009534835815,0.4999226629734039,-0.1534000039100647,0.537662923336029,0.6025745272636414,0.3099215924739837,0.4820723831653595,0.6130863428115845,-0.091165117919445,0.5627086758613586,0.6895844340324402,0.5249000191688538,0.4892796277999878,0.7186662554740906,-0.006796829868108
U,False,0.5924782156944275,0.30475515127182,-0.1672106981277465,0.5550381541252136,0.3543302118778229,0.1586663573980331,0.501940906047821,0.3420656323432922,-0.359461098909378,0.5262149572372437,0.5011754631996155,0.1575103104114532,0.4744309484958648,0.500390350818634,-0.1575639694929123,0.543276846408844,0.6017652750015259,0.3149448037147522,0.486362487077713,0.6127901673316956,-0.0622574314475059,0.5560129880905151,0.6901401877403259,0.5319907665252686,0.4895791709423065,0.717637836933136,0.0610976219177246
U,False,0.5733065009117126,0.3050652742385864,-0.0978099480271339,0.5465686321258545,0.3569468557834625,0.2133948653936386,0.4879156351089477,0.3413231670856476,-0.3203073143959045,0.5254068374633789,0.5006821155548096,0.1635756343603134,0.4742983877658844,0.500818133354187,-0.1636637300252914,0.5380720496177673,0.6022382974624634,0.2923044264316559,0.4927493333816528,0.6126741170883179,-0.1299085170030594,0.5664826035499573,0.6903517246246338,0.4729973375797272,0.5066289901733398,0.7191655039787292,-0.0715770125389099
U,False,0.5531370639801025,0.2988496124744415,-0.1500572115182876,0.5287256836891174,0.3522682189941406,0.1596210598945617,0.4697096347808838,0.3409962058067322,-0.3347492218017578,0.5288134813308716,0.4992603659629822,0.1529262810945511,0.4724829196929931,0.5018186569213867,-0.1529529839754104,0.5589678883552551,0.6005789637565613,0.3175910413265228,0.508437991142273,0.6156344413757324,-0.0818625092506408,0.5906417965888977,0.6864637136459351,0.5334790349006653,0.5331931114196777,0.7193020582199097,0.0081504061818122
U,False,0.6079089045524597,0.311441957950592,-0.2024809271097183,0.5839941501617432,0.362229973077774,0.1629957556724548,0.5212904810905457,0.3463675081729889,-0.3318599164485931,0.5252507925033569,0.501483142375946,0.1541444808244705,0.4761313796043396,0.4996393918991089,-0.1542019844055175,0.5577878952026367,0.5978179574012756,0.2907420098781585,0.5120648145675659,0.6070848107337952,-0.1014170125126838,0.5584521889686584,0.6864889860153198,0.4933399260044098,0.5062761306762695,0.7179189324378967,-0.0387856438755989
U,False,0.614557683467865,0.3019474744796753,-0.1571477949619293,0.5808932185173035,0.3563760221004486,0.1588126122951507,0.5207980275154114,0.3394582569599151,-0.3503864109516144,0.5285337567329407,0.501686155796051,0.1567660421133041,0.4728139340877533,0.4984273612499237,-0.156801089644432,0.5314555764198303,0.6038476824760437,0.280438631772995,0.4795149266719818,0.614657998085022,-0.0563134551048278,0.5441133975982666,0.6929952502250671,0.473663330078125,0.4801259934902191,0.7181037664413452,0.0692204684019088
U,False,0.6031681299209595,0.3036063313484192,-0.1753912419080734,0.5699870586395264,0.357602447271347,0.1745937168598175,0.5061162114143372,0.3385958969593048,-0.374738872051239,0.5263473987579346,0.5013428330421448,0.163612499833107,0.4722595810890198,0.4990270435810089,-0.1637070178985595,0.5326542258262634,0.6004487872123718,0.347800999879837,0.4748501479625702,0.6098127365112305,-0.0956732779741287,0.5413835644721985,0.6885601282119751,0.5946974754333496,0.4716057777404785,0.7171360850334167,-0.0052646282128989
U,False,0.4479793608188629,0.3022864460945129,-0.0929728224873542,0.5351994037628174,0.3416971266269684,-0.3455440700054168,0.4560016691684723,0.3503274023532867,0.227161705493927,0.526905357837677,0.5006211996078491,-0.1659852266311645,0.4721317589282989,0.4999082386493683,0.1655432283878326,0.5316017866134644,0.6106853485107422,-0.1486208289861679,0.4695540368556976,0.5992396473884583,0.333683431148529,0.5355421304702759,0.7146043181419373,-0.0687165483832359,0.4701417982578277,0.6842780113220215,0.537621259689331
U,False,0.4168417155742645,0.3104563057422638,-0.032922625541687,0.5041555762290955,0.3484366238117218,-0.2893628478050232,0.4501241743564605,0.3578952252864837,0.2476970255374908,0.5228112936019897,0.5000572204589844,-0.1531924307346344,0.4768784940242767,0.5015197396278381,0.1528018414974212,0.5081727504730225,0.6141696572303772,-0.1330210715532302,0.4797482788562774,0.6053346395492554,0.2863675951957702,0.4979623258113861,0.7185389995574951,-0.1100047901272773,0.4499689042568207,0.6863089203834534,0.4468944370746612
U,False,0.426036924123764,0.3090497553348541,-0.0443619526922702,0.5132398009300232,0.3457749485969543,-0.3007810413837433,0.4562360048294067,0.3558489978313446,0.2455713748931884,0.522373378276825,0.5000008940696716,-0.1591858714818954,0.4787238240242004,0.5003296732902527,0.1587220132350921,0.5124509930610657,0.6129526495933533,-0.1490181535482406,0.4809547662734985,0.603954553604126,0.3120462894439697,0.5104708671569824,0.7166323065757751,-0.1355127543210983,0.4612971544265747,0.6870120763778687,0.490627259016037
U,False,0.4035236239433288,0.3131077885627746,-0.1020488068461418,0.487150102853775,0.3457426130771637,-0.3727818727493286,0.4445675313472748,0.3557518720626831,0.2189485728740692,0.5232982635498047,0.5016242861747742,-0.1699146628379821,0.4761929810047149,0.4991923570632934,0.169559046626091,0.4855662882328033,0.6117691397666931,-0.0994978249073028,0.4339607656002044,0.5917533040046692,0.3738898634910583,0.4928998649120331,0.7218837738037109,-0.0215697772800922,0.4267654716968536,0.6830931305885315,0.5983374118804932
U,False,0.3945397138595581,0.3110641241073608,-0.1600865423679351,0.4782014489173889,0.3445103466510772,-0.4605604410171509,0.4381542801856994,0.3499789237976074,0.1915278434753418,0.5272084474563599,0.5024796724319458,-0.2043380141258239,0.474010705947876,0.4982731640338897,0.2041187882423401,0.471030056476593,0.6087803840637207,-0.0549376010894775,0.40397709608078,0.5776498913764954,0.4143492877483368,0.4897944331169128,0.700240433216095,0.1352412551641464,0.4293720722198486,0.6680245399475098,0.7592524886131287
U,False,0.4247469305992126,0.3034850656986236,-0.0504217483103275,0.5133901834487915,0.3427208065986633,-0.2964822351932525,0.4537812769412994,0.3553180992603302,0.2225730568170547,0.5253483057022095,0.5010536909103394,-0.1463927328586578,0.4750541150569916,0.4996912777423858,0.1459001302719116,0.5077725648880005,0.6138971447944641,-0.1430254429578781,0.4709908068180084,0.6023632884025574,0.3058711588382721,0.5057407021522522,0.718201220035553,-0.1218128427863121,0.4447149336338043,0.6817491054534912,0.495364636182785
U,False,0.4296684861183166,0.3059476912021637,-0.0701195746660232,0.5127124786376953,0.3475678861141205,-0.3245595693588257,0.4589718282222748,0.357270210981369,0.2208746075630188,0.5244408845901489,0.5010339021682739,-0.1577942669391632,0.4760957360267639,0.4995401501655578,0.1573122888803482,0.5090287923812866,0.607664167881012,-0.1191693469882011,0.4745724201202392,0.5989294648170471,0.310128778219223,0.5089168548583984,0.7097497582435608,-0.0631507635116577,0.4583376944065094,0.6834635138511658,0.4997869729995727
U,False,0.4236897528171539,0.3076029121875763,-0.0640668794512748,0.5108405947685242,0.3454061150550842,-0.3143346905708313,0.4578247666358948,0.3571215569972992,0.2273983657360077,0.5228510499000549,0.5012465119361877,-0.1591517031192779,0.4760985374450683,0.5003400444984436,0.1586638391017913,0.5020986199378967,0.6124665141105652,-0.1205902099609375,0.468782365322113,0.6002837419509888,0.3084947466850281,0.5059726238250732,0.7147103548049927,-0.0664466246962547,0.4576051831245422,0.6847621202468872,0.4929611682891845
U,False,0.3912529349327087,0.3023686110973358,-0.0925619602203369,0.4782971143722534,0.3416121006011963,-0.3528876006603241,0.4323028326034546,0.3526351153850555,0.2299446910619735,0.5238648056983948,0.4999687671661377,-0.1696697771549224,0.4747088551521301,0.5003364086151123,0.1692421436309814,0.5116534233093262,0.611870527267456,-0.0968174710869789,0.4707418084144592,0.604377031326294,0.3446938395500183,0.4975940585136413,0.7169754505157471,-0.0119277220219373,0.450343906879425,0.6907210350036621,0.5546939373016357
U,False,0.3954191207885742,0.3042869567871094,-0.0546614527702331,0.4833890795707702,0.3413509726524353,-0.3243269026279449,0.4328455328941345,0.3565335273742676,0.2577753961086273,0.5224440693855286,0.4993145167827606,-0.1729433387517929,0.477229356765747,0.5021006464958191,0.1725054681301117,0.5162522196769714,0.6113572716712952,-0.1405095160007476,0.4771000742912292,0.6033803820610046,0.3326011598110199,0.510362982749939,0.7204814553260803,-0.0973389595746994,0.465724766254425,0.6919626593589783,0.5242646336555481
U,False,0.4059798717498779,0.3070155680179596,-0.0667488798499107,0.494442880153656,0.3413469791412353,-0.3307004868984222,0.4433616399765014,0.3565815687179565,0.2456028461456298,0.5237810015678406,0.4992120862007141,-0.1715524494647979,0.4773072600364685,0.5020512342453003,0.1710923165082931,0.5112522840499878,0.6137537360191345,-0.1480820178985595,0.4655258059501648,0.6019344925880432,0.3547703921794891,0.5062711238861084,0.7239335179328918,-0.1099508330225944,0.4518421292304992,0.6913185715675354,0.567064106464386
U,False,0.3551226258277893,0.2990727424621582,-0.1497431993484497,0.4240171313285827,0.3384748697280884,-0.4306853711605072,0.4082487821578979,0.3415290117263794,0.1793272644281387,0.5198098421096802,0.503833532333374,-0.1972347497940063,0.4799577593803406,0.496252030134201,0.1969881802797317,0.447354257106781,0.6047780513763428,0.0049626119434833,0.40474534034729,0.5836911797523499,0.3733591735363006,0.4640707373619079,0.7034322023391724,0.2329488396644592,0.4236297607421875,0.6714093685150146,0.665138840675354
U,False,0.413051962852478,0.2990621924400329,-0.0749745070934295,0.5001176595687866,0.3366869688034057,-0.3483405709266662,0.4462963342666626,0.3513675928115845,0.2436184287071228,0.5234397649765015,0.5001531839370728,-0.1773862689733505,0.4756240248680115,0.5009732842445374,0.1769686490297317,0.510931670665741,0.6118201613426208,-0.1095517948269844,0.4692363739013672,0.603411853313446,0.3620629608631134,0.5032446384429932,0.71466463804245,-0.0319823399186134,0.4508789777755737,0.6849513649940491,0.5807924866676331
U,False,0.4103589057922363,0.299742192029953,-0.0669467076659202,0.4968986511230469,0.3410966098308563,-0.3304688036441803,0.4512302279472351,0.3533279001712799,0.2362530678510666,0.5222808122634888,0.5005068778991699,-0.1691513508558273,0.4765800237655639,0.5010061860084534,0.1686969846487045,0.5009762644767761,0.6134318709373474,-0.1071660593152046,0.4725607633590698,0.6030079126358032,0.3222738206386566,0.4952619075775146,0.7192408442497253,-0.0356170125305652,0.4556694626808166,0.6864302754402161,0.5079246759414673
U,False,0.4192101061344147,0.3002890348434448,-0.0816913172602653,0.5098799467086792,0.3393041789531708,-0.3252294361591339,0.4437830746173858,0.3537321984767914,0.2199532240629196,0.5263863205909729,0.4996255934238434,-0.1622112244367599,0.4726375043392181,0.5007888078689575,0.1617135256528854,0.5018922686576843,0.6097226142883301,-0.1472047418355941,0.4544932544231415,0.6023955941200256,0.3229650557041168,0.4984496533870697,0.7169536352157593,-0.1093487069010734,0.4436292946338653,0.6894453763961792,0.5159807205200195
U,False,0.3581549823284149,0.3139074444770813,-0.1774395108222961,0.4304727017879486,0.3491619229316711,-0.4245263338088989,0.4085312783718109,0.3532295823097229,0.1405773311853408,0.5206725597381592,0.5026551485061646,-0.1783491969108581,0.4779061377048492,0.4976166486740112,0.1781094223260879,0.4534933269023895,0.6027219891548157,-0.1166760697960853,0.3988787233829498,0.5795448422431946,0.3074368238449096,0.4636797606945038,0.7062879800796509,0.0017651456873863,0.4046202600002289,0.6722225546836853,0.5516360402107239
U,False,0.4067257642745971,0.3018186092376709,-0.0741084739565849,0.4852995872497558,0.3411939144134521,-0.3250519335269928,0.4412378072738647,0.3552376329898834,0.2221643924713134,0.5230376720428467,0.4995062351226806,-0.1647533476352691,0.477239191532135,0.5015060305595398,0.1643060743808746,0.5014962553977966,0.6109763979911804,-0.1216116100549697,0.4667670130729675,0.6012096405029297,0.3138911426067352,0.4892460107803345,0.7204846143722534,-0.0617722906172275,0.4448152184486389,0.6896541118621826,0.511294960975647
U,False,0.4029021263122558,0.3041543364524841,-0.0624204836785793,0.4778869152069092,0.3408228754997253,-0.3216166496276855,0.4380146265029907,0.3558169901371002,0.2396317720413208,0.5207791924476624,0.4993858337402344,-0.1705462783575058,0.478698194026947,0.501638650894165,0.1700763702392578,0.5005111694335938,0.6115922927856445,-0.1330211162567138,0.4673038721084595,0.5987100601196289,0.3490520715713501,0.4905275106430053,0.7220273613929749,-0.0851652473211288,0.4463515877723694,0.6837821006774902,0.5627971291542053
U,False,0.3900393843650818,0.2952541410923004,-0.1648051738739013,0.4647700190544128,0.336360365152359,-0.4262603223323822,0.4160411357879638,0.3474921882152557,0.1762463301420211,0.5256131887435913,0.5023484230041504,-0.1876582205295562,0.4733297824859619,0.4981126189231872,0.1873161196708679,0.4707694053649902,0.6070394515991211,-0.0496844612061977,0.4146506190299988,0.5817025899887085,0.3304535150527954,0.4833563566207886,0.7021645903587341,0.144166499376297,0.4371901750564575,0.6696440577507019,0.623196542263031
U,False,0.4055742919445038,0.3024218678474426,-0.090469129383564,0.4881369769573211,0.3418938517570495,-0.3634335398674011,0.4461891949176788,0.3539055585861206,0.230184331536293,0.5245512127876282,0.5003411769866943,-0.1760690510272979,0.4766452014446258,0.5003148317337036,0.1756616234779358,0.500716507434845,0.6125132441520691,-0.0996364429593086,0.4589446485042572,0.6023268699645996,0.3538089692592621,0.4946787059307098,0.7163851261138916,-0.0084781479090452,0.4419133365154266,0.6843313574790955,0.567057728767395
U,False,0.3981782495975494,0.3050930202007293,-0.0938708633184433,0.4732918441295624,0.3422078490257263,-0.3641686141490936,0.441261738538742,0.355069637298584,0.2318373322486877,0.5197235345840454,0.4999530911445617,-0.181658074259758,0.4814484417438507,0.501623272895813,0.1812120378017425,0.4985877573490143,0.6102670431137085,-0.1030751094222068,0.4708559811115265,0.6025664210319519,0.3793777525424957,0.488966554403305,0.717979371547699,-0.0240701809525489,0.4496541917324066,0.6870282292366028,0.609144389629364
U,False,0.3983871638774872,0.299413651227951,-0.1080960780382156,0.4785647690296173,0.3397806882858276,-0.3645138442516327,0.4333191215991974,0.3520713150501251,0.2071910202503204,0.5236176252365112,0.4998601377010345,-0.1749456971883773,0.4773845374584198,0.5002013444900513,0.1745104342699051,0.5032874345779419,0.6116418242454529,-0.1340743005275726,0.4603033363819122,0.5973419547080994,0.3676099479198456,0.495812326669693,0.722190797328949,-0.0818758010864257,0.4462752640247345,0.6837841868400574,0.5943653583526611
U,False,0.3903290331363678,0.2946250140666961,-0.1851724237203598,0.4620028436183929,0.3373337686061859,-0.4601658880710602,0.4364438354969024,0.34330815076828,0.1587037444114685,0.5218226909637451,0.5038827657699585,-0.1878601461648941,0.4794915020465851,0.497715413570404,0.1875678598880767,0.4661338627338409,0.6115614771842957,-0.0009197501931339,0.416880339384079,0.5828936100006104,0.4073495268821716,0.4734022319316864,0.7080190777778625,0.1978373378515243,0.4264807999134063,0.6729632019996643,0.6917446255683899
U,False,0.3982137739658355,0.3029705286026001,-0.0949075296521186,0.4837370812892914,0.3414728045463562,-0.3527955412864685,0.4281865656375885,0.3535541892051697,0.2098310887813568,0.5241279006004333,0.4997678101062774,-0.1682124733924865,0.4747062027454376,0.5004612803459167,0.1678333431482315,0.502962052822113,0.6088511943817139,-0.1584944427013397,0.4598510563373565,0.5952908992767334,0.3260615170001983,0.4927176535129547,0.7169696688652039,-0.1232096329331398,0.4373185932636261,0.6828903555870056,0.5227169394493103
U,False,0.4069056510925293,0.3042961955070495,-0.0748913586139679,0.4857419431209564,0.3421070575714111,-0.3294446170330047,0.4422046542167663,0.3559463024139404,0.2296653985977172,0.5226873159408569,0.500029444694519,-0.1665649861097335,0.478694349527359,0.5004651546478271,0.1660988330841064,0.4998818337917328,0.6124952435493469,-0.1116281896829605,0.4657079875469208,0.5994229316711426,0.3053590357303619,0.4943242967128753,0.7169921398162842,-0.0372948423027992,0.4493462145328522,0.683780312538147,0.4893848001956939
U,False,0.3793771266937256,0.3039388358592987,-0.1053123623132705,0.4743104577064514,0.3423547148704529,-0.3502777218818664,0.4196957349777221,0.3501385152339935,0.1924215853214264,0.521647036075592,0.5008357763290405,-0.1691764891147613,0.4771905541419983,0.4995857775211334,0.1687593907117843,0.4831169247627258,0.6080683469772339,-0.1391868144273758,0.4570778012275696,0.5960512161254883,0.3587970733642578,0.4950894713401794,0.7167079448699951,-0.1036590933799743,0.4509735703468323,0.6827740669250488,0.5828588604927063
U,False,0.4145326316356659,0.3109125792980194,-0.0720749050378799,0.4951667487621307,0.3470325469970703,-0.3200483322143554,0.4443294703960418,0.3586144149303436,0.2211310267448425,0.5254958271980286,0.4998228847980499,-0.1682773232460022,0.4759731590747833,0.5004187226295471,0.1679160147905349,0.4889794886112213,0.606682300567627,-0.1871679276227951,0.4459934532642364,0.5950348377227783,0.3479100465774536,0.4796924889087677,0.7138671875,-0.193166047334671,0.4333760440349579,0.6832952499389648,0.5420975089073181
U,False,0.3585504591464996,0.3092110753059387,-0.1678352952003479,0.4320569932460785,0.3459597527980804,-0.4040128886699676,0.414359837770462,0.3447538912296295,0.1228519827127456,0.5205830335617065,0.5033103823661804,-0.1799411326646804,0.4802394807338714,0.497903436422348,0.1797215789556503,0.4666982591152191,0.6046019196510315,-0.0344573147594928,0.4186422824859619,0.5844570994377136,0.3540731072425842,0.4767827689647674,0.7014965415000916,0.1337368339300155,0.4267233908176422,0.6706796288490295,0.6304150819778442
U,False,0.389007568359375,0.3020761013031006,-0.1100813373923301,0.482692539691925,0.3409129977226257,-0.3490009307861328,0.4238177537918091,0.3513500094413757,0.1763519793748855,0.5247343182563782,0.5003955364227295,-0.1558905988931656,0.4744245409965515,0.5007578134536743,0.1553909331560135,0.516968846321106,0.6092740893363953,-0.0946837812662124,0.4725340008735657,0.597320020198822,0.3008142113685608,0.5246604681015015,0.7113626599311829,-0.0067164027132093,0.4608547687530517,0.6835468411445618,0.4877977967262268
U,False,0.3820318579673767,0.3077989220619201,-0.090707279741764,0.4722298085689544,0.341797262430191,-0.3353876769542694,0.4111323952674866,0.3596256673336029,0.2067084908485412,0.524478554725647,0.498587429523468,-0.163756787776947,0.4759338200092315,0.5019193291664124,0.1632662415504455,0.5206742882728577,0.6088122725486755,-0.1349696815013885,0.482820063829422,0.5994860529899597,0.3087423741817474,0.5268347263336182,0.7115201354026794,-0.0750054270029068,0.4768418371677398,0.6853132843971252,0.4933233857154846
U,False,0.3738508224487304,0.3086320459842682,-0.1050738096237182,0.4631424248218536,0.3436901271343231,-0.3483831882476806,0.4094993472099304,0.3568281531333923,0.1921838670969009,0.5252001285552979,0.499844878911972,-0.1640375405550003,0.473928302526474,0.5007633566856384,0.163695141673088,0.4962433278560638,0.6057435870170593,-0.1452555358409881,0.4520519077777862,0.594270646572113,0.3275272250175476,0.512351930141449,0.711897075176239,-0.1050886958837509,0.45097216963768,0.680819034576416,0.5203211307525635
U,False,0.3980242609977722,0.3065139353275299,-0.0768502280116081,0.4967595338821411,0.3414042592048645,-0.332118809223175,0.4291561245918274,0.3551681935787201,0.2371089607477188,0.5266686677932739,0.4992669522762298,-0.169496938586235,0.4733217358589172,0.5014320015907288,0.1690426170825958,0.5181419849395752,0.6126890778541565,-0.1551432162523269,0.4761629700660705,0.603899359703064,0.3589834570884704,0.5166141986846924,0.7172532081604004,-0.1187690794467926,0.4586484432220459,0.6874351501464844,0.5703431367874146
U,False,0.3823228776454925,0.3128564059734344,-0.0799165815114975,0.4623463153839111,0.3475115299224853,-0.3383401930332184,0.4225338101387024,0.3611315190792084,0.2304850220680236,0.5210959315299988,0.4989885985851288,-0.175930842757225,0.4790951609611511,0.5023788213729858,0.1755168586969375,0.5082979202270508,0.6075739860534668,-0.1312449127435684,0.4737383723258972,0.5988810658454895,0.3549279272556305,0.5043508410453796,0.7148467898368835,-0.0741670206189155,0.4626378417015075,0.6844807863235474,0.575199544429779
U,False,0.3909802734851837,0.3095407485961914,-0.0548870041966438,0.4736141562461853,0.347128301858902,-0.3175212740898132,0.4326820373535156,0.3592642843723297,0.2478221803903579,0.5226308703422546,0.4994072616100311,-0.1681062877178192,0.4785815477371216,0.5019679069519043,0.1676801145076751,0.5133697390556335,0.6097197532653809,-0.1109374687075614,0.4777426719665527,0.5990227460861206,0.3193393349647522,0.5097251534461975,0.7137530446052551,-0.0446465425193309,0.4678701162338257,0.6857211589813232,0.5029963254928589
U,False,0.4024658799171448,0.312953770160675,-0.074292317032814,0.4894726872444153,0.3454042673110962,-0.330116719007492,0.4339742064476013,0.3607728481292724,0.2338895052671432,0.5212981700897217,0.4992427229881286,-0.1718176454305648,0.4772542715072632,0.5008178353309631,0.1713599413633346,0.5069181323051453,0.607475996017456,-0.1640099585056305,0.4598536491394043,0.5936769843101501,0.3547174632549286,0.5141799449920654,0.7151710987091064,-0.1471248120069503,0.4590619206428528,0.6832912564277649,0.5550552010536194
U,False,0.3942400217056274,0.3055692017078399,-0.0753408893942833,0.4863486886024475,0.3421088755130768,-0.3493647873401642,0.4306742548942566,0.3546531498432159,0.2528004646301269,0.5236007571220398,0.4991969168186188,-0.1759620010852813,0.4773685932159424,0.5009875893592834,0.1755253672599792,0.5116575956344604,0.610724151134491,-0.1326276659965515,0.4692942500114441,0.6007112860679626,0.3553967773914337,0.5144303441047668,0.7163421511650085,-0.0711022764444351,0.4577542543411255,0.6870592832565308,0.560070276260376
U,False,0.3897367119789123,0.312554657459259,-0.0754108428955078,0.4824009835720062,0.3470137119293213,-0.3319502770900726,0.4315433800220489,0.3569214642047882,0.2160741239786148,0.5249730944633484,0.4995361864566803,-0.1591031849384308,0.475607305765152,0.5019031167030334,0.1587874889373779,0.5110857486724854,0.6105594038963318,-0.1125620976090431,0.4739303290843963,0.6025470495223999,0.3275814652442932,0.5033619999885559,0.7184694409370422,-0.0580302663147449,0.4558695256710052,0.6850144267082214,0.5246261358261108
U,False,0.3920727372169494,0.3122083842754364,-0.0929561853408813,0.4842924177646637,0.3472659289836883,-0.3390913903713226,0.4265625178813934,0.3565297424793243,0.1993116438388824,0.525347113609314,0.4997052252292633,-0.1535374373197555,0.4756007492542267,0.501670777797699,0.1530571430921554,0.5170570611953735,0.6127669811248779,-0.0883655250072479,0.479116827249527,0.6030603647232056,0.312283992767334,0.523296058177948,0.7160247564315796,-0.0093508921563625,0.4635856449604034,0.6840240359306335,0.5079430937767029
U,False,0.5509600639343262,0.3028702437877655,-0.1685193181037902,0.5380541682243347,0.3582655489444732,0.2003073841333389,0.4639970660209656,0.3452763557434082,-0.3737140893936157,0.5261035561561584,0.5007163286209106,0.1666968911886215,0.4753389358520508,0.5009441375732422,-0.1669313758611679,0.5238395929336548,0.6009967923164368,0.3636506795883178,0.4587163627147674,0.6119069457054138,-0.1126480475068092,0.5240267515182495,0.6884922981262207,0.611848771572113,0.4534116387367248,0.7155871391296387,-0.002890195697546
U,False,0.5796482563018799,0.3023814260959625,-0.2539471089839935,0.5637279748916626,0.3563900291919708,0.144668161869049,0.4913153350353241,0.3452617824077606,-0.3816318213939667,0.5288218855857849,0.5000767707824707,0.1615260243415832,0.4716925323009491,0.5001556277275085,-0.1616909950971603,0.5375832319259644,0.5994722247123718,0.3790924251079559,0.4775842726230621,0.6093763709068298,-0.1332119256258011,0.5601704716682434,0.6888597011566162,0.6447447538375854,0.4888008832931518,0.7178465127944946,-0.0654213652014732
U,False,0.5744431614875793,0.299609899520874,-0.2163630574941635,0.5532957315444946,0.354793518781662,0.148125022649765,0.4859351515769958,0.3429621160030365,-0.3773864209651947,0.5279069542884827,0.5009433031082153,0.1599760800600052,0.4720377624034881,0.5004993081092834,-0.1601069718599319,0.5351071953773499,0.5997741222381592,0.3834432065486908,0.4792737066745758,0.6111090183258057,-0.0727181285619735,0.5511346459388733,0.6853667497634888,0.6506879925727844,0.4780818223953247,0.7142468094825745,0.0373576544225215
U,False,0.5980824828147888,0.3085391223430633,-0.1584353446960449,0.5628610253334045,0.3572766482830047,0.1629044562578201,0.5132631659507751,0.3447223305702209,-0.3603069484233856,0.5258979797363281,0.5005698800086975,0.1614831835031509,0.47414231300354,0.5001566410064697,-0.1615930795669555,0.5672917366027832,0.595630407333374,0.3139911890029907,0.5099349021911621,0.6091011166572571,-0.084450751543045,0.571611762046814,0.6831872463226318,0.5401359796524048,0.5037226676940918,0.71397864818573,0.0312302038073539
U,False,0.6065540313720703,0.3108931481838226,-0.2258252799510955,0.576549232006073,0.3585633933544159,0.1459891498088836,0.5198378562927246,0.3476594388484955,-0.3826224207878113,0.5287653803825378,0.5014597773551941,0.1599024087190628,0.4721723198890686,0.500176191329956,-0.1598699539899826,0.5950813889503479,0.5864265561103821,0.2174898087978363,0.5337154865264893,0.6055116653442383,-0.0736355558037757,0.5583106279373169,0.6796809434890747,0.414610356092453,0.5116853713989258,0.7005257606506348,0.0882380604743957
U,False,0.5618288516998291,0.2999082505702972,-0.2409105747938156,0.5645712018013,0.3613196313381195,0.1476887166500091,0.4872825443744659,0.344901829957962,-0.3499189615249634,0.529113233089447,0.5014969706535339,0.1555652767419815,0.4698950350284576,0.4999907612800598,-0.1557447016239166,0.5416550636291504,0.6022267937660217,0.3068787753582001,0.4837439060211181,0.6118968725204468,-0.1098373085260391,0.5613585114479065,0.6915645599365234,0.5364877581596375,0.4924762547016144,0.7177966833114624,-0.0113892471417784
U,False,0.5551121234893799,0.3017663359642029,-0.2559162378311157,0.5614144206047058,0.3589212596416473,0.1787767857313156,0.4827238023281097,0.346004456281662,-0.3743458986282348,0.5280086994171143,0.5002449750900269,0.1722862720489502,0.4724533259868622,0.5000218749046326,-0.1725157052278518,0.5361664891242981,0.5968769192695618,0.3156905770301819,0.4801366329193115,0.6081427335739136,-0.1080173775553703,0.5523716807365417,0.6867477297782898,0.5560621023178101,0.4830386042594909,0.711629331111908,0.0294832214713096
U,False,0.5682238936424255,0.3003045618534088,-0.2126598507165908,0.5644059181213379,0.3576928675174713,0.1531946361064911,0.4851880371570587,0.3444666266441345,-0.338243156671524,0.5297493934631348,0.500557005405426,0.1515333503484726,0.4710531532764435,0.500062108039856,-0.1516386270523071,0.5426904559135437,0.5957795977592468,0.2714931070804596,0.4862833023071289,0.6081424355506897,-0.0537339895963668,0.5579864978790283,0.6831088662147522,0.4790566563606262,0.490707516670227,0.7087627053260803,0.0824839174747467
U,False,0.6016488671302795,0.2985490560531616,-0.1714543402194976,0.5774231553077698,0.3585219979286194,0.1476348936557769,0.5192885398864746,0.3420753479003906,-0.3629400134086609,0.5274025201797485,0.5015096068382263,0.1604015380144119,0.472987949848175,0.4989364147186279,-0.1604147404432296,0.5331082940101624,0.6018178462982178,0.3096900582313537,0.4837878346443176,0.6106159090995789,-0.0536568090319633,0.5565601587295532,0.6877158284187317,0.5293224453926086,0.4860378503799438,0.7138921618461609,0.0787429139018058
U,False,0.5972180962562561,0.302370935678482,-0.2161536812782287,0.5810106992721558,0.3611045479774475,0.166097491979599,0.516987681388855,0.3411310613155365,-0.3409425020217895,0.5265612006187439,0.5020154118537903,0.158536747097969,0.4725768268108368,0.4993962943553924,-0.1586441099643707,0.5309867858886719,0.6026718616485596,0.280136376619339,0.4829156100749969,0.6112196445465088,-0.0801322683691978,0.546017587184906,0.6892130374908447,0.4864188134670257,0.4751747846603393,0.7140899896621704,0.0309900175780057
U,False,0.5903917551040649,0.2997499704360962,-0.1669731438159942,0.5740236043930054,0.3607217073440552,0.1777820438146591,0.509573221206665,0.3400139808654785,-0.3382490277290344,0.527348518371582,0.5018052458763123,0.1584116965532302,0.4717175662517547,0.4982350170612335,-0.1584635227918625,0.5439866185188293,0.599594235420227,0.2830602526664734,0.4873289167881012,0.6113001108169556,-0.1028731986880302,0.5615090727806091,0.6887328028678894,0.4936792552471161,0.4882571101188659,0.7176465392112732,-0.0175323281437158
U,False,0.6390441656112671,0.3051708340644836,-0.1200421452522277,0.6006878614425659,0.3571454286575317,0.1614539921283722,0.566797137260437,0.3453109562397003,-0.3554674685001373,0.5278339385986328,0.4995084702968597,0.1613668799400329,0.4716840088367462,0.50174880027771,-0.1612526625394821,0.5896134972572327,0.5851805210113525,0.2573386430740356,0.5405063033103943,0.5998792052268982,-0.0352112911641597,0.5794709920883179,0.6745914816856384,0.4649387001991272,0.522618293762207,0.7018239498138428,0.1306331157684326
U,False,0.5770822167396545,0.2961955070495605,-0.2574151754379272,0.5700349807739258,0.3543479740619659,0.1335661262273788,0.5000328421592712,0.3370928764343261,-0.3399053514003753,0.5271667242050171,0.5012771487236023,0.1500940173864364,0.4715536236763,0.4992117285728454,-0.1502673625946045,0.5439534187316895,0.6005951166152954,0.294298768043518,0.479922890663147,0.6120319366455078,-0.0534241385757923,0.5550166368484497,0.6899698376655579,0.5109245181083679,0.4855773150920868,0.7173524498939514,0.0744367390871048
U,False,0.5832887291908264,0.2929361164569855,-0.2089213281869888,0.5698125958442688,0.3557327389717102,0.1585175991058349,0.5034664869308472,0.337577760219574,-0.3582960069179535,0.5269168615341187,0.5014435052871704,0.1607722342014312,0.4727205634117126,0.4999988377094269,-0.1608761250972747,0.5454292297363281,0.5988879799842834,0.3225438296794891,0.4823988378047943,0.6109800338745117,-0.0717527940869331,0.5608497858047485,0.6880217790603638,0.5609061121940613,0.4889192581176758,0.7159363031387329,0.045265506953001
U,False,0.5779476761817932,0.2941805422306061,-0.1954598724842071,0.5682430863380432,0.3562327921390533,0.1741860508918762,0.4976007044315338,0.3384014368057251,-0.3558661341667175,0.5280687212944031,0.5010219216346741,0.1604257375001907,0.4730689823627472,0.5000742077827454,-0.1605161875486374,0.5495156049728394,0.5980339646339417,0.3128888309001922,0.4894514977931976,0.6120749711990356,-0.0947359055280685,0.5641640424728394,0.6887830495834351,0.5501055121421814,0.4916623830795288,0.7180745005607605,0.0076114479452371
U,False,0.6378306150436401,0.3134850263595581,-0.1698638349771499,0.597425103187561,0.3612950444221496,0.1244859620928764,0.5678994655609131,0.3520213663578033,-0.369249165058136,0.5271477103233337,0.4993329048156738,0.1627725809812545,0.473616361618042,0.5017947554588318,-0.1627987176179886,0.5953665971755981,0.585425853729248,0.2483310997486114,0.5375409722328186,0.601804256439209,-0.0579673983156681,0.5951823592185974,0.6747459769248962,0.4357754290103912,0.5258458256721497,0.7085292339324951,0.0895194038748741
U,False,0.5814494490623474,0.2937797307968139,-0.2456556558609008,0.5805899500846863,0.355926901102066,0.1551989465951919,0.5105440020561218,0.3380806744098663,-0.3457638621330261,0.5286964774131775,0.5014576315879822,0.158904954791069,0.4710557758808136,0.4991885721683502,-0.1590267419815063,0.5445259213447571,0.6011572480201721,0.2709291875362396,0.4931527376174927,0.6132104396820068,-0.0650570094585418,0.5590713620185852,0.6883232593536377,0.4786860346794128,0.497833639383316,0.7145285606384277,0.0695585831999778
U,False,0.5893797874450684,0.2997689545154571,-0.1959203481674194,0.5822831988334656,0.3605101406574249,0.1642885208129882,0.5153120160102844,0.3403730392456054,-0.3488824665546417,0.5300219655036926,0.5010136961936951,0.1540240198373794,0.4692243635654449,0.4990099966526031,-0.1540465801954269,0.5386536717414856,0.5968143939971924,0.2805154323577881,0.4887065589427948,0.606893002986908,-0.1051364168524742,0.5637127161026001,0.6851858496665955,0.5021469593048096,0.4881323873996734,0.7143113017082214,-0.010989879257977
U,False,0.600117027759552,0.3023243546485901,-0.2199127227067947,0.5922706127166748,0.3584855198860168,0.124260663986206,0.5305782556533813,0.3434897065162658,-0.3873986005783081,0.5299110412597656,0.5000417828559875,0.1569693833589553,0.4708686470985412,0.5008990168571472,-0.1569698452949524,0.5889489054679871,0.5866576433181763,0.2705740928649902,0.5255941152572632,0.6039950251579285,-0.0216989908367395,0.572858989238739,0.6724548935890198,0.502447783946991,0.5052120089530945,0.7051464915275574,0.1664994657039642
U,False,0.584071159362793,0.3046198189258575,-0.1139357760548591,0.5692585110664368,0.3564966320991516,0.1850581169128418,0.5217229127883911,0.3422927260398865,-0.3444100320339203,0.524808943271637,0.5004538893699646,0.1620283424854278,0.4749105274677276,0.5010775923728943,-0.1619570702314376,0.5403388142585754,0.5974341034889221,0.2274294197559356,0.500341534614563,0.6098549962043762,-0.0851984396576881,0.5596572160720825,0.6835290193557739,0.3998660445213318,0.4999157786369324,0.7170467376708984,0.0309155099093914
U,False,0.590610921382904,0.303841084241867,-0.1598906815052032,0.5742529034614563,0.3613094091415405,0.1669807136058807,0.5145792365074158,0.343502402305603,-0.332349419593811,0.5270956158638,0.5010999441146851,0.1554361432790756,0.4722655415534973,0.5000671744346619,-0.1554567217826843,0.5385848879814148,0.6010309457778931,0.2513696551322937,0.4928856492042541,0.6123541593551636,-0.0953817442059516,0.5596531629562378,0.6866333484649658,0.4401848614215851,0.4902247488498688,0.7162342071533203,-0.0051592648960649
U,False,0.5960637331008911,0.2995900511741638,-0.1450540274381637,0.576546311378479,0.357744425535202,0.1803073585033416,0.5207423567771912,0.3399070501327514,-0.3399114608764648,0.5255292654037476,0.5008568167686462,0.16248419880867,0.4737073481082916,0.4997704923152923,-0.1625221818685531,0.5416057109832764,0.5981670022010803,0.2821572721004486,0.4925929605960846,0.6111928224563599,-0.0786241963505745,0.5597891807556152,0.6851488947868347,0.4836463630199432,0.4932401180267334,0.715676486492157,0.0275601986795663
U,False,0.6053280234336853,0.2962895035743713,-0.1040204390883445,0.5822287201881409,0.3541571199893951,0.1760351955890655,0.5361314415931702,0.336270809173584,-0.3296246528625488,0.5252277851104736,0.5009077787399292,0.1589537858963012,0.4743375778198242,0.5006079077720642,-0.1588983833789825,0.5808479189872742,0.5842111110687256,0.2526209056377411,0.5303434133529663,0.6024277210235596,-0.0279755629599094,0.5759860873222351,0.6722778677940369,0.4499930739402771,0.5169898271560669,0.706829309463501,0.1184059679508209
U,False,0.59332275390625,0.3015616238117218,-0.2178890258073806,0.5857192873954773,0.3620851039886474,0.1483960598707199,0.5121680498123169,0.3426432907581329,-0.3370371162891388,0.5302834510803223,0.5016874670982361,0.1516492813825607,0.4706927239894867,0.4999649226665497,-0.1517155319452285,0.5453194975852966,0.5989043712615967,0.2807669639587402,0.4920650422573089,0.6104989051818848,-0.1018994003534317,0.5622184872627258,0.6847856044769287,0.4935717284679413,0.4976911246776581,0.7142788171768188,-0.0211333408951759
U,False,0.5865605473518372,0.3090338110923767,-0.1881115883588791,0.5752243399620056,0.3652709424495697,0.181375578045845,0.5124697089195251,0.3467679917812347,-0.3217686712741852,0.5263150930404663,0.5010685920715332,0.1528614908456802,0.4742526113986969,0.4989978075027466,-0.1529179662466049,0.5408092141151428,0.5991761684417725,0.2542383074760437,0.4936964511871338,0.6107728481292725,-0.1242827773094177,0.5611732006072998,0.6869732737541199,0.4410807192325592,0.5008417367935181,0.7166826725006104,-0.0706215351819992
U,False,0.620110809803009,0.3045389354228973,-0.210310086607933,0.5920665264129639,0.3558436334133148,0.1361236721277237,0.5289182066917419,0.3410626053810119,-0.3358047902584076,0.529450535774231,0.5020054578781128,0.149245023727417,0.469824880361557,0.4992336332798004,-0.1493270099163055,0.5572243928909302,0.6017409563064575,0.276047796010971,0.5012528300285339,0.6108818650245667,-0.0740647614002227,0.5642844438552856,0.6881034970283508,0.4837377071380615,0.490492582321167,0.7184154987335205,0.0230976119637489
U,False,0.5760166645050049,0.3056501746177673,-0.2025767862796783,0.5720848441123962,0.3628345727920532,0.1737029999494552,0.5071182250976562,0.346489816904068,-0.3348299860954284,0.5276750326156616,0.5009218454360962,0.1521735787391662,0.4729161858558655,0.5001396536827087,-0.1522141695022583,0.553266704082489,0.5968720316886902,0.2416093200445175,0.5036031007766724,0.6080666184425354,-0.1111948117613792,0.5663248896598816,0.6861369609832764,0.4291960895061493,0.5065078735351562,0.7120746374130249,-0.0202663205564022
U,False,0.6431697607040405,0.3079706728458404,-0.1494929790496826,0.6094213128089905,0.3620208203792572,0.1424851715564727,0.5704860091209412,0.3477115333080292,-0.3925969898700714,0.5266938209533691,0.4984709024429321,0.1676108688116073,0.4726361930370331,0.503007709980011,-0.1674728989601135,0.586557924747467,0.5812082290649414,0.2951509952545166,0.529475212097168,0.5995683073997498,-0.0142099680379033,0.5819193124771118,0.6740922331809998,0.524867832660675,0.5190134048461914,0.6990694403648376,0.1700131148099899
U,False,0.6007214188575745,0.298962265253067,-0.2177383154630661,0.5877370834350586,0.3573889434337616,0.1419236063957214,0.5211540460586548,0.3393207788467407,-0.326439768075943,0.5262145400047302,0.501644492149353,0.1552604287862777,0.4727343320846557,0.4994423985481262,-0.1553898751735687,0.5353363156318665,0.5971255898475647,0.2891108095645904,0.4815434217453003,0.6094453930854797,-0.0403468199074268,0.5418330430984497,0.6819299459457397,0.4833678603172302,0.4762723743915558,0.7123416662216187,0.0884625315666198
U,False,0.6155314445495605,0.3071784675121307,-0.2239823788404464,0.596632182598114,0.3680653870105743,0.1584202051162719,0.5327981114387512,0.3442061245441437,-0.3322714567184448,0.5263065695762634,0.502620279788971,0.1553445607423782,0.4732961058616638,0.4977856576442718,-0.1554550528526306,0.5270402431488037,0.6002468466758728,0.2382910102605819,0.4760123491287231,0.6095484495162964,-0.0605810619890689,0.533113956451416,0.6866286396980286,0.420321375131607,0.464724063873291,0.7057873010635376,0.0788552612066268
U,False,0.6146383881568909,0.3056839108467102,-0.2152827233076095,0.5920430421829224,0.3633140027523041,0.1550510972738266,0.5349161028862,0.3423205912113189,-0.3412672579288482,0.5272740125656128,0.5018573999404907,0.1539293974637985,0.4714840650558471,0.4994330108165741,-0.1540338546037674,0.5439903140068054,0.5967135429382324,0.2964858710765838,0.4959497451782226,0.6069400906562805,-0.0661178156733512,0.543219268321991,0.680370569229126,0.5186903476715088,0.4787548780441284,0.7090725302696228,0.0463878735899925
U,False,0.5977468490600586,0.3017945885658264,-0.2422278970479965,0.5820322632789612,0.357025146484375,0.1605242490768432,0.5022559762001038,0.3406824469566345,-0.3528046607971191,0.5294008851051331,0.5012738108634949,0.1602681279182434,0.470828652381897,0.4989405870437622,-0.1604091227054596,0.5365872383117676,0.5998986959457397,0.3282755315303802,0.4710020124912262,0.6113714575767517,-0.1238702610135078,0.5435293316841125,0.6879289746284485,0.5765296816825867,0.4678485095500946,0.7161226272583008,-0.051623947918415
U,False,0.6045175790786743,0.3112395703792572,-0.2665781378746032,0.5940007567405701,0.3689383864402771,0.1526221632957458,0.5303526520729065,0.3488651216030121,-0.3338873386383056,0.5266151428222656,0.5027034282684326,0.1521264910697937,0.4728027582168579,0.4986418783664703,-0.1523134261369705,0.5335396528244019,0.6000457406044006,0.2544939815998077,0.4835695624351501,0.6082297563552856,-0.0870380029082298,0.5498507022857666,0.6865286827087402,0.4473108947277069,0.4814338088035583,0.7094970941543579,0.016592314466834
U,False,0.6020839810371399,0.3078177571296692,-0.2640828788280487,0.5906462073326111,0.3644426763057709,0.1513836830854416,0.5230776071548462,0.3459598124027252,-0.3427713513374328,0.5276257991790771,0.5019403696060181,0.1565327644348144,0.4719004333019256,0.4985352456569671,-0.1567115932703018,0.5332346558570862,0.598972499370575,0.3007689714431762,0.4809111356735229,0.608427882194519,-0.0935928225517273,0.5433056950569153,0.6844919323921204,0.5250322222709656,0.4749922454357147,0.7085670828819275,0.0063125016167759
U,False,0.5942251682281494,0.3054911196231842,-0.2783351838588714,0.5915868282318115,0.36309614777565,0.1388942301273346,0.5145606994628906,0.3435163795948028,-0.3578859269618988,0.5288546085357666,0.5013866424560547,0.1527780592441558,0.4698936641216278,0.4989687800407409,-0.1528806537389755,0.5455684065818787,0.5945284962654114,0.3076288998126983,0.4914892613887787,0.604804515838623,-0.0858034119009971,0.5479069948196411,0.6812122464179993,0.5504827499389648,0.4798302352428436,0.7124366760253906,0.016863789409399
U,False,0.6031370759010315,0.3037920296192169,-0.2094599306583404,0.5733028054237366,0.3592386245727539,0.1560388505458831,0.5078912973403931,0.3409647047519684,-0.3804518282413482,0.5263341069221497,0.5017933249473572,0.159319207072258,0.472382515668869,0.4997596740722656,-0.1594350188970565,0.5374540090560913,0.5981342792510986,0.3437195420265198,0.4779292047023773,0.6083105206489563,-0.0858474820852279,0.5502299666404724,0.6867464780807495,0.5893238186836243,0.4749031066894531,0.7157970070838928,0.0160269383341074
U,False,0.6063042879104614,0.3062731325626373,-0.1830257177352905,0.5816795825958252,0.3594246804714203,0.1341872662305832,0.5224969387054443,0.3444708287715912,-0.3458772003650665,0.5289540886878967,0.5020015835762024,0.1481410264968872,0.4705463349819183,0.4987001419067383,-0.148172914981842,0.5291551947593689,0.6026641726493835,0.2315813302993774,0.4850122630596161,0.6104658246040344,-0.0584402792155742,0.5521795153617859,0.6896958351135254,0.3967885971069336,0.4846424162387848,0.7149208188056946,0.0836238488554954
U,False,0.5985084772109985,0.3120157718658447,-0.1984383314847946,0.5796495079994202,0.3661474287509918,0.1438655406236648,0.5100488066673279,0.3487016260623932,-0.3403635919094085,0.5287695527076721,0.5027187466621399,0.1478481143712997,0.4721131920814514,0.4984709322452545,-0.1479129791259765,0.5240256190299988,0.6027528047561646,0.2823931574821472,0.4789036512374878,0.6100736260414124,-0.113327719271183,0.5400521159172058,0.6883863806724548,0.4863730072975158,0.4691808223724365,0.7099910378456116,-0.0250936318188905
U,False,0.3862768113613128,0.3187111616134643,-0.1138726249337196,0.4760217368602752,0.3467074632644653,-0.3655312359333038,0.4254664480686188,0.358570247888565,0.2044243663549423,0.5256016850471497,0.4999383985996246,-0.1611151248216629,0.4756510555744171,0.5002716779708862,0.1608158648014068,0.5364061594009399,0.5974327325820923,-0.0857378542423248,0.4585830867290497,0.5898308753967285,0.3748059570789337,0.5402916073799133,0.6989898681640625,0.0042501646094024,0.4562274515628814,0.6740448474884033,0.6089645624160767
U,False,0.414020836353302,0.3097977638244629,-0.118356168270111,0.4983695149421692,0.33931565284729,-0.3728411197662353,0.4427489042282104,0.3558895289897918,0.2171771973371505,0.5239217877388,0.5016012787818909,-0.1768561452627182,0.4766215682029724,0.499967873096466,0.1764573007822036,0.5322083830833435,0.5979222655296326,-0.1018150523304939,0.4627418518066406,0.5848596692085266,0.3718366026878357,0.5538725256919861,0.6959987282752991,0.0016457140445709,0.4687148332595825,0.6665521264076233,0.5981853008270264
U,False,0.4951145648956299,0.3146037757396698,-0.4090649783611297,0.521746039390564,0.3439183235168457,-0.3603300154209137,0.4394867420196533,0.3590802848339081,0.1002602279186248,0.5298593640327454,0.5018435716629028,-0.1408751755952835,0.4708682894706726,0.4983669519424438,0.1405250281095504,0.5093949437141418,0.6000128984451294,-0.0558417700231075,0.4285575747489929,0.5843369364738464,0.3157431781291961,0.5132995247840881,0.6938084363937378,0.1502417176961898,0.4403102993965149,0.6623633503913879,0.5856958031654358
U,False,0.4165297448635101,0.3230701386928558,-0.0857871696352958,0.4884802997112274,0.3545651137828827,-0.319815844297409,0.4486475884914398,0.3660676777362823,0.214426502585411,0.5224732756614685,0.499699592590332,-0.1552681177854538,0.4763613641262054,0.5010335445404053,0.1549609750509262,0.5117735266685486,0.5973113775253296,-0.0990965440869331,0.4656597077846527,0.5902165770530701,0.2791260778903961,0.5086952447891235,0.6931594014167786,-0.0152619341388344,0.4686272442340851,0.6731325387954712,0.4347456097602844
U,False,0.3706221580505371,0.3281159400939941,-0.1358673274517059,0.4562572836875915,0.3490429222583771,-0.3692680299282074,0.4118134379386902,0.3668403029441833,0.1782158464193344,0.5226358771324158,0.4996648728847503,-0.1595888137817382,0.4787042140960693,0.5010727643966675,0.1592595279216766,0.5087727308273315,0.5985314846038818,-0.0449502021074295,0.4690424799919128,0.5917235016822815,0.29188072681427,0.4954867362976074,0.6929094791412354,0.0948647037148475,0.4632003307342529,0.6765035390853882,0.4698469042778015
U,False,0.3494024574756622,0.3307268619537353,-0.1101620718836784,0.4422557055950165,0.3471480309963226,-0.3536981046199798,0.390234500169754,0.3718012571334839,0.2051638066768646,0.5255767107009888,0.4984100461006164,-0.1649408191442489,0.4739053547382355,0.5020118951797485,0.1646753996610641,0.5006048083305359,0.5971495509147644,-0.1203012838959693,0.4359110295772552,0.5821192264556885,0.3691175878047943,0.5155231952667236,0.6943449974060059,-0.0477994009852409,0.4346813857555389,0.6673558354377747,0.590625524520874
U,False,0.6150673031806946,0.3165194392204284,-0.1997107863426208,0.576740026473999,0.3635860085487366,0.155638188123703,0.5321718454360962,0.3440841734409332,-0.3590006828308105,0.525157630443573,0.5012018084526062,0.1496046930551529,0.4749724566936493,0.4996396899223327,-0.1497042030096054,0.5396536588668823,0.5902974605560303,0.2853772342205047,0.4580311477184295,0.5965170860290527,-0.0051217237487435,0.5458891987800598,0.6737156510353088,0.4973008334636688,0.4591428935527801,0.696714460849762,0.1674563586711883
U,False,0.5899121761322021,0.315372109413147,-0.2392022013664245,0.5682002305984497,0.3636103272438049,0.1834653615951538,0.5136484503746033,0.3420020937919616,-0.3686949908733368,0.5249944925308228,0.5015407204627991,0.1633235514163971,0.4747421443462372,0.5000219941139221,-0.163536325097084,0.5364511013031006,0.5930601358413696,0.3067871034145355,0.4602341055870056,0.5994653105735779,-0.0571449548006057,0.5294454097747803,0.6789332628250122,0.5469508767127991,0.450025737285614,0.7003099322319031,0.0914095118641853
U,False,0.5005379319190979,0.3111067414283752,-0.3575857281684875,0.5691049695014954,0.359156459569931,0.0798508524894714,0.4760397374629974,0.3426898121833801,-0.266334593296051,0.5357958674430847,0.5007256269454956,0.1198817044496536,0.464498221874237,0.4999453723430633,-0.1200365722179412,0.573304295539856,0.5866718888282776,0.2064901441335678,0.4872885942459106,0.5968722105026245,-0.099237285554409,0.5550994873046875,0.6624077558517456,0.4540092051029205,0.4896197319030761,0.6925681233406067,0.0147022698074579
U,False,0.5783992409706116,0.3187725245952606,-0.1897027790546417,0.5655046105384827,0.3682771623134613,0.1731200963258743,0.5107308030128479,0.3503271043300628,-0.304558128118515,0.5225270390510559,0.5015853643417358,0.1430374681949615,0.4773003160953522,0.4990341067314148,-0.1431604325771331,0.5338204503059387,0.5890564322471619,0.2295060157775879,0.4805834889411926,0.5946536064147949,-0.0333093777298927,0.5287364721298218,0.6753323674201965,0.4152710735797882,0.4944999814033508,0.690453290939331,0.1132719740271568
U,False,0.6237236261367798,0.3273530304431915,-0.1155267879366874,0.5931788682937622,0.3719673454761505,0.1924118101596832,0.5478591322898865,0.3493810892105102,-0.3027023673057556,0.5220063328742981,0.503124475479126,0.1485117524862289,0.4769628345966339,0.4982116222381592,-0.1485495418310165,0.5323991775512695,0.5900117754936218,0.2260293662548065,0.4900650382041931,0.5914208889007568,-0.0351182334125041,0.5324453711509705,0.6798278093338013,0.4111337065696716,0.4953743517398834,0.6884856224060059,0.1144637912511825
U,False,0.6426496505737305,0.3335770666599273,-0.0845108106732368,0.6094063520431519,0.3734632134437561,0.2288087308406829,0.5695044994354248,0.3476432263851166,-0.3144268989562988,0.5264952182769775,0.5029029846191406,0.1635167300701141,0.4733195006847381,0.4977251589298248,-0.1635579168796539,0.5711110234260559,0.5833213925361633,0.2124626487493515,0.4956604242324829,0.5935511589050293,-0.0820825845003128,0.5712596774101257,0.6671030521392822,0.4208452999591827,0.4792690873146057,0.6920225024223328,0.0598604381084442
U,False,0.3819376528263092,0.3268480598926544,-0.2249681502580642,0.4702249467372894,0.3538086712360382,-0.4373641908168793,0.4074552953243255,0.3715681433677673,0.098745085299015,0.5249200463294983,0.5010634064674377,-0.1549027115106582,0.4761065542697906,0.4999285042285919,0.1546665728092193,0.4702168405056,0.5883104801177979,-0.0353383719921112,0.4281881153583526,0.5748940706253052,0.3241091668605804,0.4546804130077362,0.6729883551597595,0.1445888131856918,0.4289213120937347,0.6581082940101624,0.5458366870880127
U,False,0.4423382878303528,0.3186018764972687,-0.1451122462749481,0.5132214426994324,0.3561716675758362,-0.3574343025684356,0.4636484980583191,0.3676884770393371,0.1825974732637405,0.5209336876869202,0.5003149509429932,-0.1623277813196182,0.4775993824005127,0.4997134804725647,0.1620760113000869,0.5034830570220947,0.5969101190567017,-0.1000533625483512,0.4580474495887756,0.5883877277374268,0.3110328316688537,0.4926908612251282,0.6880335211753845,0.0075445766560733,0.4610713720321655,0.6706555485725403,0.4915096163749695
U,False,0.383431077003479,0.3348983526229858,-0.2278960794210434,0.4629584550857544,0.3613571226596832,-0.4193793833255768,0.4123260378837585,0.3772826194763183,0.0912397876381874,0.5228465795516968,0.5006948709487915,-0.1473295837640762,0.4762682914733886,0.500760018825531,0.1470545530319214,0.4853185415267944,0.593658983707428,-0.0663993507623672,0.4522830247879028,0.5849852561950684,0.2616706788539886,0.46221923828125,0.6876360177993774,0.0706050470471382,0.4407020211219787,0.67485511302948,0.4177727699279785
U,False,0.3243125379085541,0.3747816979885101,-0.1612381339073181,0.4232925474643707,0.3672877550125122,-0.3745953142642975,0.3914409577846527,0.3851180076599121,0.129710391163826,0.5256984829902649,0.4995054900646209,-0.1450710743665695,0.4756670892238617,0.5013158321380615,0.1451035439968109,0.4870169460773468,0.5928531289100647,-0.0407591573894023,0.435495525598526,0.5840488076210022,0.2150706946849823,0.4557064473628998,0.6791204810142517,0.1274801790714264,0.4280763566493988,0.6686859726905823,0.3974578082561493
U,False,0.3689322769641876,0.3535024523735046,-0.1859779804944992,0.4721869826316833,0.3560537993907928,-0.410578578710556,0.4121301174163818,0.3750266432762146,0.1432812362909317,0.5258715152740479,0.499490737915039,-0.1580999344587326,0.4747886061668396,0.5015943050384521,0.1579526960849762,0.4898386597633362,0.5961179733276367,-0.0587182827293872,0.4543179273605346,0.5890117883682251,0.2940761744976043,0.4660276770591736,0.6857035756111145,0.0982298776507377,0.4415258169174194,0.6746726036071777,0.4761829078197479
U,False,0.4029586613178253,0.3421863317489624,-0.1591412425041198,0.500579297542572,0.3527498245239258,-0.3902842104434967,0.4388929605484009,0.3701335489749908,0.1858830899000167,0.5250687003135681,0.5000964999198914,-0.1662581861019134,0.4762477874755859,0.5001598000526428,0.1661008447408676,0.4902090430259704,0.5948022603988647,-0.0212819818407297,0.4544757008552551,0.5874693393707275,0.3209586441516876,0.4869394898414612,0.6840423345565796,0.1654990017414093,0.4597777128219604,0.6695643663406372,0.5221986770629883
U,False,0.3933112621307373,0.3306707143783569,-0.1362025737762451,0.4658035933971405,0.3580070734024048,-0.3762956857681274,0.4330886900424957,0.3721550107002258,0.1768096089363098,0.518387496471405,0.4998843371868133,-0.1672081053256988,0.4813069999217987,0.5013577938079834,0.166990265250206,0.512201189994812,0.5926662683486938,-0.0487713068723678,0.4767539799213409,0.5895439386367798,0.3159189820289612,0.5075763463973999,0.6873365044593811,0.0926514714956283,0.4828683733940124,0.674277663230896,0.5038576126098633
U,False,0.4258473515510559,0.3303512036800384,-0.1618817001581192,0.4980380237102508,0.3602398931980133,-0.403327465057373,0.4576601386070251,0.3750443756580353,0.1842948943376541,0.5177722573280334,0.5002893805503845,-0.1821344494819641,0.4830793142318725,0.5006591081619263,0.1819513589143753,0.5059563517570496,0.5945722460746765,-0.0652026236057281,0.4753270149230957,0.590273380279541,0.3142887949943542,0.5250247120857239,0.687578022480011,0.0837312564253807,0.4982694089412689,0.6742917895317078,0.4974924921989441
U,False,0.4094820022583008,0.3277385234832763,-0.1865491569042205,0.4886159300804138,0.3576227128505707,-0.4200849533081054,0.4348545372486114,0.3716524541378021,0.1569202989339828,0.5215781331062317,0.5004052519798279,-0.1757670044898986,0.4782218337059021,0.5011900663375854,0.1754894703626632,0.5260929465293884,0.5937726497650146,-0.0488385967910289,0.4822467267513275,0.5877172946929932,0.3316608071327209,0.5319147706031799,0.6828741431236267,0.1220354214310646,0.5024200677871704,0.6701682209968567,0.5356249213218689
U,False,0.4082958102226257,0.3329358398914337,-0.1919864863157272,0.4883922040462494,0.3601870536804199,-0.4006719887256622,0.4336056113243103,0.3743821382522583,0.1671175211668014,0.5211909413337708,0.5003595352172852,-0.170509397983551,0.4777862131595611,0.5005588531494141,0.1702161282300949,0.5150817036628723,0.5944133996963501,-0.062164407223463,0.4735161960124969,0.5878040790557861,0.349520593881607,0.5220541954040527,0.683785080909729,0.0892089903354644,0.4929051697254181,0.670170247554779,0.575786828994751
U,False,0.4026693999767303,0.3282821178436279,-0.1470541507005691,0.4692045152187347,0.3608642518520355,-0.3889209330081939,0.4310832619667053,0.3742436468601227,0.1804385483264923,0.5178812742233276,0.499205470085144,-0.1729930341243744,0.4816378653049469,0.501151442527771,0.1728550046682357,0.5168892741203308,0.5925018191337585,-0.068974956870079,0.4777576029300689,0.5856612920761108,0.3070910274982452,0.5040460824966431,0.685675323009491,0.0662843659520149,0.4819366633892059,0.6707202792167664,0.4872946143150329
U,False,0.4076047539710998,0.3336807787418365,-0.1444658190011978,0.4799347221851349,0.3640857636928558,-0.3718401193618774,0.4386999309062958,0.3778882920742035,0.17384634912014,0.5180288553237915,0.500282347202301,-0.167007490992546,0.4816559255123138,0.5008342266082764,0.1668257117271423,0.502649188041687,0.5918864011764526,-0.0875839293003082,0.468655914068222,0.5854299068450928,0.3029370903968811,0.4966880977153778,0.6849266886711121,0.0280888192355632,0.4774610698223114,0.6718724370002747,0.476925641298294
U,False,0.3897209167480469,0.3582513630390167,-0.1946360319852829,0.4809143245220184,0.359981507062912,-0.4328100681304931,0.4309315681457519,0.3771305382251739,0.1398699283599853,0.5234917998313904,0.4992138743400574,-0.1710973381996154,0.4755302965641022,0.5017061233520508,0.1709427237510681,0.5048036575317383,0.591927707195282,-0.0543999746441841,0.4635145962238312,0.5863052010536194,0.3216748237609863,0.4926129877567291,0.6839460134506226,0.0978060662746429,0.4589811265468597,0.67033851146698,0.5235809087753296
U,False,0.3703132569789886,0.3672777116298675,-0.1750872135162353,0.4680235385894775,0.3570975959300995,-0.3815758228302002,0.4114197194576263,0.3785935342311859,0.1245263367891311,0.5265572667121887,0.4984379112720489,-0.1546437293291092,0.4726532101631164,0.5020279288291931,0.1545416563749313,0.501146674156189,0.5893778800964355,-0.043508231639862,0.4570417404174804,0.5841109752655029,0.32363361120224,0.4863336682319641,0.6734912395477295,0.0973909273743629,0.4549732804298401,0.6651595830917358,0.5406128168106079
U,False,0.4431395232677459,0.3278874158859253,-0.0882012620568275,0.523952841758728,0.3579699397087097,-0.3082939386367798,0.454757422208786,0.3721250593662262,0.2018289566040039,0.5227590799331665,0.5002965331077576,-0.1605166643857956,0.4776665866374969,0.4999809861183166,0.1601924300193786,0.5116852521896362,0.5944772958755493,-0.1131622567772865,0.4638173282146454,0.5843097567558289,0.2758403122425079,0.5058340430259705,0.6850978136062622,-0.0185201652348041,0.4716503918170929,0.6657798886299133,0.4180142283439636
U,False,0.4307127892971039,0.3310516476631164,-0.1928153485059738,0.5023276805877686,0.3624841570854187,-0.400217205286026,0.4502961337566376,0.3746618628501892,0.1493530869483947,0.5205218195915222,0.5020720958709717,-0.1666915565729141,0.4788139164447784,0.4988488256931305,0.1664201617240905,0.4975552260875702,0.5926104187965393,-0.070433497428894,0.4573407471179962,0.5809251070022583,0.3477608263492584,0.4856233894824981,0.6808057427406311,0.0571775548160076,0.4561932384967804,0.6598734855651855,0.568998396396637
U,False,0.4220327138900757,0.3304297626018524,-0.1503092497587204,0.4919735193252563,0.3640154302120209,-0.382027804851532,0.4457415342330932,0.3744716346263885,0.1631215065717697,0.5231070518493652,0.5008512735366821,-0.1642178148031234,0.4758088588714599,0.5006928443908691,0.1639419347047805,0.5073667764663696,0.5937082767486572,-0.0873101726174354,0.4579604268074035,0.5854026079177856,0.3005088269710541,0.495151937007904,0.6860938668251038,0.0407689958810806,0.4588416814804077,0.6726331114768982,0.4801153242588043
U,False,0.4153431355953216,0.3369073271751404,-0.1628600358963012,0.4845795631408691,0.364597886800766,-0.3978720903396606,0.4505281150341034,0.3762719333171844,0.1744405925273895,0.5195009708404541,0.5011199116706848,-0.1750671565532684,0.4798073768615722,0.5001503825187683,0.1748492866754531,0.4932714104652405,0.5937738418579102,-0.0791375860571861,0.4560886919498443,0.5853702425956726,0.3227449953556061,0.484007179737091,0.686325192451477,0.0440272130072116,0.4567477107048034,0.6717212796211243,0.5051077008247375
U,False,0.3799812495708465,0.3268553018569946,-0.1693989485502243,0.4609140455722809,0.3575619757175445,-0.3944392502307892,0.4105189144611358,0.3743556141853332,0.1464101076126098,0.5244755744934082,0.5005156993865967,-0.1584812551736831,0.4768362939357757,0.5005670785903931,0.1583183407783508,0.4801208078861236,0.5918366312980652,-0.0855433270335197,0.4355576336383819,0.579826831817627,0.2604635953903198,0.4583877027034759,0.6794722676277161,0.0587641187012195,0.4316489398479461,0.6636528372764587,0.4497808218002319
U,False,0.4106741547584533,0.3304187357425689,-0.1093136966228485,0.4883561730384826,0.3611966669559479,-0.3316972851753235,0.4359784126281738,0.3752291202545166,0.184502512216568,0.521571934223175,0.4999988973140716,-0.1520639806985855,0.4774630069732666,0.5010705590248108,0.1517347395420074,0.5119641423225403,0.5937860012054443,-0.0872801914811134,0.4697858095169067,0.5891155004501343,0.2633745372295379,0.5059369802474976,0.6852576732635498,0.0229336470365524,0.4803913831710815,0.6710013151168823,0.4183627665042877
U,False,0.4219596087932586,0.3288519084453583,-0.1389621794223785,0.4947398006916046,0.3591088354587555,-0.373065173625946,0.4499342143535614,0.3720971643924713,0.1828216463327407,0.5207217931747437,0.5008291602134705,-0.1680607199668884,0.4790590107440948,0.5004025101661682,0.167857214808464,0.5062891244888306,0.5946642160415649,-0.0808316245675087,0.4696081578731537,0.5863713026046753,0.2941130995750427,0.5146994590759277,0.6834986209869385,0.0482972599565982,0.4858143031597137,0.6703712344169617,0.4548825025558471
U,False,0.4097988903522491,0.3292899131774902,-0.1077010855078697,0.4890972077846527,0.3584279716014862,-0.2933472394943237,0.4245149791240692,0.3723768889904022,0.1705768853425979,0.5253149271011353,0.5001028776168823,-0.1355463117361068,0.4759200513362884,0.5015547275543213,0.1352282762527465,0.5176969766616821,0.5932722091674805,-0.1136475875973701,0.4713384807109833,0.5875141620635986,0.2316692620515823,0.5108354091644287,0.687651515007019,-0.0384048782289028,0.4651846587657928,0.6722164750099182,0.3702951371669769
U,False,0.4147295355796814,0.3309745788574219,-0.1349786818027496,0.4954150915145874,0.3577178120613098,-0.3432211279869079,0.4326682090759277,0.3728263080120086,0.1842091232538223,0.5245299339294434,0.5003113746643066,-0.1614088714122772,0.4756787419319153,0.5001387596130371,0.1611137092113495,0.4812391996383667,0.5906679034233093,-0.0842566043138504,0.4425844550132751,0.585530698299408,0.2574972212314605,0.5045878291130066,0.6791801452636719,0.0559134855866432,0.472239077091217,0.6673545837402344,0.4233663976192474
U,False,0.4338228702545166,0.3217199146747589,-0.1249703392386436,0.5054546594619751,0.3537319600582123,-0.3611866235733032,0.4551644325256347,0.3668587803840637,0.1993675231933593,0.5182799696922302,0.5005105137825012,-0.1690332144498825,0.4805548191070556,0.4996406733989715,0.1687498390674591,0.5030338764190674,0.5964230298995972,-0.0651492625474929,0.4661377072334289,0.5876145362854004,0.2927273511886596,0.4932848811149597,0.6897403001785278,0.0744501128792762,0.4713600277900696,0.6746132969856262,0.4583933651447296
U,False,0.4082029163837433,0.3269974589347839,-0.1166951060295105,0.482675164937973,0.3583190739154815,-0.3364076018333435,0.4262727797031402,0.3737976253032684,0.1771165877580642,0.5222675800323486,0.499316394329071,-0.1553181409835815,0.4783677756786346,0.5013977885246277,0.1550176590681076,0.5224007964134216,0.595281720161438,-0.0860238149762153,0.4798508584499359,0.5891161561012268,0.2620717287063598,0.5227797627449036,0.6878541111946106,0.0190469995141029,0.4926516115665436,0.6725489497184753,0.40727299451828
U,False,0.4161828160285949,0.3216333389282226,-0.0872748345136642,0.4976357817649841,0.3549811244010925,-0.3264881074428558,0.4431923627853393,0.3700294196605682,0.216525986790657,0.5232601165771484,0.499891996383667,-0.1590577363967895,0.4755440950393677,0.5009239315986633,0.1588748544454574,0.5128787755966187,0.5961312055587769,-0.121088869869709,0.4606906175613403,0.5905779004096985,0.2691837847232818,0.5174314975738525,0.6879903674125671,-0.0287075545638799,0.4799857139587402,0.6730971336364746,0.4121312201023102
U,False,0.4101006984710693,0.3198851644992828,-0.113864928483963,0.4976435303688049,0.3530570566654205,-0.3286403119564056,0.4332782030105591,0.3672097027301788,0.1978687494993209,0.525059163570404,0.498799055814743,-0.1570487171411514,0.4743880033493042,0.501900851726532,0.1567903757095337,0.51979660987854,0.598434567451477,-0.1083890795707702,0.4732992053031921,0.5947438478469849,0.2808547914028168,0.5267460942268372,0.6888811588287354,-0.0141724692657589,0.4916418790817261,0.6753224730491638,0.4386238753795624
U,False,0.3957092761993408,0.3255831003189087,-0.1724727898836136,0.4767822623252868,0.3528755605220794,-0.4028323888778686,0.4235106110572815,0.3690099418163299,0.152283489704132,0.5204609036445618,0.5009385943412781,-0.1674507409334182,0.4799660444259643,0.4992534816265106,0.1671537905931472,0.4760575294494629,0.5938632488250732,-0.0530724935233593,0.4428951740264892,0.5826074481010437,0.3131740391254425,0.4609469771385193,0.6854513883590698,0.1001640185713768,0.4482649564743042,0.6702092289924622,0.4963724315166473
U,False,0.3991522490978241,0.3334396481513977,-0.1503803879022598,0.4689193665981293,0.3650043904781341,-0.3772741258144378,0.4300320446491241,0.3755570948123932,0.1537524312734604,0.5212878584861755,0.5003229379653931,-0.160985916852951,0.4785886108875274,0.5010330080986023,0.1607656627893448,0.5031442046165466,0.5905694961547852,-0.065162569284439,0.4634824097156524,0.5860396027565002,0.2875806093215942,0.4932999908924103,0.685836911201477,0.0674512162804603,0.4613278806209564,0.6717055439949036,0.4569995701313019
U,False,0.4663726687431335,0.325839638710022,-0.3281390368938446,0.5241108536720276,0.363330215215683,-0.341152548789978,0.4613398015499115,0.3709338307380676,0.1684155613183975,0.5254815220832825,0.5015599131584167,-0.1680142730474472,0.4747281074523926,0.49988654255867,0.1676395684480667,0.5062403678894043,0.5968855023384094,-0.1172783151268959,0.4599363505840301,0.5907440781593323,0.3193548917770386,0.4929592609405517,0.6891559362411499,0.0050813141278922,0.4555392265319824,0.6729496121406555,0.5324641466140747
U,False,0.4376188516616821,0.3431710302829742,-0.1584295183420181,0.5267913937568665,0.3619831204414367,-0.3344447314739227,0.4532848596572876,0.3755751848220825,0.1921883076429367,0.5254130363464355,0.5003715753555298,-0.1588140428066253,0.4756441116333008,0.4997166395187378,0.1587235629558563,0.5038573741912842,0.5920543670654297,-0.0987350046634674,0.4573190808296203,0.5843113660812378,0.2868951261043548,0.489199697971344,0.6830165386199951,-0.0018649438861757,0.458092987537384,0.6681185364723206,0.4526468515396118
U,False,0.390328586101532,0.3594049513339996,-0.1908450275659561,0.4921647012233734,0.3608357310295105,-0.3726223707199096,0.4126284420490265,0.3750036954879761,0.1186190098524093,0.5272048115730286,0.4984992444515228,-0.1433256119489669,0.4733738601207733,0.5015901327133179,0.1431055814027786,0.5165460109710693,0.5907467007637024,-0.0275907982140779,0.4687055647373199,0.5846463441848755,0.2965132892131805,0.5111324191093445,0.6774943470954895,0.1359670758247375,0.4771957695484161,0.6638487577438354,0.4981663823127746
U,False,0.4099181294441223,0.3510732054710388,-0.2356887012720108,0.5094836354255676,0.3690857291221618,-0.3013347387313843,0.4264819622039795,0.3867681920528412,0.1627635955810547,0.5278293490409851,0.4997123181819916,-0.1402124166488647,0.4710195064544678,0.5015196800231934,0.1400783210992813,0.5232053399085999,0.593796968460083,-0.1133433356881141,0.4682363867759704,0.5917547941207886,0.2407499849796295,0.5223528742790222,0.6799245476722717,0.0011051996843889,0.4819586277008056,0.6671220660209656,0.3895227015018463
U,False,0.6211785078048706,0.3248464465141296,-0.1801239401102066,0.5938007235527039,0.3775183260440826,0.1315132975578308,0.5387493371963501,0.3546207845211029,-0.3574444055557251,0.5266773700714111,0.5020858645439148,0.1455448865890503,0.4739832878112793,0.498621255159378,-0.1455096751451492,0.5779140591621399,0.5732292532920837,0.249118834733963,0.5305368900299072,0.5803951621055603,-0.0017612472875043,0.5844228267669678,0.6577192544937134,0.4584997892379761,0.5426640510559082,0.6710221171379089,0.1900463253259658
U,False,0.5567503571510315,0.3202081620693207,-0.2010496854782104,0.5435521602630615,0.3760300874710083,0.1995464861392974,0.4916699528694153,0.3570257723331451,-0.3479900658130646,0.5190120935440063,0.5018959045410156,0.1656605750322342,0.4821999371051788,0.4996064007282257,-0.1657885462045669,0.5386408567428589,0.5905759930610657,0.2356345802545547,0.498688131570816,0.5935451984405518,-0.0731499046087265,0.541202962398529,0.678446352481842,0.4113837480545044,0.5118523836135864,0.6889383792877197,0.0755341202020645
U,False,0.6136491894721985,0.3318890333175659,-0.2408048212528228,0.5850013494491577,0.3821130692958832,0.1588928550481796,0.538212776184082,0.3564249873161316,-0.3446411788463592,0.5245569348335266,0.5014978647232056,0.1483131200075149,0.4746676981449127,0.4991135597229004,-0.1483738422393798,0.5494120717048645,0.5855422019958496,0.2356214672327041,0.5161299705505371,0.589913010597229,-0.0379147641360759,0.5671766400337219,0.6707937121391296,0.4321721792221069,0.5310449004173279,0.6840004324913025,0.125650867819786
U,False,0.678774356842041,0.3748783469200134,-0.2045404464006424,0.6322609186172485,0.3889001607894897,0.0807565450668335,0.5803807973861694,0.3688502609729767,-0.4158740639686584,0.529240608215332,0.5024561285972595,0.1411879211664199,0.4720906019210815,0.497711181640625,-0.1410477757453918,0.5657579898834229,0.5832871794700623,0.1526220142841339,0.5093914270401001,0.587125301361084,-0.0665640383958816,0.5821124315261841,0.6728765964508057,0.3019306361675262,0.5460406541824341,0.6799895167350769,0.0771317109465599
U,False,0.6262038350105286,0.3518749475479126,-0.1126309409737587,0.5940268039703369,0.377055823802948,0.1660878509283065,0.5309975147247314,0.3557167053222656,-0.3079287409782409,0.5273995399475098,0.5026182532310486,0.1472269147634506,0.4728281795978546,0.4976902306079864,-0.1471563726663589,0.5443476438522339,0.5883866548538208,0.1820174008607864,0.504169762134552,0.5910348892211914,-0.0712849646806716,0.5640633702278137,0.6726312637329102,0.3206316828727722,0.523410439491272,0.6855152249336243,0.0391646884381771
U,False,0.6009877324104309,0.3424616754055023,-0.2285520583391189,0.5723161697387695,0.3740947246551513,0.1413211971521377,0.5092934370040894,0.3538145422935486,-0.3827367126941681,0.5259785652160645,0.5015915036201477,0.1556002497673034,0.4742164611816406,0.499224841594696,-0.1556949168443679,0.5476739406585693,0.5856854319572449,0.2767689824104309,0.5053593516349792,0.5895087122917175,-0.0225820131599903,0.545211672782898,0.6692023277282715,0.5018724203109741,0.5139949917793274,0.6831395030021667,0.163077026605606
U,False,0.6068488359451294,0.3336046934127807,-0.1594922393560409,0.5863600373268127,0.3814752101898193,0.1776218712329864,0.5334827303886414,0.3608536720275879,-0.3375063836574554,0.5218437314033508,0.502868115901947,0.1549340486526489,0.4782687127590179,0.4982372522354126,-0.154927372932434,0.5325556993484497,0.5901558995246887,0.2293775081634521,0.490032821893692,0.5912136435508728,-0.0573964267969131,0.5312226414680481,0.6755713820457458,0.4063272774219513,0.4915827810764313,0.6821578741073608,0.0996784120798111
U,False,0.5778085589408875,0.3306191265583038,-0.1927582174539566,0.5556473135948181,0.3789586722850799,0.188797041773796,0.5066153407096863,0.3592143952846527,-0.3678708374500274,0.5204766392707825,0.5027715563774109,0.1591950207948684,0.4799306988716125,0.4979274272918701,-0.1592895239591598,0.5326629281044006,0.5890341401100159,0.2476328015327453,0.497200459241867,0.5902001857757568,-0.0447186715900898,0.5150095820426941,0.6747630834579468,0.4532333612442016,0.485317051410675,0.6817159652709961,0.1429189592599868
U,False,0.5880957841873169,0.3271546065807342,-0.1938339620828628,0.5691202282905579,0.3750835955142975,0.174085259437561,0.5179820656776428,0.358831912279129,-0.3798921406269073,0.5194993019104004,0.5023672580718994,0.1670867204666137,0.4811799228191376,0.4991561770439148,-0.1672230660915374,0.5137315988540649,0.5881286263465881,0.3246874511241913,0.4764778912067413,0.5892426371574402,-0.0104858903214335,0.4939907491207123,0.6712861061096191,0.556085467338562,0.4664251506328583,0.6829825639724731,0.1887148916721344
U,False,0.5909010171890259,0.329625129699707,-0.2394500225782394,0.5717570185661316,0.3747517168521881,0.1634209603071212,0.5191783308982849,0.3566246330738067,-0.3707927465438843,0.5202929973602295,0.5020013451576233,0.1559242457151413,0.4794366955757141,0.4986225962638855,-0.1560950130224228,0.5283439755439758,0.5884792804718018,0.3064609169960022,0.4866366982460022,0.5917131304740906,0.0110463881865143,0.5099928379058838,0.6707181930541992,0.552207350730896,0.4803408980369568,0.6832635402679443,0.2262115776538849
U,False,0.5913402438163757,0.3289380073547363,-0.1813159137964248,0.5773284435272217,0.3804019391536712,0.1817745268344879,0.5296924114227295,0.3606625199317932,-0.3460268676280975,0.5222955346107483,0.5020846724510193,0.1558438539505005,0.4771824181079864,0.4987240135669708,-0.1557915955781936,0.5266067385673523,0.5817126035690308,0.2601364254951477,0.4841486513614654,0.585828959941864,-0.0267590414732694,0.5220707058906555,0.6673551201820374,0.4718515276908874,0.4895034730434418,0.6794913411140442,0.1542704254388809
U,False,0.588145911693573,0.3346420526504516,-0.2291861027479171,0.5736739039421082,0.3828631937503814,0.1889678686857223,0.5260137915611267,0.3641408085823059,-0.3411690592765808,0.5226014852523804,0.5024946928024292,0.1539791971445083,0.4788506925106048,0.4991597533226013,-0.1540300250053405,0.537572979927063,0.5865665674209595,0.1936239302158355,0.4992309510707855,0.5892469882965088,-0.0749104470014572,0.5306835174560547,0.6702578663825989,0.3700096905231476,0.498412549495697,0.6831855177879333,0.0721961706876754
U,False,0.5993988513946533,0.3565520346164703,-0.1257430613040924,0.5752993226051331,0.3783705234527588,0.1956511288881302,0.5264685750007629,0.359747439622879,-0.3203283846378326,0.5240371823310852,0.5014062523841858,0.1578362137079239,0.4766910374164581,0.4994277954101562,-0.1579209417104721,0.5351669788360596,0.5835245847702026,0.2247317880392074,0.4934227764606476,0.588510274887085,-0.0571136586368083,0.5392877459526062,0.6683017611503601,0.4053468704223633,0.5010946989059448,0.6825456619262695,0.0828081369400024
U,False,0.6181939244270325,0.3671754002571106,-0.1786206811666488,0.5833264589309692,0.378629982471466,0.1114888414740562,0.5437770485877991,0.3615482449531555,-0.3978241980075836,0.5199593901634216,0.5017083883285522,0.1583485454320907,0.4805052280426025,0.4997945725917816,-0.1584021300077438,0.5366588830947876,0.5837271809577942,0.2436428219079971,0.4988447427749634,0.5870251655578613,-0.0347236506640911,0.5381566286087036,0.6695989370346069,0.4254542291164398,0.5091473460197449,0.6779217720031738,0.1195334792137146
U,False,0.5582414269447327,0.3306715488433838,-0.1647844910621643,0.5463436841964722,0.3792749941349029,0.2027805745601654,0.492289274930954,0.3622140288352966,-0.320643812417984,0.5234561562538147,0.5019057393074036,0.1521719545125961,0.4753309488296509,0.4993267059326172,-0.1522314250469207,0.5371547341346741,0.586696207523346,0.1969810724258422,0.4867157638072967,0.5905287265777588,-0.0778790414333343,0.537672758102417,0.6721624732017517,0.3638234734535217,0.499263197183609,0.6829851865768433,0.057726863771677
U,False,0.570662796497345,0.3329288363456726,-0.2366051375865936,0.5570704936981201,0.3799099326133728,0.1735457628965377,0.5132113099098206,0.3648522496223449,-0.3588427305221557,0.5236086249351501,0.5009375810623169,0.1561154872179031,0.4778430163860321,0.5000030398368835,-0.1562824994325637,0.5486905574798584,0.5840848088264465,0.2520579099655151,0.5134317874908447,0.5881401300430298,-0.0336161069571971,0.5513966679573059,0.6674920320510864,0.4632724225521087,0.523012638092041,0.6822133660316467,0.1414598524570465
U,False,0.5788726210594177,0.330386221408844,-0.1357422024011612,0.5678330063819885,0.3757080137729645,0.2066835463047027,0.5197502970695496,0.362777441740036,-0.3426295518875122,0.5234476327896118,0.5014516711235046,0.1614760160446167,0.4766358733177185,0.4995405375957489,-0.1614203602075576,0.5447672605514526,0.5851525068283081,0.1889678835868835,0.4934426546096802,0.591127336025238,-0.086755447089672,0.547926664352417,0.6720786690711975,0.349698394536972,0.509504497051239,0.687115490436554,0.0427924990653991
U,False,0.5846195816993713,0.3353270590305328,-0.1866713911294937,0.5626363754272461,0.3771827518939972,0.1819050312042236,0.5138295888900757,0.36317840218544,-0.3609527051448822,0.5229112505912781,0.501269519329071,0.1606355607509613,0.4763125777244568,0.4999340176582336,-0.1607030481100082,0.5441923141479492,0.5854018330574036,0.2689375281333923,0.5045602321624756,0.5928152799606323,-0.0283010024577379,0.5447588562965393,0.6675634384155273,0.4898670017719269,0.51218181848526,0.685059130191803,0.1541353464126587
U,False,0.6192153692245483,0.3265029788017273,-0.2136301845312118,0.5972517728805542,0.3806325495243072,0.1539375633001327,0.5422986745834351,0.3550377488136291,-0.3715761303901672,0.5278672575950623,0.502423882484436,0.1584855169057846,0.4733797609806061,0.4989894032478332,-0.1584432423114776,0.5662368535995483,0.5795711874961853,0.2449021786451339,0.5183472037315369,0.5861149430274963,-0.0307721178978681,0.573930561542511,0.6662533283233643,0.4575134813785553,0.5356807708740234,0.6787976622581482,0.1580004841089248
U,False,0.5885553956031799,0.3289338648319244,-0.1675207912921905,0.5727614760398865,0.3793927431106567,0.1730508953332901,0.5251822471618652,0.3614891469478607,-0.3357472121715545,0.5250976085662842,0.5027243494987488,0.1489797234535217,0.4744881093502044,0.498896449804306,-0.1489879339933395,0.532021701335907,0.5884585380554199,0.2373119592666626,0.4915083944797516,0.5889893770217896,-0.0346556492149829,0.5298941135406494,0.6742821931838989,0.4375753998756408,0.4944417476654053,0.6863064169883728,0.1272698938846588
U,False,0.5787971019744873,0.3261830806732178,-0.1791039556264877,0.5589298605918884,0.3758708536624908,0.1945129781961441,0.5100489258766174,0.3564236462116241,-0.3515934646129608,0.5217179656028748,0.5017504096031189,0.162885308265686,0.4780628979206085,0.4985690414905548,-0.163030743598938,0.5331383943557739,0.5876650214195251,0.2662504017353058,0.4926588833332062,0.5921202898025513,-0.0351877696812152,0.5196704268455505,0.6712383031845093,0.4766814410686493,0.4845743775367737,0.6845974922180176,0.1481567770242691
U,False,0.5896991491317749,0.3250908851623535,-0.1884220689535141,0.5755696296691895,0.3745027780532837,0.1763259172439575,0.5176047682762146,0.3553553521633148,-0.3547545373439789,0.5214977860450745,0.5021349191665649,0.1548851132392883,0.4773634672164917,0.4991618394851684,-0.1549452245235443,0.531264066696167,0.5863345265388489,0.2608178555965423,0.4827209711074829,0.5915004014968872,-0.0188983213156461,0.5313550233840942,0.6703743934631348,0.4768022894859314,0.4958191812038421,0.6835755705833435,0.1670115739107132
U,False,0.5872436165809631,0.332105427980423,-0.2613673806190491,0.5710328221321106,0.3790195882320404,0.1562183648347854,0.5176704525947571,0.3589409589767456,-0.3621907234191894,0.5224499106407166,0.5018072128295898,0.1548246145248413,0.478646844625473,0.4992170631885528,-0.1550238281488418,0.5603849291801453,0.5862802267074585,0.2782426178455353,0.5237293243408203,0.5920758247375488,-0.0087040048092603,0.5334796905517578,0.6674430966377258,0.5006098747253418,0.4996629655361175,0.6797788739204407,0.1955007314682006
U,False,0.5673837065696716,0.318895161151886,-0.2399531602859497,0.555978536605835,0.3736254572868347,0.1629287153482437,0.4977267682552337,0.3544852435588836,-0.3517773449420929,0.5223024487495422,0.5021888017654419,0.1549336314201355,0.478581041097641,0.498933881521225,-0.1550729125738144,0.5371829867362976,0.5905466675758362,0.2646178901195526,0.4996212124824524,0.5942897200584412,-0.0227848645299673,0.5371320843696594,0.6769646406173706,0.4809507429599762,0.5075528025627136,0.6917372941970825,0.1694942116737365
U,False,0.589303731918335,0.3257634341716766,-0.1801516264677047,0.5775057673454285,0.3761705458164215,0.1690130680799484,0.5267292857170105,0.3585323393344879,-0.319304496049881,0.5245622396469116,0.5022533535957336,0.1443009227514267,0.4760675430297851,0.4989883005619049,-0.1442676335573196,0.5253523588180542,0.5895763635635376,0.2319348305463791,0.4817901849746704,0.5930383205413818,-0.0376860164105892,0.5171598792076111,0.6725630164146423,0.4223749935626983,0.4790577888488769,0.683204710483551,0.1193993315100669
U,False,0.5851461887359619,0.3169020712375641,-0.1388491839170456,0.5564720034599304,0.3718940019607544,0.1561650186777115,0.5109719038009644,0.352629154920578,-0.3141845762729645,0.5227240324020386,0.5023627877235413,0.1363149434328079,0.4783535599708557,0.4990110397338867,-0.1363851428031921,0.5407455563545227,0.5887665152549744,0.2044473886489868,0.4894367158412933,0.5921669006347656,-0.0460259839892387,0.5237094759941101,0.6764347553253174,0.3692820072174072,0.4871854484081268,0.6829744577407837,0.1060227379202842
U,False,0.5900753140449524,0.3188887238502502,-0.1990218162536621,0.5730788707733154,0.3721265494823456,0.1603400558233261,0.5140926241874695,0.3516905307769775,-0.3117482960224151,0.5228447318077087,0.5030251145362854,0.1384621411561966,0.4758446216583252,0.4978025555610657,-0.1385794728994369,0.5281590819358826,0.5918076038360596,0.2136985212564468,0.4838578999042511,0.5957357883453369,-0.0386735089123249,0.514194667339325,0.6781531572341919,0.4014753401279449,0.4817719161510467,0.6874247789382935,0.1213187798857688
U,False,0.6050192713737488,0.3243769109249115,-0.2133916616439819,0.5845217704772949,0.3723046481609344,0.1680885106325149,0.533967137336731,0.3531957566738128,-0.3531087636947632,0.5234895944595337,0.5015586614608765,0.1555521786212921,0.4763032793998718,0.4990276992321014,-0.1556167155504226,0.5634377002716064,0.5840937495231628,0.2871058583259582,0.5234528183937073,0.5881119966506958,0.0023437973577529,0.5603206753730774,0.6661388278007507,0.5231695175170898,0.5318537354469299,0.6813381314277649,0.200821503996849
U,False,0.5988738536834717,0.3345608413219452,-0.1999951153993606,0.5871237516403198,0.3835461735725403,0.1649848669767379,0.5250844359397888,0.3639889359474182,-0.3572844564914703,0.5289313793182373,0.5031437277793884,0.1534327268600464,0.4721601009368896,0.4977147579193115,-0.1534260511398315,0.5400115847587585,0.585740327835083,0.2280885577201843,0.4949607253074646,0.5866079330444336,-0.0411418750882148,0.5404043197631836,0.6741548180580139,0.4420427680015564,0.504694402217865,0.6841069459915161,0.1333073526620865
U,False,0.5336109399795532,0.3209896981716156,-0.345714658498764,0.5448671579360962,0.3727686107158661,0.1672577708959579,0.4788869023323059,0.3599668145179748,-0.338060975074768,0.5250368118286133,0.5016497373580933,0.1535345762968063,0.4748139083385467,0.4989021718502044,-0.1538589298725128,0.5411282777786255,0.5877540707588196,0.2592529356479645,0.4934695363044739,0.5924942493438721,-0.0328397490084171,0.5390782952308655,0.6704704165458679,0.4638206958770752,0.5027229189872742,0.6844086050987244,0.1560481190681457
U,False,0.5630690455436707,0.3419813513755798,-0.2782944142818451,0.5536213517189026,0.3762224018573761,0.1725131720304489,0.4821569621562958,0.3625252842903137,-0.3163982331752777,0.5272186994552612,0.5009921193122864,0.1453646868467331,0.4715752005577087,0.5000635981559753,-0.1455551832914352,0.5432390570640564,0.5873995423316956,0.2006439864635467,0.4962551295757293,0.5902920365333557,-0.0780628845095634,0.5516669154167175,0.6692190766334534,0.3685032427310943,0.511671781539917,0.6817876696586609,0.0615839920938015
U,False,0.6120762228965759,0.3612763881683349,-0.1602901220321655,0.585961639881134,0.3819045722484588,0.1418556869029998,0.5212953686714172,0.3645876944065094,-0.3446559607982635,0.5277271866798401,0.5015963315963745,0.1461296826601028,0.4726871848106384,0.4988205134868622,-0.1461590379476547,0.5314105153083801,0.5852285027503967,0.2247007638216018,0.4862574338912964,0.586421549320221,-0.0608718916773796,0.5289718508720398,0.6682379245758057,0.4073382914066314,0.4853732287883758,0.6819663643836975,0.0814721509814262
U,False,0.5907683372497559,0.3481252789497375,-0.2130811065435409,0.5748096108436584,0.3838783204555511,0.1813062727451324,0.4978551268577575,0.3652146458625793,-0.263649970293045,0.5304354429244995,0.5020459294319153,0.1405692398548126,0.4708051681518554,0.4981591999530792,-0.1405390202999115,0.5296565294265747,0.5909548997879028,0.1849420964717865,0.4791175127029419,0.5900359749794006,-0.0743131265044212,0.522468626499176,0.6705266237258911,0.3510755002498626,0.4810712337493896,0.68002849817276,0.0770096331834793
U,True,0.4639917016029358,0.2119330763816833,-0.0412492640316486,0.4945104420185089,0.2670760750770569,-0.1822814345359802,0.4900400936603546,0.284657210111618,0.1315847635269165,0.5020865201950073,0.4992056787014007,-0.0937182754278183,0.498281329870224,0.500880777835846,0.0936526358127594,0.4968447387218475,0.6736844182014465,-0.0540566332638263,0.4986260831356048,0.6708990335464478,0.12827068567276,0.5012178421020508,0.8395454287528992,0.0032440072391182,0.5035926103591919,0.8219426870346069,0.1972711235284805
U,True,0.4510084092617035,0.2060389965772628,-0.0296688713133335,0.4765953719615936,0.2559172213077545,-0.1735527962446212,0.4817082583904266,0.2765787243843078,0.1346352398395538,0.5014889240264893,0.5010452270507812,-0.0937192887067794,0.4988533556461334,0.5000808835029602,0.0936324894428253,0.5034874081611633,0.6783009171485901,-0.0507436357438564,0.5044229626655579,0.669939398765564,0.1311040967702865,0.5057933330535889,0.8441819548606873,0.008459199219942,0.5064477324485779,0.8206993937492371,0.204858586192131
U,True,0.4345471858978271,0.2182618826627731,-0.0404785722494125,0.4661988317966461,0.2588967978954315,-0.1845866441726684,0.4674128592014313,0.2788760662078857,0.1343039870262146,0.5033056735992432,0.4991808831691742,-0.0978691205382347,0.4977453649044037,0.499818205833435,0.0977966114878654,0.4962184131145477,0.67563396692276,-0.0526568293571472,0.4959940612316131,0.66729736328125,0.1362519860267639,0.4963116347789764,0.8482014536857605,0.0105418357998132,0.497004359960556,0.8234440088272095,0.2099567800760269
U,True,0.4246341288089752,0.2202808260917663,-0.0473695248365402,0.4576290845870971,0.264750987291336,-0.1846072077751159,0.4560333490371704,0.2851721346378326,0.1289907991886139,0.503032386302948,0.4975188076496124,-0.0947314873337745,0.4971621036529541,0.5017025470733643,0.0947100445628166,0.4906682968139648,0.6758586168289185,-0.0427297726273536,0.4896277189254761,0.6704109311103821,0.1390125155448913,0.4908410906791687,0.8439090251922607,0.0312741249799728,0.4892064332962036,0.8274285793304443,0.2163021862506866
U,True,0.456742376089096,0.2052224278450012,-0.0117849418893456,0.4812876880168915,0.257746011018753,-0.1507060676813125,0.4865643680095672,0.2826076149940491,0.1438272297382354,0.5007651448249817,0.4990127980709076,-0.0890566185116767,0.4993191659450531,0.5008804202079773,0.0890098810195922,0.499273270368576,0.6773865818977356,-0.0543064624071121,0.4992276132106781,0.6727379560470581,0.115269511938095,0.5043792128562927,0.8469316959381104,-0.0024963575415313,0.5059428811073303,0.8238410949707031,0.1754768788814544
U,True,0.4414988160133362,0.2104130387306213,-0.0404003635048866,0.4708896577358246,0.2554984390735626,-0.1858758479356765,0.475744217634201,0.2723458409309387,0.1325114071369171,0.5024731159210205,0.50203537940979,-0.0972996428608894,0.4983779489994049,0.4993601441383362,0.0972273498773574,0.497559517621994,0.676439106464386,-0.0447335727512836,0.4972576200962066,0.6667189002037048,0.1441021263599395,0.5030568242073059,0.8404059410095215,0.0265256483107805,0.5028669834136963,0.8147023916244507,0.2262877076864242
U,True,0.4677618443965912,0.2072207331657409,-0.0520365834236145,0.5000981688499451,0.2678768932819366,-0.1851309239864349,0.4882306754589081,0.2842455804347992,0.1196094900369644,0.5046886801719666,0.5008628964424133,-0.0924798920750618,0.4956113398075104,0.4999793767929077,0.0924062356352806,0.4975862205028534,0.6759237051010132,-0.0533978380262851,0.4984435141086578,0.6718178391456604,0.1279640346765518,0.5022364854812622,0.8385570645332336,-0.000140586256748,0.5034735202789307,0.8209696412086487,0.1947712898254394
U,True,0.4297451376914978,0.2272759526968002,-0.0253311842679977,0.4651064574718475,0.2619724869728088,-0.1767474114894867,0.465737372636795,0.2884115874767303,0.1524526476860046,0.5030763745307922,0.497986763715744,-0.0963840782642364,0.4974327385425567,0.5024898052215576,0.0963430851697921,0.4958198368549347,0.6735166907310486,-0.0459426268935203,0.495701402425766,0.6676207184791565,0.139085054397583,0.4982329905033111,0.8427687883377075,0.0297715179622173,0.4990199506282806,0.8227632641792297,0.2165182530879974
U,True,0.4504277110099792,0.2146388292312622,-0.003145249094814,0.4733364284038543,0.2581917941570282,-0.1504043340682983,0.4820305407047272,0.2823274433612823,0.1534834057092666,0.5013532042503357,0.4996984302997589,-0.0919726118445396,0.4991094768047333,0.5007648468017578,0.0918694883584976,0.5005447864532471,0.6784042716026306,-0.0583764649927616,0.5006440281867981,0.6736230254173279,0.1213211417198181,0.5042633414268494,0.8454794883728027,-0.008883380331099,0.5055944919586182,0.8271204829216003,0.179059162735939
U,True,0.413822740316391,0.2398983389139175,-0.0359529592096805,0.4417210519313812,0.2699795365333557,-0.1763738989830017,0.4536297619342804,0.2849904894828796,0.1365250349044799,0.5004549026489258,0.5007231831550598,-0.0999122336506843,0.4999478757381439,0.4993658661842346,0.0998248234391212,0.4636720716953277,0.6570410132408142,-0.0548358224332332,0.4632588326931,0.6449182033538818,0.1402086466550827,0.4792636334896087,0.8146766424179077,0.0262270029634237,0.4764703810214996,0.7965803146362305,0.2318815290927887
U,True,0.4414179623126983,0.2145722061395645,-0.0139995142817497,0.4723913371562958,0.2634765207767486,-0.1626288890838623,0.4717107117176056,0.2940376698970794,0.1549721360206604,0.5025614500045776,0.4969369173049927,-0.0956555753946304,0.4977435767650604,0.5025405287742615,0.0956475511193275,0.4833933413028717,0.6794761419296265,-0.0620867982506752,0.4835800230503082,0.6723840236663818,0.1258439868688583,0.4833722412586212,0.8501620888710022,-0.0030102399177849,0.4836169779300689,0.8330790400505066,0.1852727234363556
U,True,0.4730022549629211,0.2077423334121704,-0.0180071331560611,0.4986974895000458,0.2668409347534179,-0.1601689457893371,0.4988397061824798,0.2955204844474792,0.1458666026592254,0.5020358562469482,0.4980422854423523,-0.0914208218455314,0.4987007081508636,0.5031762719154358,0.0913756117224693,0.4976671636104584,0.6814292073249817,-0.0612902827560901,0.4982013404369354,0.678162157535553,0.1200173795223236,0.5004622936248779,0.8465511202812195,-0.0080426353961229,0.500240683555603,0.8315380811691284,0.1824234426021576
U,True,0.4682959020137787,0.2062011510133743,-0.0392634607851505,0.5012284517288208,0.2652780413627624,-0.1830076277256012,0.493129163980484,0.2820522487163543,0.13322713971138,0.5032300353050232,0.5008086562156677,-0.0931420475244522,0.4972709715366363,0.5001599788665771,0.0930131301283836,0.4980145394802093,0.6750515103340149,-0.0446570292115211,0.4993673861026764,0.6704952120780945,0.1351936310529709,0.501598060131073,0.8395980000495911,0.0163922384381294,0.5033358931541443,0.8152524828910828,0.2129929959774017
U,True,0.4678901135921478,0.2076024264097213,-0.0232801157981157,0.4934798181056976,0.2616598606109619,-0.1690930724143982,0.4924765527248382,0.2881555557250976,0.1449920982122421,0.5034633874893188,0.4990786910057068,-0.09706961363554,0.4972868263721466,0.5001857280731201,0.0970213040709495,0.4951173365116119,0.6772086024284363,-0.0689286366105079,0.4942608177661896,0.6720491647720337,0.1272694021463394,0.4946436583995819,0.8502578735351562,-0.023186020553112,0.4957823455333709,0.8309969305992126,0.1887635290622711
U,True,0.4349843859672546,0.2132767587900161,-0.0498548373579978,0.4644756019115448,0.2677106559276581,-0.1891030520200729,0.4643642008304596,0.2891760170459747,0.1339162290096283,0.5050817131996155,0.499331921339035,-0.1008053496479988,0.4963574111461639,0.5005702972412109,0.1008150354027748,0.4861055314540863,0.6791836619377136,-0.0620118342339992,0.4842191040515899,0.6676996350288391,0.1424911469221115,0.4863764345645904,0.846856951713562,-0.000867961847689,0.4859364330768585,0.8246558308601379,0.2159302979707718
U,True,0.4619576632976532,0.1956817209720611,-0.027843452990055,0.4904463589191437,0.2529971897602081,-0.1772876381874084,0.4842140078544616,0.28282630443573,0.1488606333732605,0.5039694309234619,0.4975519180297851,-0.0986158326268196,0.4970721900463104,0.5010709166526794,0.0985773578286171,0.4928761720657348,0.6812195777893066,-0.0575692690908908,0.4914357662200928,0.6757793426513672,0.1392086446285247,0.4852833449840545,0.8493146896362305,0.0022925043012946,0.4889429211616516,0.8247895240783691,0.2124482095241546
U,True,0.4863842725753784,0.1881325393915176,-0.0101019451394677,0.5058581829071045,0.2507959008216858,-0.1530634015798568,0.5030075311660767,0.2814696133136749,0.1513242125511169,0.5020768046379089,0.4999628663063049,-0.0934313461184501,0.4981517791748047,0.5013208389282227,0.0933237746357917,0.4916661381721496,0.6830136775970459,-0.0644269362092018,0.4912482500076294,0.6756935715675354,0.1217267885804176,0.4893401563167572,0.8527132272720337,-0.0191790424287319,0.4886848926544189,0.8275995850563049,0.185766652226448
U,True,0.4669632017612457,0.2009535729885101,-0.0286236852407455,0.4915334582328796,0.2565514147281647,-0.1693617701530456,0.4931349456310272,0.2808474600315094,0.1394407749176025,0.5036332607269287,0.5006276369094849,-0.0952556207776069,0.4978281855583191,0.500199019908905,0.0951881185173988,0.494944155216217,0.6821075677871704,-0.05850450694561,0.494511991739273,0.6772987842559814,0.1271059215068817,0.4910634458065033,0.8476555347442627,-0.0032229253556579,0.4922043085098266,0.8327357769012451,0.1947779357433319
U,True,0.4658147990703583,0.2009678483009338,-0.0314828269183635,0.4996233284473419,0.2597383558750152,-0.1728557646274566,0.4910885393619537,0.2808597981929779,0.1359090805053711,0.503444492816925,0.4990207254886627,-0.0911485850811004,0.4977051317691803,0.4997350871562958,0.0910731703042984,0.4964231550693512,0.6728494763374329,-0.0510775111615657,0.4973533451557159,0.66899174451828,0.1263751685619354,0.5012808442115784,0.834744930267334,0.0089878113940358,0.5015013217926025,0.8176960945129395,0.1982049942016601
U,True,0.4324997365474701,0.2141634076833725,-0.0161182340234518,0.4633660912513733,0.2593437135219574,-0.1575203239917755,0.4624466598033905,0.2870739996433258,0.1453549563884735,0.5032413601875305,0.4977559447288513,-0.0914648920297622,0.4980490207672119,0.5019523501396179,0.0914121940732002,0.5032578706741333,0.6788331866264343,-0.0504768341779708,0.5018361210823059,0.6703224778175354,0.1279670298099517,0.5016879439353943,0.8513709306716919,0.0050944699905812,0.5029328465461731,0.8187246322631836,0.1944325715303421
U,True,0.4477381706237793,0.204768106341362,-0.033634103834629,0.4785241186618805,0.2547934353351593,-0.1737002730369568,0.471331238746643,0.2802493870258331,0.1371372640132904,0.5056323409080505,0.4998943507671356,-0.0959969460964202,0.4950132369995117,0.5008290410041809,0.0959559977054596,0.5016902685165405,0.6801565289497375,-0.0578959584236145,0.4998369812965393,0.6716729402542114,0.1266603171825409,0.5043213367462158,0.8496955037117004,-0.0042383898980915,0.5042656660079956,0.8268570899963379,0.1911776512861251
U,True,0.4318081140518188,0.2306116372346878,-0.0254950504750013,0.4665458500385284,0.2611062228679657,-0.1742404103279113,0.4641291797161102,0.2878482639789581,0.1510330885648727,0.5038068294525146,0.4987370073795318,-0.0986304208636283,0.4966884255409241,0.5006266832351685,0.0985573232173919,0.4975208938121795,0.673560380935669,-0.0637465789914131,0.4981734156608581,0.663674533367157,0.1417538821697235,0.5005949139595032,0.8475704193115234,-0.0136994756758213,0.5020384192466736,0.8186899423599243,0.210966020822525
U,True,0.4510388076305389,0.1962644904851913,-0.0279068369418382,0.4786173105239868,0.2497197687625885,-0.1768866628408432,0.4759527146816253,0.2789455652236938,0.146644577383995,0.5047347545623779,0.4990609288215637,-0.0980027765035629,0.4960957765579223,0.5015459656715393,0.0979538187384605,0.5006231069564819,0.6782144904136658,-0.0638750568032264,0.4984092116355896,0.6693776249885559,0.1445240378379821,0.4986187219619751,0.8433300852775574,-0.0132692735642194,0.4996700584888458,0.8139638304710388,0.2200028300285339
U,True,0.4531311988830566,0.2076182961463928,-0.0227355863898992,0.483646959066391,0.2516635954380035,-0.1716666221618652,0.4829196035861969,0.2752836942672729,0.1486457139253616,0.5048566460609436,0.4999767243862152,-0.0959127694368362,0.4962928295135498,0.5005525946617126,0.0958136320114135,0.5052450895309448,0.682573676109314,-0.0551766157150268,0.5032700896263123,0.6733716130256653,0.1385014504194259,0.506719172000885,0.8452649712562561,-0.0014768443070352,0.5072612166404724,0.8223443031311035,0.2102715373039245
U,True,0.4380733668804168,0.210184708237648,-0.0300069451332092,0.4692389965057373,0.2543030977249145,-0.1796664297580719,0.4699306190013885,0.2789071798324585,0.1465078294277191,0.5016981363296509,0.5003103017807007,-0.0991110131144523,0.4987376928329468,0.5008966326713562,0.0990170761942863,0.4874526560306549,0.67838054895401,-0.043673601001501,0.4882754385471344,0.6671527028083801,0.1499385982751846,0.4962779581546783,0.8469297885894775,0.0304472222924232,0.4959674477577209,0.8213086724281311,0.2339033037424087
U,True,0.4282465577125549,0.2203419804573059,-0.0424605831503868,0.4593652486801147,0.2623744308948517,-0.1748650074005127,0.462332010269165,0.2866106331348419,0.1251534819602966,0.5037314295768738,0.4997721016407013,-0.0919976010918617,0.4965677261352539,0.5016036629676819,0.0919809341430664,0.4966386556625366,0.6774915456771851,-0.0455018915235996,0.4944054782390594,0.6697120666503906,0.1298244446516037,0.4917248487472534,0.8570506572723389,0.0179039388895034,0.4920241832733154,0.8344483375549316,0.2007581740617752
U,True,0.4496940076351166,0.2037332504987716,-0.0485155619680881,0.4765783548355102,0.2581175565719604,-0.1903463751077652,0.4802460968494415,0.276529848575592,0.1287122070789337,0.501557469367981,0.5001533031463623,-0.0980905517935752,0.4987371265888214,0.5011534690856934,0.098013199865818,0.5003231167793274,0.6766179800033569,-0.0551208294928073,0.5044432878494263,0.6696373820304871,0.1546313315629959,0.5080302357673645,0.8456235527992249,-0.0015082191675901,0.510501503944397,0.8187291026115417,0.2415744215250015
U,True,0.4499973058700561,0.2007668018341064,-0.0324362851679325,0.4796607196331024,0.2502065598964691,-0.1803234666585922,0.4787209331989288,0.2701195180416107,0.1378218382596969,0.5044130682945251,0.5011283755302429,-0.0967880859971046,0.4971219599246979,0.4981691539287567,0.0966928675770759,0.5031574964523315,0.6776960492134094,-0.0521411336958408,0.5013245344161987,0.6692115664482117,0.1371861398220062,0.5090795755386353,0.8476704359054565,0.0012308448785915,0.5098644495010376,0.81927490234375,0.208535686135292
U,True,0.4295768141746521,0.2217692732810974,-0.0481601655483245,0.4599981307983398,0.2631054520606994,-0.1856512725353241,0.4606747925281524,0.2809223532676697,0.1246246322989463,0.5049930214881897,0.4994785487651825,-0.0953366383910179,0.495314747095108,0.4995286464691162,0.09530059248209,0.4956892430782318,0.6795639991760254,-0.0414594262838363,0.4936561286449432,0.6716207265853882,0.1381660848855972,0.489562064409256,0.8467473983764648,0.0311382617801427,0.4898940622806549,0.8247299790382385,0.2204598039388656
U,True,0.5360085368156433,0.2127712070941925,-0.0380649119615554,0.5123798251152039,0.2804547250270843,0.1233103945851326,0.5055957436561584,0.2643029987812042,-0.1775113344192505,0.5023196339607239,0.5013502836227417,0.0940499007701873,0.4991003572940826,0.4994188547134399,-0.0941188707947731,0.502372145652771,0.6686811447143555,0.1454747021198272,0.5023244023323059,0.6748147010803223,-0.0403715670108795,0.4979168176651001,0.819715142250061,0.2294743061065673,0.4994118213653564,0.8356568813323975,0.0299003031104803
U,True,0.5483466386795044,0.2069119811058044,-0.030488334596157,0.5185025334358215,0.2729735076427459,0.1307478249073028,0.5222324728965759,0.2552086412906647,-0.1801552325487136,0.5011584162712097,0.4995342493057251,0.0947070345282554,0.500259280204773,0.4992438554763794,-0.0947514697909355,0.5013939738273621,0.6675168871879578,0.154044896364212,0.4996533691883087,0.6753612756729126,-0.0300825461745262,0.4962976574897766,0.8240379095077515,0.2477828711271286,0.4956259727478027,0.842292308807373,0.0490163005888462
U,True,0.5667033195495605,0.2100603580474853,-0.039072923362255,0.5365276336669922,0.2719503343105316,0.1314676851034164,0.5373450517654419,0.2502811253070831,-0.2008063197135925,0.5018474459648132,0.5000250339508057,0.101777970790863,0.4989827871322632,0.500312328338623,-0.1017453372478485,0.5081033706665039,0.6652861833572388,0.1633454263210296,0.5070140361785889,0.6711085438728333,-0.0241328310221433,0.5072680115699768,0.8200615644454956,0.2716187834739685,0.50786954164505,0.8322360515594482,0.0679299607872963
U,True,0.5756461024284363,0.2178461253643036,-0.0382992513477802,0.5460187196731567,0.2837774455547333,0.140324980020523,0.5422047972679138,0.260442852973938,-0.2050209194421768,0.5027337074279785,0.5007287263870239,0.1065257638692855,0.4988857507705688,0.4978454113006592,-0.106478527188301,0.511489987373352,0.6713221669197083,0.1575285941362381,0.5097993016242981,0.6724639534950256,-0.035475805401802,0.5110257863998413,0.8298429250717163,0.2560015916824341,0.5099167227745056,0.8389558792114258,0.0521116741001606
U,True,0.5397081971168518,0.2029724419116974,-0.0353635549545288,0.5190261602401733,0.2838439047336578,0.1369696855545044,0.5156669616699219,0.2556714415550232,-0.184724673628807,0.5031757950782776,0.5021483302116394,0.0951184704899787,0.497189462184906,0.4977698922157287,-0.0951220840215683,0.5045323967933655,0.6683676242828369,0.1431206464767456,0.5011591911315918,0.6747004985809326,-0.0434523113071918,0.4968305230140686,0.824959397315979,0.2351235002279281,0.4944319128990173,0.8413034081459045,0.0299434605985879
U,True,0.5567838549613953,0.2069049179553985,-0.0305426493287086,0.5313866138458252,0.2754042148590088,0.1261685192584991,0.5270443558692932,0.2504407167434692,-0.1806595027446746,0.5034381747245789,0.499704360961914,0.0925991982221603,0.497839868068695,0.5001965165138245,-0.0925942361354827,0.5046284198760986,0.6669527292251587,0.155293732881546,0.5044589042663574,0.6782042980194092,-0.0208591371774673,0.4975600242614746,0.8135223984718323,0.2569782733917236,0.4984008371829986,0.8378796577453613,0.0653171017765998
U,True,0.534625232219696,0.2127353399991989,-0.0323452576994895,0.509699285030365,0.2831236720085144,0.1286011487245559,0.5016418099403381,0.2683936655521393,-0.1764734387397766,0.5032042860984802,0.5015503168106079,0.095332533121109,0.4976128041744232,0.4988969564437866,-0.0953905507922172,0.5032074451446533,0.6692922711372375,0.127060979604721,0.5024219155311584,0.6716554760932922,-0.0575258582830429,0.4992916285991668,0.8320366740226746,0.1937974691390991,0.4992323219776153,0.8412414789199829,-0.0013209002790972
U,True,0.5702677965164185,0.2304421216249466,-0.0142361279577016,0.5379278063774109,0.2901418805122375,0.1496429443359375,0.5360706448554993,0.2596466541290283,-0.1744488328695297,0.5015398263931274,0.5015841126441956,0.0986221805214881,0.5001094341278076,0.4992902278900146,-0.098617598414421,0.5050514936447144,0.6719130873680115,0.1325160712003708,0.5054922699928284,0.6761693954467773,-0.0508792400360107,0.5046953558921814,0.8296204805374146,0.2069419026374817,0.5060350298881531,0.8424205183982849,0.0115998843684792
U,True,0.5497247576713562,0.2166745513677597,-0.0355132408440113,0.5264766812324524,0.2891325950622558,0.1311217099428177,0.5179731845855713,0.2574130892753601,-0.1798881441354751,0.5038183331489563,0.5007219314575195,0.0938520431518554,0.4964685440063476,0.4981957077980041,-0.09388367831707,0.5033707022666931,0.6679502725601196,0.1319894194602966,0.4995664060115814,0.6755661368370056,-0.0503450483083725,0.4973969459533691,0.8241747617721558,0.2123698890209198,0.494901031255722,0.8454594612121582,0.0101306838914752
U,True,0.5860353708267212,0.2374017983675003,-0.043702021241188,0.5592235922813416,0.2951795756816864,0.1310670375823974,0.5520419478416443,0.2680748105049133,-0.2025900334119796,0.505029022693634,0.4997495710849762,0.1035874038934707,0.4959164261817932,0.49941086769104,-0.1033833771944046,0.5387657284736633,0.641697883605957,0.1264811158180236,0.5381773710250854,0.6463683843612671,-0.0722134187817573,0.5270208120346069,0.7920758128166199,0.2128220051527023,0.5236098170280457,0.8099405765533447,-0.0023445887491106
U,True,0.5569802522659302,0.2078073769807815,-0.0408715642988681,0.5364505052566528,0.2959563732147217,0.1553507596254348,0.5270264744758606,0.2569189369678497,-0.1959892362356186,0.5031265616416931,0.5047122240066528,0.1067010462284088,0.4970991015434265,0.4954524040222168,-0.1066376641392707,0.5182914733886719,0.6691075563430786,0.1283861547708511,0.5193480253219604,0.6710489988327026,-0.0624829344451427,0.5196468234062195,0.8299180269241333,0.2117409855127334,0.521016538143158,0.8414708375930786,0.0031495599541813
U,True,0.5230485200881958,0.2006947547197342,-0.0371939800679683,0.5095810294151306,0.2903077304363251,0.1397384405136108,0.4992677271366119,0.2663652002811432,-0.1861881166696548,0.5039107203483582,0.5006411671638489,0.0992598012089729,0.497545838356018,0.497985303401947,-0.0993025749921798,0.5053054690361023,0.6705728769302368,0.1378709226846695,0.5014163851737976,0.6771796941757202,-0.0558446235954761,0.5024476647377014,0.8310713768005371,0.2192150652408599,0.4999143481254577,0.8440929651260376,0.0099198883399367
U,True,0.5332462191581726,0.2173542380332946,-0.0295672677457332,0.5100125074386597,0.2851838767528534,0.1246152594685554,0.5017338991165161,0.2717699408531189,-0.1656683981418609,0.5035171508789062,0.4998789727687835,0.0927439555525779,0.4977127313613891,0.4991316199302673,-0.0928039252758026,0.5030290484428406,0.6660110950469971,0.1245584264397621,0.5031781196594238,0.6728528141975403,-0.0603047423064708,0.4981938302516937,0.8217558860778809,0.1847218573093414,0.5007737278938293,0.8407864570617676,-0.0153899164870381
U,True,0.5302181839942932,0.2055897414684295,-0.0374301373958587,0.5131593346595764,0.287854939699173,0.1414970308542251,0.5016601085662842,0.2618727385997772,-0.1868978440761566,0.5045967102050781,0.5017328262329102,0.0989925935864448,0.4967379868030548,0.4992956817150116,-0.0990630164742469,0.5099846124649048,0.6726511120796204,0.1392209380865097,0.5067341327667236,0.6799100041389465,-0.0533003062009811,0.5069633722305298,0.833333432674408,0.2209719121456146,0.5052621364593506,0.8508886098861694,0.0120479157194495
U,True,0.5676960349082947,0.2096116095781326,-0.0706798434257507,0.5420691967010498,0.2876726686954498,0.1226198226213455,0.5358387231826782,0.2593570351600647,-0.2198606133460998,0.5070177912712097,0.5021156072616577,0.1039563119411468,0.4935267269611358,0.4967829585075378,-0.103892371058464,0.5212773680686951,0.6634076237678528,0.1580618321895599,0.516983151435852,0.667805016040802,-0.0304768495261669,0.5166396498680115,0.8229209184646606,0.2667340338230133,0.5144065022468567,0.8323391675949097,0.0620916485786438
U,True,0.5363649725914001,0.1908164322376251,-0.0528690330684185,0.5226317644119263,0.2818149030208587,0.1281972378492355,0.5087374448776245,0.249447613954544,-0.1932657063007354,0.5074642300605774,0.5029619336128235,0.0955426320433616,0.493514209985733,0.498338520526886,-0.0955551192164421,0.5133976936340332,0.6661084890365601,0.1461322903633117,0.5091098546981812,0.6744162440299988,-0.0350213311612606,0.5153850317001343,0.8250264525413513,0.2451342791318893,0.51528400182724,0.8433102369308472,0.0449810214340686
U,True,0.5091110467910767,0.1841604113578796,-0.0376890450716018,0.5014535188674927,0.2722780406475067,0.1450749188661575,0.4904831945896148,0.2489282041788101,-0.1891083568334579,0.5027830600738525,0.4978907704353332,0.0986773520708084,0.498154729604721,0.5007462501525879,-0.0987284481525421,0.5083243250846863,0.6624627709388733,0.1535833925008773,0.5070021748542786,0.6739005446434021,-0.0449555963277816,0.5095251202583313,0.8184552788734436,0.2538841962814331,0.5095202326774597,0.8447936177253723,0.0322945192456245
U,True,0.5319507718086243,0.1910862326622009,-0.0434395186603069,0.5103009343147278,0.2754156291484833,0.1317584216594696,0.5073227882385254,0.2517692744731903,-0.1930411905050277,0.5017714500427246,0.499251514673233,0.097206138074398,0.4987520277500152,0.5003611445426941,-0.0972544029355049,0.5092043280601501,0.6606892347335815,0.1703497767448425,0.5089703798294067,0.6754226684570312,-0.0240104384720325,0.5101762413978577,0.8112654685974121,0.2806258201599121,0.5100579857826233,0.839889407157898,0.0671689882874488
U,True,0.5353660583496094,0.2098448276519775,-0.0304295383393764,0.5070065855979919,0.2759431302547455,0.1258298307657241,0.5054055452346802,0.2648331820964813,-0.1730862408876419,0.5009625554084778,0.4990425109863281,0.0942581817507743,0.4995073974132538,0.4995675683021545,-0.0943441465497016,0.5044084787368774,0.6636214852333069,0.1365069597959518,0.5051077604293823,0.6710161566734314,-0.0527316145598888,0.4985987246036529,0.8186212182044983,0.2132104486227035,0.5009193420410156,0.8367722630500793,0.0029310781974345
U,True,0.5695016384124756,0.2083728313446045,-0.0298145227134227,0.5458492636680603,0.2898626923561096,0.1366517692804336,0.5403106212615967,0.259716659784317,-0.1830145120620727,0.5033894181251526,0.5016406774520874,0.0969958156347274,0.4972588717937469,0.4990273714065552,-0.0969304293394088,0.5014433264732361,0.6703872680664062,0.1399624794721603,0.5001568794250488,0.6798177361488342,-0.0382971540093421,0.5020347237586975,0.8258814811706543,0.2298616468906402,0.502444863319397,0.8458203077316284,0.0359288565814495
U,True,0.5520197153091431,0.2029922008514404,-0.0394663289189338,0.5304206013679504,0.2806093096733093,0.1263912320137024,0.5247809290885925,0.2544520497322082,-0.1842027902603149,0.5026153922080994,0.5012252926826477,0.0941870734095573,0.4980330765247345,0.5002145171165466,-0.0941767543554306,0.5031589865684509,0.667924165725708,0.1455942839384079,0.5014185905456543,0.6792526245117188,-0.0340891033411026,0.4986636340618133,0.8248183727264404,0.2401974499225616,0.4978978335857391,0.850403904914856,0.0393867380917072
U,True,0.5699567198753357,0.2293280065059662,-0.0359538607299327,0.5376310348510742,0.278595894575119,0.1378348916769027,0.5373787879943848,0.2560127377510071,-0.1974979937076568,0.5028005838394165,0.499160885810852,0.1019709110260009,0.4980692863464355,0.4998319745063782,-0.1019432544708252,0.5038704872131348,0.6679509878158569,0.1433984637260437,0.5026654601097107,0.6749546527862549,-0.0454991273581981,0.5004445314407349,0.8260757923126221,0.2378583252429962,0.4998772144317627,0.8425764441490173,0.0262456871569156
U,True,0.5460461974143982,0.1952096372842788,-0.0629176646471023,0.5336564779281616,0.2759614884853363,0.1115662753582,0.5146707892417908,0.2476516664028167,-0.1884362399578094,0.5101263523101807,0.5034468770027161,0.0892316922545433,0.490406185388565,0.4978106319904327,-0.0891886427998542,0.5084208250045776,0.6627939939498901,0.1361162811517715,0.5002484917640686,0.6721982359886169,-0.0352938994765281,0.5042811632156372,0.8157204389572144,0.2347874492406845,0.500436544418335,0.8365413546562195,0.0482256412506103
U,True,0.5465341210365295,0.1954821795225143,-0.0422797203063964,0.5260428190231323,0.2746360003948211,0.1216764822602272,0.5193549990653992,0.2456119507551193,-0.1830220073461532,0.5057671070098877,0.5005314946174622,0.0902328118681907,0.4955714344978332,0.4981874525547027,-0.0902462527155876,0.5024477243423462,0.6636446714401245,0.1499040871858596,0.4983188509941101,0.6740068793296814,-0.0238777250051498,0.4963257312774658,0.8168224096298218,0.253975361585617,0.4937437772750854,0.8394762873649597,0.059277668595314
U,True,0.5593644380569458,0.2023939937353134,-0.0421305634081363,0.5379232168197632,0.2820737361907959,0.1171039044857025,0.5277459025382996,0.2513205707073211,-0.182543471455574,0.5050579905509949,0.5013972520828247,0.0898797884583473,0.4954285621643066,0.4997980296611786,-0.0898330807685852,0.5136666297912598,0.664304792881012,0.141470268368721,0.5120869278907776,0.6720340847969055,-0.0241866074502468,0.5065694451332092,0.8192917704582214,0.2415270954370498,0.5040386319160461,0.8356879353523254,0.0579003095626831
U,True,0.5711934566497803,0.2132079005241394,-0.0377348251640796,0.5474775433540344,0.2896879613399505,0.1428838223218917,0.5389675498008728,0.2574844360351562,-0.1974873095750808,0.5059155225753784,0.5024709701538086,0.1056030541658401,0.4949929118156433,0.4963000416755676,-0.1054949685931205,0.5102643370628357,0.6699537634849548,0.1299931108951568,0.5081611275672913,0.673149824142456,-0.0613749995827674,0.5107722282409668,0.8317446112632751,0.2032580971717834,0.5103808641433716,0.8459615707397461,-0.0022304246667772
U,True,0.5475836992263794,0.2054661959409713,-0.036825455725193,0.5266791582107544,0.2825851440429687,0.1352242231369018,0.514112114906311,0.254025399684906,-0.1839861422777176,0.5047272443771362,0.5008803606033325,0.0955436304211616,0.4952782392501831,0.498933732509613,-0.095560997724533,0.5012868642807007,0.6650351285934448,0.1384564489126205,0.4993310570716858,0.6754533052444458,-0.0515165403485298,0.4934847950935364,0.8208783864974976,0.2233317345380783,0.492432177066803,0.8454080820083618,0.0090872319415211
U,True,0.5482740998268127,0.2029385715723037,-0.0323099084198474,0.5258564949035645,0.2759475409984588,0.1346401274204254,0.5173933506011963,0.2516759932041168,-0.1799982488155365,0.503172755241394,0.5011230707168579,0.0950584933161735,0.4971871972084045,0.4992540180683136,-0.0950963348150253,0.5013688802719116,0.6653205156326294,0.1429677158594131,0.4994163513183594,0.6749311089515686,-0.0465950444340705,0.4934196472167969,0.8239433169364929,0.2269214838743209,0.4920212626457214,0.844169020652771,0.0171854346990585
U,True,0.570890486240387,0.215711161494255,-0.0283863451331853,0.5395041704177856,0.2747599184513092,0.1381972581148147,0.5420362949371338,0.2605452835559845,-0.1900824010372162,0.5018813610076904,0.5001024603843689,0.1028084978461265,0.498530775308609,0.5011292695999146,-0.1028180718421936,0.5077530741691589,0.6706070303916931,0.1559912413358688,0.5066081881523132,0.677279531955719,-0.0312572866678237,0.50990229845047,0.8295234441757202,0.2518184781074524,0.5105075240135193,0.8434037566184998,0.0535124465823173
U,True,0.4361577928066253,0.1765745133161544,-0.0456732884049415,0.4723033607006073,0.225955069065094,-0.2119345963001251,0.4765552580356598,0.2438047677278518,0.146730437874794,0.5011438131332397,0.5016123056411743,-0.1126221120357513,0.4990833699703216,0.4982995390892029,0.1125027239322662,0.4636460244655609,0.6772335171699524,-0.0478475205600261,0.4668173789978027,0.6634106636047363,0.2076991647481918,0.4935984909534454,0.8519995212554932,0.0445290878415107,0.490820437669754,0.8235016465187073,0.3369591832160949
U,True,0.4670816659927368,0.1661934852600097,-0.0183242112398147,0.5019797682762146,0.2348538190126419,-0.1578515619039535,0.4928127229213714,0.2481838762760162,0.1295756995677948,0.5083149075508118,0.4996200799942016,-0.0863660350441932,0.4930101335048675,0.4996465444564819,0.0861849635839462,0.5109269618988037,0.6913096904754639,-0.0474143847823143,0.5006168484687805,0.6847099661827087,0.1253383010625839,0.5091736912727356,0.8820360898971558,-0.0101895686239004,0.5060214400291443,0.853999137878418,0.1907857954502105
U,True,0.4721180498600006,0.1579470783472061,-0.026604039594531,0.5074331760406494,0.2294244915246963,-0.1792855560779571,0.4967148602008819,0.2456293404102325,0.1361343711614608,0.5063950419425964,0.4994553327560425,-0.0948892533779144,0.4940312802791595,0.5008084774017334,0.0947330370545387,0.5075766444206238,0.6987921595573425,-0.0507549718022346,0.4998073279857635,0.6922920346260071,0.1491745710372924,0.5086680054664612,0.8810364603996277,-0.0040839365683496,0.5052244663238525,0.8549053072929382,0.2317046076059341
U,True,0.4635015428066253,0.1569054871797561,-0.0277317836880683,0.498058408498764,0.219587966799736,-0.1943021267652511,0.4978878200054168,0.2442651987075805,0.1519555449485778,0.5030648708343506,0.4992813766002655,-0.1057529896497726,0.4978334605693817,0.5008556842803955,0.1056493744254112,0.4995402991771698,0.6952686905860901,-0.0683037266135215,0.4994567334651947,0.6884071826934814,0.1860195100307464,0.5055631399154663,0.8841077089309692,-0.0345644503831863,0.5062223672866821,0.8491758704185486,0.2882431745529175
U,True,0.4343478381633758,0.1656843274831771,-0.0624337270855903,0.4740675687789917,0.2199043780565261,-0.2114335745573043,0.4709560871124267,0.2388711869716644,0.1245582178235054,0.5042284727096558,0.5015107989311218,-0.1054565235972404,0.4964884519577026,0.497829407453537,0.105274461209774,0.4714100360870361,0.6869176030158997,-0.0340407788753509,0.4671849012374878,0.6666408181190491,0.2005074769258499,0.4728060364723205,0.8673043847084045,0.0558863319456577,0.4724938869476318,0.8350503444671631,0.3205170631408691
U,True,0.4171026647090912,0.1752049177885055,-0.0419797152280807,0.4511328339576721,0.2305494844913482,-0.187548279762268,0.4521767199039459,0.2505452930927276,0.1402211934328079,0.5044590830802917,0.5003595948219299,-0.1025680303573608,0.49606654047966,0.4994642436504364,0.1024741232395172,0.4713050425052643,0.69588303565979,-0.0484719909727573,0.4687086641788482,0.6751921772956848,0.1626082062721252,0.4713486731052398,0.8797292113304138,0.0217812377959489,0.4720431864261627,0.8471490144729614,0.2507670223712921
U,True,0.4468565285205841,0.1109449416399002,-0.0662367045879364,0.4826467931270599,0.1888102740049362,-0.2367302179336547,0.478664368391037,0.2074633985757827,0.1415082365274429,0.5041931867599487,0.5004869103431702,-0.1194686144590377,0.4959566295146942,0.4992156326770782,0.1193131878972053,0.5073457360267639,0.7237459421157837,-0.0651028752326965,0.503798246383667,0.7094305753707886,0.2133030742406845,0.4981049597263336,0.9260044693946838,-0.009711779654026,0.4998463094234466,0.8774904012680054,0.345851331949234
U,True,0.4411693215370178,0.1659609675407409,-0.0556186027824878,0.4757505357265472,0.2252127975225448,-0.204319030046463,0.4701632559299469,0.2505564391613006,0.1314716786146164,0.5055261850357056,0.4984753429889679,-0.1038374751806259,0.4948770105838775,0.5010004639625549,0.1037509590387344,0.5024245977401733,0.69255530834198,-0.0552372932434082,0.4973966181278229,0.6893734931945801,0.175705537199974,0.4899853765964508,0.8836615681648254,0.0024437415413558,0.4925843775272369,0.8565411567687988,0.2786218225955963
U,True,0.4427611231803894,0.1725407540798187,-0.0198969058692455,0.477150410413742,0.2325091361999511,-0.1676858514547348,0.4732669293880462,0.2588994801044464,0.1561247259378433,0.5047914385795593,0.4979671835899353,-0.1001893356442451,0.4957080781459808,0.5024235844612122,0.1000717356801033,0.5047113299369812,0.6986086368560791,-0.0632612034678459,0.4989978969097137,0.6964459419250488,0.1465608775615692,0.4913729131221771,0.8886724710464478,-0.0162182617932558,0.4929184019565582,0.8634722232818604,0.2229600548744201
U,True,0.432652860879898,0.1679848283529281,-0.0414820499718189,0.4676919877529144,0.2286173403263092,-0.1914006918668747,0.4648124873638153,0.2529981136322021,0.1407959908246994,0.5047304034233093,0.4981526732444763,-0.1042128205299377,0.4956325590610504,0.5012950897216797,0.104113645851612,0.4987840950489044,0.6946468353271484,-0.0604982450604438,0.4930201470851898,0.6876869797706604,0.1724575757980346,0.4885986745357513,0.8880982398986816,-0.0094988085329532,0.4899817407131195,0.8536554574966431,0.2703541815280914
U,True,0.4529876112937927,0.113904669880867,-0.0594994910061359,0.490278035402298,0.1938630491495132,-0.2264411896467209,0.4846822917461395,0.2141894549131393,0.1377945691347122,0.5067518949508667,0.4992029964923858,-0.1140361279249191,0.4935220181941986,0.5006683468818665,0.1138666421175003,0.5103724002838135,0.7135790586471558,-0.0750943571329116,0.5033690333366394,0.706396758556366,0.2173486799001693,0.5074218511581421,0.9200060367584229,-0.0380742363631725,0.5064679980278015,0.8799011707305908,0.3523663282394409
U,True,0.4609441459178924,0.1209583282470703,-0.0368851907551288,0.4953888356685638,0.1950747370719909,-0.1998264640569687,0.4913888275623321,0.2167339324951172,0.1461526602506637,0.505424439907074,0.4999388456344604,-0.1070133447647094,0.4956962168216705,0.5001059174537659,0.106823943555355,0.5025341510772705,0.7237177491188049,-0.0649713352322578,0.4988391697406769,0.7105543613433838,0.1793919503688812,0.4956683814525604,0.9146479964256288,-0.0223940704017877,0.4982568323612213,0.8769915699958801,0.2836049497127533
U,True,0.4514153301715851,0.1402789801359176,-0.0271824225783348,0.4907611310482025,0.2047048956155777,-0.1851674914360046,0.4847859442234039,0.232575923204422,0.1517674326896667,0.5064776539802551,0.4993777573108673,-0.1012408211827278,0.4950736761093139,0.5012896656990051,0.1010039448738098,0.4894335567951202,0.699437141418457,-0.0596014782786369,0.4851950109004974,0.6870297193527222,0.1730792075395584,0.507350742816925,0.8910454511642456,-0.0155631974339485,0.5012374520301819,0.8579347133636475,0.2698094248771667
U,True,0.5667980909347534,0.1790235638618469,-0.024888401851058,0.5324069261550903,0.2539691030979156,0.1397342234849929,0.5280392169952393,0.2285777330398559,-0.1908280849456787,0.5028613209724426,0.4975836873054504,0.1057951748371124,0.4982384741306305,0.5015261173248291,-0.1057832390069961,0.5365344882011414,0.6642088890075684,0.1517887562513351,0.5408938527107239,0.6796145439147949,-0.0640511363744735,0.5112503170967102,0.8291038274765015,0.2419721186161041,0.5092408657073975,0.8546308875083923,0.0079920580610632
U,True,0.5316338539123535,0.1629178673028946,-0.0359598770737648,0.510287344455719,0.2467952370643615,0.1354355812072754,0.4983859658241272,0.2246014028787613,-0.1915440261363983,0.5094677805900574,0.5024040341377258,0.0965991988778114,0.4914056360721588,0.4974445402622223,-0.0967108085751533,0.5016462206840515,0.6809969544410706,0.1668521612882614,0.4892751574516296,0.6863275766372681,-0.0272815711796283,0.4986110329627991,0.8509480357170105,0.2779604196548462,0.490934818983078,0.879912793636322,0.0505791679024696
U,True,0.5280739068984985,0.1537883281707763,-0.0272665694355964,0.5020925998687744,0.2466099709272384,0.139481708407402,0.4954038560390472,0.2176624834537506,-0.1891980767250061,0.5067495107650757,0.5018870830535889,0.098206527531147,0.4933439195156097,0.4989714324474334,-0.0983192846179008,0.5021680593490601,0.6850155591964722,0.1739045530557632,0.4897668361663818,0.6950271725654602,-0.0200100895017385,0.4971190989017486,0.847848653793335,0.2887410223484039,0.4891724586486816,0.876750111579895,0.0686031356453895
U,True,0.5344468355178833,0.1580287665128708,-0.045022964477539,0.51047682762146,0.2462241798639297,0.1178202331066131,0.4946163892745971,0.2195532768964767,-0.1958010196685791,0.5115660429000854,0.5009828209877014,0.0925335213541984,0.4900942146778106,0.4982979297637939,-0.0926278084516525,0.5093643665313721,0.6720516681671143,0.1709010601043701,0.4911481738090515,0.6870725750923157,-0.0072363088838756,0.5001247525215149,0.8468519449234009,0.2893734276294708,0.4911063313484192,0.8717446327209473,0.0838844031095504
U,True,0.5631805062294006,0.1713037639856338,-0.0360386371612548,0.5330159068107605,0.2555873692035675,0.1321420222520828,0.520954966545105,0.2264453619718551,-0.1997221708297729,0.5079464316368103,0.5013660192489624,0.1040736883878707,0.4927427470684051,0.4991340637207031,-0.1040629222989082,0.53594571352005,0.6714759469032288,0.1426101475954055,0.5244607329368591,0.6812182664871216,-0.0512994565069675,0.5250954627990723,0.8409122824668884,0.2316935658454895,0.5168417096138,0.8612408638000488,0.0167052969336509
U,True,0.5815545916557312,0.1743702888488769,-0.0517194308340549,0.5543007254600525,0.2664600014686584,0.1458002179861068,0.5455257892608643,0.2295350730419159,-0.2258789390325546,0.5059279203414917,0.5027074217796326,0.1168073117733001,0.4941307008266449,0.4977511763572693,-0.1166936978697776,0.5296131372451782,0.6720603108406067,0.1463434249162674,0.5214425921440125,0.6800689101219177,-0.0590029321610927,0.5308420062065125,0.8584602475166321,0.2367124110460281,0.5257424712181091,0.880301833152771,0.0128732929006218
U,True,0.5530083775520325,0.1096028015017509,-0.0717336684465408,0.5242366194725037,0.2115915864706039,0.1233846768736839,0.5137644410133362,0.1898062080144882,-0.242807850241661,0.508741021156311,0.5016614198684692,0.113177441060543,0.4921734631061554,0.498919814825058,-0.1132888942956924,0.5003630518913269,0.7014941573143005,0.2182359099388122,0.4897907674312591,0.7184610962867737,-0.0116638280451297,0.5028573274612427,0.8840136528015137,0.3608385026454925,0.4979004859924316,0.9236323833465576,0.0975006073713302
U,True,0.5569955110549927,0.1610435247421264,-0.046092614531517,0.5320775508880615,0.2558852434158325,0.1255444884300232,0.5225478410720825,0.2254623621702194,-0.2008088827133178,0.5070717930793762,0.502477765083313,0.0991133823990821,0.4937101304531097,0.4976401627063751,-0.0991649702191352,0.5071026682853699,0.6811516284942627,0.1553292423486709,0.4972763657569885,0.6904919743537903,-0.0313952602446079,0.5092438459396362,0.8525241613388062,0.2542022466659546,0.5058625936508179,0.8822009563446045,0.0444918572902679
U,True,0.557624340057373,0.1645265072584152,-0.0467502363026142,0.5321530699729919,0.2575810551643371,0.1340958923101425,0.5229790806770325,0.2273612171411514,-0.2077212184667587,0.5084267854690552,0.5033358931541443,0.1037213578820228,0.4930478930473327,0.4976333081722259,-0.1037768870592117,0.5076748728752136,0.6821371912956238,0.1606056541204452,0.4961480796337127,0.6899448037147522,-0.0356914773583412,0.5094600319862366,0.8560613989830017,0.2594475150108337,0.506359875202179,0.8844980597496033,0.0409230291843414
U,True,0.5645933747291565,0.1683698147535324,-0.0528509840369224,0.538083016872406,0.260840505361557,0.1303458958864212,0.527533233165741,0.225540205836296,-0.2095633298158645,0.5076442360877991,0.5028940439224243,0.1045610979199409,0.4930057227611542,0.497017353773117,-0.1045902967453002,0.5089848637580872,0.6853176355361938,0.1503972262144088,0.4995120763778686,0.6918103098869324,-0.046576652675867,0.5112751722335815,0.8536770939826965,0.2449927031993866,0.505535900592804,0.8820305466651917,0.0255743749439716
U,True,0.5474567413330078,0.1191694810986518,-0.0480130761861801,0.5170485377311707,0.2192634642124176,0.1415898650884628,0.5099420547485352,0.1896829605102539,-0.2232296019792556,0.5072184801101685,0.5013618469238281,0.1090621724724769,0.4932740330696106,0.4975229203701019,-0.1091737523674964,0.4996172189712524,0.70088130235672,0.1945903003215789,0.4893399178981781,0.7166193723678589,-0.023737359791994,0.4969533383846283,0.8815671801567078,0.3243704736232757,0.4902911782264709,0.9232775568962096,0.0714124366641044
U,True,0.5378299951553345,0.1257655024528503,-0.0585808046162128,0.511501133441925,0.2243610620498657,0.1341381222009658,0.5048624873161316,0.1945571005344391,-0.2139689177274704,0.5078679323196411,0.5020759701728821,0.1054611951112747,0.4936271905899048,0.4982577264308929,-0.1055822670459747,0.5063861608505249,0.6953868865966797,0.1983474344015121,0.4951440393924713,0.7109273076057434,-0.0106818908825516,0.506034255027771,0.8708419799804688,0.3335020244121551,0.5003886222839355,0.9099406599998474,0.0922238156199455
U,True,0.5507228374481201,0.133483737707138,-0.0528261587023735,0.5243256092071533,0.2365991324186325,0.1260558813810348,0.5090062022209167,0.2031847536563873,-0.219922587275505,0.50626140832901,0.5008578896522522,0.1021333634853363,0.4942894279956817,0.4979638159275055,-0.102180540561676,0.5198336839675903,0.6836794018745422,0.2071605026721954,0.5141477584838867,0.6958531141281128,0.0097197471186518,0.4994449317455292,0.8512884378433228,0.3530022501945495,0.4953679740428924,0.8878912329673767,0.1295042634010315
